Sector 26:
[197, 288], [198, 288], [199, 288], [196, 289], 
[197, 289], [198, 289], [199, 289], [195, 290], 
[196, 290], [197, 290], [198, 290], [199, 290], 
[200, 290], [195, 291], [196, 291], [197, 291], 
[198, 291], [199, 291], [200, 291], [196, 292], 
[197, 292], [198, 292], [199, 292], [200, 292], 
[197, 293], [198, 293]

Sector 40:
[1060, 396],[1061, 396],[1062, 396],[1063, 396],
[1064, 396],[1060, 397],[1061, 397],[1062, 397],
[1063, 397],[1064, 397],[1065, 397],[1060, 398],
[1061, 398],[1062, 398],[1063, 398],[1064, 398],
[1065, 398],[1060, 399],[1061, 399],[1062, 399],
[1063, 399],[1064, 399],[1065, 399],[1060, 400],
[1061, 400],[1062, 400],[1063, 400],[1064, 400]

Sector 52:
[1856, 624], [1857, 624], [1858, 624], [1859, 624], 
[1860, 624], [1855, 625], [1856, 625], [1857, 625], 
[1858, 625], [1859, 625], [1860, 625], [1856, 626], 
[1857, 626], [1858, 626], [1859, 626], [1860, 626], 
[1856, 627], [1857, 627], [1858, 627], [1859, 627], 
[1856, 628], [1857, 628], [1858, 628], [1859, 628], 
[1858, 629]

Sector 53:
[2064, 284], [2065, 284], [2066, 284], [2064, 285], 
[2065, 285], [2066, 285], [2067, 285], [2063, 286], 
[2064, 286], [2065, 286], [2066, 286], [2067, 286], 
[2068, 286], [2063, 287], [2064, 287], [2065, 287], 
[2066, 287], [2067, 287], [2068, 287], [2063, 288], 
[2064, 288], [2065, 288], [2066, 288], [2067, 288], 
[2068, 288], [2065, 289], [2066, 289]

Sector 54:
[96, 1920], [97, 1920], [98, 1920], [99, 1920], 
[95, 1921], [96, 1921], [97, 1921], [98, 1921], 
[99, 1921], [100, 1921], [95, 1922], [96, 1922], 
[97, 1922], [98, 1922], [99, 1922], [100, 1922], 
[95, 1923], [96, 1923], [97, 1923], [98, 1923], 
[99, 1923], [100, 1923], [96, 1924], [97, 1924], 
[98, 1924], [99, 1924], [98, 1925], [99, 1925]