Sector 01:
[1432, 1150], [1433, 1150], [1430, 1151], [1431, 1151], 
[1432, 1151], [1433, 1151], [1434, 1151], [1430, 1152], 
[1431, 1152], [1432, 1152], [1433, 1152], [1434, 1152], 
[1435, 1152], [1430, 1153], [1431, 1153], [1432, 1153], 
[1433, 1153], [1434, 1153], [1431, 1154], [1432, 1154], 
[1433, 1154], [1434, 1154]

Sector 28:
[684, 1190], [683, 1191], [684, 1191], [685, 1191], [686, 1191], 
[682, 1192], [683, 1192], [684, 1192], [685, 1192], [686, 1192], 
[682, 1193], [683, 1193], [684, 1193], [685, 1193], [686, 1193], 
[682, 1194], [683, 1194], [684, 1194], [685, 1194], [686, 1194], 
[683, 1195], [684, 1195], [685, 1195]