-0.2742340551879742 1.000200546300993 0.0010540212791630725
-0.27373142430468456 0.9997705818863521 0.001051603064284517
-0.2734067055680498 0.9991472037532809 0.0010937084206701028
-0.27284519299323184 0.9985340812990265 0.0010538183973377883
-0.2723425658338689 1.0003834827529317 0.0010517867281143044
-0.27201783440796135 0.9990485449484435 0.0010940935476727615
-0.2714563309135385 0.9992761474959851 0.0010538224967417999
-0.27095370724754336 0.998733032752933 0.0010506222751830452
-0.27062896324832764 1.001674986569235 0.0010952778771145483
-0.2700674687178825 1.0007994428089768 0.0010544636565348105
-0.2695648487776331 0.9998346680087127 0.001051362267589053
-0.269240092205564 1.002736526181643 0.0010953844491777011
-0.26867860652222925 0.9982105552039519 0.0010536760245290918
-0.2681759901913103 1.0002300591192335 0.001051210416793815
-0.2678512210459303 1.000666808435973 0.0010944852351965906
-0.26728974432521246 0.9995850745030784 0.001054498696498503
-0.2667871317204919 1.0003715487360012 0.0010517181068933317
-0.2664623498862966 1.0018970977920236 0.0010949029521684609
-0.2659008822459718 1.0012892719087445 0.0010545295054640031
-0.2653982731337136 0.997954952575259 0.001050349478425891
-0.26507347884353294 1.0003774980639368 0.0010949703016778101
-0.2645120200512294 0.9992003583462307 0.0010539184440734642
-0.2640094146642588 1.0020530003808474 0.001051840083951838
-0.26368460768389923 0.9973766553616368 0.0010940472099823576
-0.2631231579724442 1.0010481693143787 0.0010549389879079799
-0.26262055619435126 1.0007604036969995 0.0010506390733615529
-0.2622957365238108 0.9988397260447055 0.0010940948176496096
-0.2617342957763355 1.0001671810393107 0.0010542309927267907
-0.26123169760711484 0.9987064855122563 0.001051139766973094
-0.26090686548104713 0.9991414485173075 0.0010944504739689932
-0.26034543369709756 0.9995036567113227 0.0010545409803146355
-0.2598428391367519 1.0003739423790197 0.001051191191466604
-0.2595179943214134 1.0018682921392381 0.0010945912531686046
-0.25895657150189705 0.9998736909135626 0.0010545835891787431
-0.25845398055042906 0.9997803030149507 0.001051182540367384
-0.2581291231608702 0.9993898035081471 0.0010943968679570076
-0.2575677094231145 1.0009064721419791 0.001054471177452438
-0.2570651220805188 0.9992027294119891 0.0010514304833512545
-0.25674025211765183 1.0006613147217978 0.0010950987991589097
-0.2561788472274613 1.0012734850568379 0.0010541210658865563
-0.25567626349464867 1.0000861904740332 0.0010511954372128026
-0.2553513809584729 1.0017425378044524 0.0010952479264452729
-0.25478998514822065 0.9986861314564475 0.0010535218483227516
-0.254287405023833 0.9995148508453958 0.0010514735181745255
-0.25396250979883916 0.9984897036300394 0.0010935996570543732
-0.25340112306943813 1.0014980110331593 0.00105455954762176
-0.2528985464365966 0.9984937962682414 0.0010505492589138463
-0.25257363875516603 0.9997115844355489 0.001094158084890553
-0.2520122608742376 1.0042435840237482 0.0010557356475025
-0.25150968796578094 1.0008232253264884 0.0010514006156604758
-0.25118476759598707 0.9998696534522167 0.0010938158866187677
-0.2506233987949997 1.00170078383588 0.0010545151467867496
-0.2501208294958707 0.9983030928750705 0.001050651730631269
-0.2497958964368081 1.001628380474835 0.0010950132276486273
-0.24923453671530632 0.9996569103195274 0.001054077760578936
-0.248731970908637 1.0024523063959536 0.0010523981771268602
-0.24840702539313497 1.0000547134048676 0.0010947783115869403
-0.24784567463697654 1.0004392711768988 0.001054464544330041
-0.24734311243872947 1.002596606202374 0.0010522232367703949
-0.247018154233956 0.9987901187388197 0.0010942017312208846
-0.24645681244132328 0.9992549052369841 0.0010542978097482396
-0.24595425396881923 1.0002248403258158 0.0010512422435452289
-0.24562928319119237 0.9970254666590853 0.001093577989065683
-0.24506795036162993 0.9996016469945234 0.0010543847921246833
-0.2445653953824937 1.0009268828328306 0.0010516589159318462
-0.24424041203155866 1.00104461855151 0.0010951963313733772
-0.24367908828193657 0.9995554707546831 0.0010536001379292017
-0.24317653691258614 1.0016957239729258 0.0010517575397920535
-0.24285154087192495 1.0016019149547428 0.0010953263374225597
-0.24229022620269866 1.00072092150191 0.0010545649444992343
-0.24178767832535245 0.9998390705669603 0.001051192593267547
-0.2414626698291613 1.0002189870733253 0.0010942791346312142
-0.24090136412346072 0.9997332830885389 0.0010544582808435525
-0.24039881985544223 0.9993264597781877 0.0010507844739904763
-0.24007379866907286 1.001218889557639 0.0010951424192728553
-0.2395125020442201 0.9988373879354596 0.0010542477727874646
-0.23900996138553468 1.0011022360599382 0.0010515136087249726
-0.23868492750943915 0.996608005367511 0.0010937491105993628
-0.2381236399654376 1.0002940138213907 0.001055233934280939
-0.23762110279921184 0.998875301304343 0.0010505222248532009
-0.2372960564666755 1.0011398720248679 0.0010944909415891882
-0.23673477788665237 1.0001570774536053 0.0010542663943633268
-0.23623224432839077 0.9996590891888242 0.0010511524547336599
-0.2359071853070418 0.9998255982647087 0.0010943057201995951
-0.23534591580741443 1.0011397976608882 0.0010549135104486816
-0.2348433858580278 1.0001016772333111 0.0010512523220448757
-0.23451831414695334 1.0004125251972071 0.0010943883167675549
-0.23395705372772108 0.99946425289885 0.0010542219901944158
-0.23345452738812028 0.9992298471709727 0.0010510410059744357
-0.2331294431032802 0.9987056395431143 0.0010931226157302198
-0.23256819164893858 0.9992681204544304 0.001054357778603756
-0.23206566880225013 0.9993370719858887 0.0010505791030151275
-0.23174057194410125 0.9992298997731244 0.0010941347893403347
-0.2311793295706088 1.000481717325842 0.0010560403514385315
-0.23067681033143175 1.0004703642509818 0.0010508712941605697
-0.2303517009004281 1.0008599710990582 0.0010938685706833897
-0.22979046760778618 0.9994435603461724 0.0010542141931559471
-0.22928795186106882 1.000557976114188 0.0010516149706222178
-0.2289628297407944 1.000094711865227 0.0010942687983606443
-0.22840160552809283 1.0017254094882861 0.0010563544577706712
-0.22789909327428784 0.9993449230673502 0.0010515508371601286
-0.2275739585820702 1.0016271259988485 0.0010944390552709035
-0.2270127434493076 0.9988464058313059 0.0010538981397221361
-0.22651023480347215 1.0004187533309248 0.001051782677212941
-0.22618508753839706 0.9994814763552562 0.0010936521928516338
-0.22562388148602958 0.999716523762543 0.0010546094120025282
-0.2251213763335619 1.0013366027831805 0.0010515512146286902
-0.22479621637876335 0.9981143111113654 0.0010924806283452886
-0.22423501940724708 0.9994710665160672 0.0010542367793296178
-0.22373251786319898 1.0000535194012596 0.001051445847596234
-0.2234073453359997 1.0001510518730254 0.0010936816999195383
-0.22284615732846186 1.0006026001912207 0.001054374815858921
-0.2223436592764207 1.0000390971327737 0.0010506571028211084
-0.22201847417682075 0.9982300754127007 0.0010935660473415931
-0.22145729536609468 0.998810953175404 0.0010541371177833921
-0.22095480080651045 0.9987925447685184 0.00105073405817151
-0.22062960301718704 1.0005978960259407 0.0010941989994987925
-0.22006843328640133 1.0004960370075549 0.0010544914729411932
-0.21956594233660023 0.9994107645281081 0.0010511271849375156
-0.2192407319735139 0.9994080685090658 0.001093453531291597
-0.21867957120670797 0.9997560352377125 0.00105415973960784
-0.21817708386578455 0.9982252119662227 0.0010503455554345784
-0.2178518608147897 1.0011221259828438 0.001093646727815598
-0.21729070924342994 1.0003253615774197 0.0010548537934344298
-0.2167882253958743 1.0010419554531267 0.001051541253150777
-0.2164629897715713 1.0000930514084294 0.0010934624416781967
-0.21590184728151549 0.9995184720004071 0.0010545819692969738
-0.21539936680954877 1.0007355061136636 0.0010508556588545413
-0.21507411861148285 1.0001120107139232 0.0010930780437629854
-0.21451298520227755 1.0002828026324837 0.0010543649031088149
-0.21401050833964122 1.0006856542724496 0.0010510829323304642
-0.21368524745230388 1.0011275154790455 0.0010930006305240152
-0.2131241232389995 0.9999535228876539 0.0010548818342880606
-0.21262164986882284 0.9988961368723537 0.0010507153149195052
-0.2122963764090855 0.9990302733321291 0.0010925675411092095
-0.2117352611602143 1.0004426260045043 0.0010548942593558374
-0.2112327913984599 1.000424516001703 0.0010516489493631188
-0.2109075052494518 1.0008999387998694 0.0010931667291028022
-0.21034639919784712 1.001659826699648 0.0010555300502062717
-0.20984393292854966 1.0007785982609358 0.0010517610200986923
-0.20951863420577865 0.9988694700518659 0.0010925990390346404
-0.2089575372350218 0.9997394139369984 0.001054441673578087
-0.20845507434268223 1.0001946214868318 0.0010510796552121852
-0.20812976304614494 0.999438774561214 0.0010923091454201046
-0.20756867515578387 0.9998152680151228 0.0010553042757767265
-0.207066215872772 0.9985147474701248 0.0010503074482047603
-0.20674089188651124 0.9993420081503471 0.0010925717695578047
-0.2061798131934167 1.0007385688973227 0.0010548564865927757
-0.20567735740195361 1.0012037044540878 0.0010513634023671741
-0.2053520208428381 0.9998479767312589 0.0010923615906757989
-0.20479095123013866 1.0002939018932597 0.0010547395954066804
-0.20428849893159068 0.9991703828216686 0.0010503292137217083
-0.20396314968365914 1.0004567837937737 0.0010919434484508578
-0.20340208926731335 0.9982078413036413 0.0010541281254912748
-0.20289964046122502 0.9974671062275602 0.0010500552817279715
-0.2025742786408955 1.0005143880808864 0.0010927344274642456
-0.20201322730494617 0.9993668121359914 0.0010553446884775304
-0.20151078199040934 0.9979602258642717 0.0010503484326137426
-0.20118540748080704 0.9997016673361863 0.0010917477246247024
-0.20062436522661636 1.0003371888556758 0.001055075501094642
-0.20012192352004368 1.0014032352832511 0.0010517973877569688
-0.1997965364380434 0.9991435191768531 0.0010919944174025455
-0.19923550326333833 0.9974760576796894 0.001054027862801139
-0.19873306504968072 1.0005014023055687 0.0010514149247991887
-0.19840766527795495 1.001900589458785 0.0010925382872083002
-0.19784664130051574 1.0006692707237623 0.001054237344853451
-0.19734420646335787 0.9994520579618391 0.0010512443703350437
-0.19701879411832124 0.9990621404255573 0.001091512440903102
-0.19645777933814584 0.9987812144682299 0.0010543954542905363
-0.19595534799344763 0.9995487062893764 0.0010508894303368893
-0.19562992307601235 1.0004027195103027 0.0010917490526403586
-0.19506891737577867 1.0019436352917253 0.0010554619674730142
-0.19456648952353742 0.9989537001125859 0.00105113274183401
-0.19424105191683338 0.9982597737866884 0.001091506588280279
-0.1936800554120452 0.9984191497545409 0.0010542356253685284
-0.19317763105317445 1.0014253561066122 0.0010519436732928026
-0.19285218087316025 1.0004902719996147 0.0010913487909406034
-0.19229119356518248 1.0007775233182497 0.001054990298130368
-0.1917887725828115 0.99885800488931 0.0010507755797474084
-0.19146330971352654 0.9995694403523459 0.0010919698408676105
-0.1909023316028153 0.9991078812307365 0.0010545346364188401
-0.19039991411290128 1.0001519689997544 0.001050916033559344
-0.1900744386707629 1.0009663846132062 0.0010915522019993651
-0.1895134696404454 0.9989121479454954 0.0010546077124616246
-0.18901105564299372 1.0005021553465778 0.0010514914677915558
-0.1886855675111292 1.001560927040776 0.0010919566075652586
-0.18812460767716738 1.0017203279780496 0.0010550968109890957
-0.18762219717217535 1.0004770037584607 0.0010513337675275341
-0.1872966964679108 0.9987733308595257 0.0010908489293458845
-0.1867357457143448 1.0008580056648877 0.0010546466691503098
-0.1862333387018124 1.00150636336612 0.001052068700198111
-0.18590782530873184 0.9996023945044231 0.001091330743233716
-0.1853468837524303 1.0003444859363915 0.0010546467627127827
-0.18484448023235758 1.0011059708120966 0.0010517505518754424
-0.18451895414818864 0.9980788265388555 0.0010900473225493085
-0.1839580219055676 0.9999117330655327 0.0010546989077264857
-0.18345562176245006 1.0006760717561012 0.001051614821585951
-0.18313008310406076 0.9994572420096115 0.0010912734971315027
-0.182569159942745 0.9993291379422558 0.0010540683915736483
-0.182066763291629 1.0012923203013842 0.0010521811439984762
-0.1817412119448818 1.0021474262363261 0.0010921453222191605
-0.1811802979803751 1.0010967708020801 0.0010550792298001245
-0.18067790482126603 1.0000514928516717 0.001051453934041948
-0.1803523409025729 0.9977015594853015 0.001090225765903896
-0.17979143613442325 0.9987963010754021 0.0010544002890537302
-0.1792890463513585 1.0000597177460402 0.0010512918633617443
-0.17896346974248445 0.9978326563141636 0.0010904137720758567
-0.17840257417160063 1.0011139440162373 0.0010545616765516037
-0.17790018788099285 0.9993517428741779 0.001050514129637777
-0.17757459869926606 1.0013126053334929 0.0010912414921285711
-0.17701371232473792 1.0020082054270063 0.0010555783109299087
-0.17651132941017716 1.0012731587711592 0.0010517079342295668
-0.1761857275400871 1.0006590158664599 0.001090709866215427
-0.17562485036282346 1.0015722869348558 0.0010546484656896356
-0.17512247094026692 1.0003999131753332 0.0010512119039863298
-0.1747968564968687 1.0011970084684862 0.0010913149901582747
-0.1742359885168689 0.9979006507070902 0.001053618018045416
-0.17373361246944855 1.0001171734707341 0.0010512302754390101
-0.17340798533678026 1.0011699427727239 0.0010908114635418311
-0.17284712655404627 1.000678984060563 0.0010550529896040102
-0.17234475399954102 0.9989791663636985 0.0010510622709188648
-0.17201911429401662 1.0000080484288871 0.0010906744801385641
-0.17145826470718356 0.9992700543725156 0.0010545009550698113
-0.17095589552963078 0.9981295529677485 0.0010502854708841314
-0.17063024313483766 1.0012333180572084 0.0010908372682967864
-0.17006940274481638 1.0017217869344694 0.0010554340728167225
-0.16956703705926784 0.9999974967577052 0.0010514700234500161
-0.16924137209116452 1.0002461629080968 0.0010905827680673232
-0.16868054089931725 1.0000565029737372 0.0010550353212873524
-0.16817817858890488 0.9992407381558073 0.0010509863341212238
-0.16785250093198556 0.9997614681305683 0.0010898372851663105
-0.1672916790519991 1.000120992928768 0.0010545712519832709
-0.16678932011899464 1.0002873995844805 0.0010514389305087831
-0.1664636297728066 0.9996066995456387 0.0010901029153701722
-0.16590281708826565 0.997858301615837 0.0010530324536324953
-0.16540046164908442 1.0006718349641464 0.0010521272635018147
-0.16507475872913346 0.9996698946876414 0.0010898872141424818
-0.1645139552423138 1.0007719736837557 0.0010546969339839123
-0.16401160317917687 1.0010456658687483 0.0010516048132889803
-0.1636858875699545 1.0010579228404914 0.0010905904047456589
-0.1631250933959065 1.0011796580040797 0.001055503690074482
-0.1626227447083585 1.0004669287602845 0.0010508924977961844
-0.16229701652719086 0.9983516198856561 0.0010903259523897815
-0.1617362315490438 1.000338782664007 0.0010549045242624771
-0.1612338863548636 1.0000327817808636 0.0010513185806403796
-0.1609081453671024 0.9995126819543277 0.001089357895391464
-0.16034736970354466 0.9981726334772069 0.0010537697264868789
-0.15984502788495605 1.0012067349231446 0.0010517879747264551
-0.15951927432388402 1.0001151820630765 0.0010897813012622035
-0.15895850774117476 1.0008920187625532 0.001055358504253927
-0.15845616941504853 1.001419767406098 0.0010511654108524946
-0.1581304031642503 1.0010092138457845 0.0010900724158479722
-0.15756964589476746 1.001050325379144 0.0010551417033667632
-0.15706731094422746 1.0003632291897508 0.0010513690438742596
-0.15674153212057718 1.0002566554392085 0.0010902367119552726
-0.15618078404790475 0.9983775431613096 0.0010535454155297867
-0.1556784524738645 1.0000343919640822 0.0010517593564619788
-0.15535266096139821 1.0022000215578504 0.0010899140367674027
-0.1547919222019529 0.9991634099496282 0.0010534296310409001
-0.1542895940044124 0.9996052944427758 0.0010513504220390065
-0.15396378991772508 0.9987899949706334 0.0010891320528579513
-0.15340306035599832 1.0007890271934843 0.0010552239427911775
-0.15290073553450215 1.0006235340378595 0.0010516637342208367
-0.15257491875854612 1.0010399738921483 0.00109021032017293
-0.15201419851004647 1.0004452360812168 0.001054655062808089
-0.15151187717964368 0.9995024688204058 0.001050991635387431
-0.15118604771487298 0.9997812622794044 0.0010882290327688064
-0.15062533677959908 1.0004491700010705 0.0010552059457269605
-0.1501230187083699 0.9994155592841343 0.0010518442725674139
-0.14979717655523928 0.9990364580957939 0.001088932565279487
-0.1492364749336445 1.000483859085548 0.0010549831320601525
-0.14873416023846234 0.9985679465121913 0.001050857841950232
-0.14840830551293038 0.9999561810111753 0.0010885192479379738
-0.14784761308769265 0.9995456446255535 0.001054667868188186
-0.14734530176855481 1.0008322359644675 0.0010518635289263692
-0.14701943435284193 0.9993456968703921 0.0010887910548385911
-0.14645875124128266 0.9969665542550136 0.001054187531515197
-0.14595644329864457 0.9999520158556303 0.001050882565512514
-0.14563056330962354 0.9998516716126354 0.0010886064659417335
-0.14506988939487536 0.9994971279611158 0.0010545601307959027
-0.14456758482873436 0.9986763435967868 0.001050580391122108
-0.14424169215044458 0.9994234994157789 0.0010899444375578027
-0.1436810275489235 0.9986758566759091 0.001054652622851009
-0.143178726474334 0.9997652618260532 0.0010512047677480956
-0.14285282110768094 1.0002659529596523 0.001088463958567319
-0.1422921658180207 1.0006156999065543 0.0010545293934941678
-0.14178986800442375 0.9991539112559369 0.0010511101835593525
-0.14146395006446255 1.0003030344401056 0.0010891803430730816
-0.14090330397070255 1.0009859533534753 0.0010548896148124263
-0.14040100953451354 1.0003655243969651 0.001052096599202916
-0.1400750789043741 0.9988484949653327 0.0010881515780656623
-0.1395144421247507 0.9999884370255977 0.0010549919640308052
-0.13901215106369785 1.0005645044378275 0.0010514877784193113
-0.1386862078620652 1.0007967815866368 0.0010887147643985707
-0.13812558039521144 1.000941248611104 0.0010553428336169636
-0.13762329271020293 0.998866214098121 0.0010507577491464715
-0.1372973367024315 1.0004366342581188 0.0010885007030175219
-0.1367367185492596 1.000152702348791 0.0010547369144383468
-0.13623443424029272 0.9999495694025763 0.0010508138332663707
-0.13590846565875836 0.9999171326662493 0.0010880355865940088
-0.1353478568188122 0.9994958805009105 0.001054705809199412
-0.13484557577038517 0.999383502253239 0.0010510917133317072
-0.1345195944995794 0.9999359120916594 0.001087796182082094
-0.13395899497285763 1.0012188727030806 0.0010551394179155692
-0.13345671730047765 0.9981220582832562 0.0010507779692706786
-0.13313072345545152 1.0006157790749937 0.0010887867054838797
-0.1325701332433211 1.0005849385069536 0.0010547613884201487
-0.1320678589460719 0.9994462048189718 0.0010508531581004765
-0.1317418522949083 0.9989272032113199 0.0010879267743012617
-0.13118127139645838 0.9992653417865319 0.0010551188252367553
-0.13067900047616435 1.000615319390227 0.0010513674701466966
-0.13035298125259942 1.0027977899545928 0.0010892122682806332
-0.12979240966691913 0.9996489431639578 0.0010544195928604934
-0.12929014200625683 1.0006490649720714 0.0010512385692314113
-0.12896411009342046 1.0010631931636096 0.0010875145446467204
-0.12840354782096727 1.0013940914838713 0.0010553565001929317
-0.12790128353634658 0.9997749000567578 0.0010512035734347729
-0.12757523905020207 0.9978915041531728 0.001087221348857279
-0.12701468609142802 0.9996238526193649 0.0010540888132183589
-0.12651242518148811 1.001450701687148 0.0010518211313732438
-0.12618636789011362 0.9998019564579632 0.0010870083149523053
-0.12562582436098063 0.999545537066712 0.0010540130416184935
-0.12512356671021432 0.9999600584458205 0.0010516656391900568
-0.12479749684734998 0.9985374509259433 0.001086814998518851
-0.12423696263098868 0.997758983169606 0.0010534905898973172
-0.12373470824030677 1.0006723944892386 0.001051714837327212
-0.12340862580458634 0.9998708134188076 0.001087719962398478
-0.12284810078548954 1.0011717619437468 0.0010550622107026446
-0.12234584988681457 1.001034800610412 0.001052272171615046
-0.12201975464449788 1.0006186271699122 0.0010875046253961207
-0.12145923905504215 0.9994584046162737 0.0010546482331054068
-0.12095699141690433 1.0008953677610255 0.0010516324274121081
-0.12063088360173424 1.0013943359639659 0.0010878319180501377
-0.12007037732505019 1.0005253223991892 0.0010549250049602856
-0.11956813294608595 1.0006485640646146 0.0010512122209494837
-0.11924201244164578 0.9992344858947722 0.0010867305999389663
-0.11868151559551093 1.0021047384209587 0.001055601732527703
-0.11817927459259375 0.9994413921723245 0.0010518379857481078
-0.1178531413984274 1.0002072800793829 0.0010868303013206728
-0.11729265386551897 0.998492764147419 0.0010540278393938848
-0.11679041612268351 1.0000657576765828 0.0010519742482982444
-0.11646427023970318 0.9998103069045902 0.0010867346119077187
-0.11590379213416344 0.9997319182814448 0.0010549829819811894
-0.11540155765277328 0.9983651065336717 0.0010512230653268804
-0.11507539919693954 0.9997785332090496 0.0010871447641375696
-0.1145149304046242 1.0008714705502315 0.0010549909196487703
-0.11401269929882565 1.0012554377661054 0.0010521746580023099
-0.11368652815326641 0.9996513774079803 0.0010870300692797982
-0.11312606867508765 0.9993317683250558 0.0010544102823061288
-0.11262384082846269 0.9985305807273503 0.0010519609720866976
-0.1122976569936327 1.0014327726432386 0.001087285898158466
-0.11173720694554841 1.0007335933086616 0.0010549962474302574
-0.11123498247496778 1.0003073190438858 0.0010518300391200368
-0.11090878595086906 1.0003940076460922 0.0010873574127955514
-0.11034834521510102 0.9979173313852004 0.0010537800296720927
-0.10984612400506025 1.0010139052490226 0.0010515267705385031
-0.10951991479123535 1.0006012952952819 0.0010866317053040758
-0.10895948348510906 0.9998179948545144 0.0010552625388181784
-0.10845726553424187 1.002024429462119 0.001051731774657009
-0.10813104374710747 0.9993493481818763 0.0010871623183771348
-0.1075706217555698 1.0015884802385115 0.001055040767575699
-0.10706840718074696 0.9993025184824983 0.0010512489501584665
-0.10674217258747376 0.9981738247882299 0.0010863630235318918
-0.10618176002648869 0.9991527837699766 0.0010543615324827094
-0.10567954871083943 1.0004859974542455 0.0010516753128744212
-0.10535330154471012 0.999834685002028 0.0010861465963855651
-0.1047928982960413 0.9994653041899502 0.0010548358562629122
-0.10429069035734723 0.9996092860169048 0.0010514119828936093
-0.10396443050103699 1.0010197063709076 0.001087015567715112
-0.10340403668246195 1.0002093721842216 0.001054741782750515
-0.10290183188743698 1.000505165631887 0.0010520975497191616
-0.10257555934140328 0.9997803944384029 0.0010867147259297984
-0.10201517495292542 1.0007720185965696 0.0010548677099618577
-0.1015129734161632 0.9994888244509925 0.0010514313249965293
-0.10118668829909439 0.9995273405493889 0.00108616273503737
-0.10062631322293344 0.9973024616940273 0.0010536858632909487
-0.10012411506130471 0.9996798285877144 0.0010519657494247184
-0.09979781713900593 0.9996911100877424 0.0010860673988971762
-0.09923745160890138 0.9988744570359844 0.0010543260542404157
-0.09873525659139717 0.9999455360065208 0.0010513775404864321
-0.09840894609578754 1.001572848266686 0.0010865789188200118
-0.09784858987936214 0.9991323815654806 0.0010545264781114767
-0.0973463982383577 1.0002728307029303 0.001051924774818135
-0.0970200750530239 1.0003809865175552 0.001086270507701944
-0.09645972815027831 0.9984801985375493 0.0010547606565777111
-0.09595753976799473 1.000611930721797 0.0010521876539917837
-0.0956312038933902 0.9993430478266958 0.0010858149228729576
-0.09507086653670167 0.9987325205130377 0.0010546508714869745
-0.09456868141359168 0.9980013613773843 0.001050149364407255
-0.09424233284971706 1.000080369179377 0.0010856245755727688
-0.09368200480625428 0.9987631414598609 0.0010542903627216763
-0.09317982294368415 1.000212987975638 0.0010513736061874951
-0.0928534616905381 0.9983131041258064 0.0010852601581007142
-0.09229314319222222 0.9992191606677013 0.0010545705170546692
-0.09179096459018923 0.9999495740217841 0.0010511176093769264
-0.0914645906482292 0.9985370246622085 0.001085414690073055
-0.09090428146268567 0.9993535959365184 0.00105460716337711
-0.09040210611982628 0.9979505138721646 0.0010503749903725869
-0.09007571960501082 0.9999733288401164 0.0010854467327538408
-0.0895154198486536 0.999099345961191 0.0010552552490290718
-0.08901324776587866 1.0001809276288385 0.0010511398621571052
-0.08868684844492236 0.9986092940196384 0.0010859202968476992
-0.08812655823507426 0.998740805533206 0.0010541126670441238
-0.08762438929596841 1.0005362462672582 0.001051943861002047
-0.08729797740215872 0.9988938433896466 0.0010855219960069495
-0.08673769650553773 1.0001594626910943 0.0010542054181750368
-0.0862355309424735 0.9998017160085346 0.0010516255656950607
-0.08590910624207027 0.9992117774143914 0.0010853533046841358
-0.0853488348924138 1.0012546264550763 0.0010545728651886678
-0.08484667247256597 0.9994259764344278 0.0010513788833979496
-0.08452023519930663 0.9988233954897303 0.001085015083496211
-0.08395997327883715 1.000657284927321 0.0010547472077739053
-0.08345781411861834 0.9985482364227174 0.0010509355247427358
-0.08313136415563349 0.9987419103394 0.0010854133149426726
-0.08257111166480509 0.9998761577227822 0.0010546269508217008
-0.08206895564825269 1.0003399192295042 0.0010518594653919956
-0.08174249299554504 1.0018119070482283 0.0010862176734113408
-0.08118224993572126 0.9997940204926845 0.001054934331989986
-0.08068009729476047 0.9997157423412932 0.0010510303227525882
-0.0803536219518719 0.9982737708479829 0.001085080122930448
-0.07979338832214462 0.9997030639271842 0.0010544270615280898
-0.07929123894126827 0.9999335191741263 0.0010511888691437687
-0.07896475090910826 1.0011267131957802 0.0010857902859256567
-0.07840452670811256 1.0013021361942507 0.0010547544610141578
-0.07790238047044719 1.0010475663685434 0.0010523621230868411
-0.0775758797499293 1.0003665720078037 0.0010854426326219423
-0.07701566509499133 0.9992573905080827 0.0010540095180523765
-0.07651352211604684 0.9976800231946232 0.001050360951845435
-0.07618700870671091 0.9991442938905757 0.0010843660916410487
-0.07562680348186741 0.9998620732930795 0.0010546989013130673
-0.07512466364522576 1.0006251882834156 0.0010514687648129734
-0.07479813766349253 0.9980305732380919 0.0010846912026033022
-0.07423794186829077 1.0024485893907296 0.0010546790947209427
-0.07373580529218897 1.000149940033203 0.0010515164557478186
-0.07340926650431356 1.0002944062398313 0.0010849776573083193
-0.07284908025471412 0.9986527172666788 0.0010545023906401866
-0.07234694682182602 1.0000982938237089 0.001051721581941204
-0.07202039546064043 0.99965075052954 0.0010851384780693589
-0.0714602186415902 0.9996008892172856 0.0010543443106868881
-0.07095808846742026 1.00055646221022 0.0010515963505696993
-0.07063152430100672 0.9983643227141379 0.0010847671866751583
-0.07007135702846898 1.0006398137277772 0.0010552828776205995
-0.06956923011392804 0.9998467247915734 0.0010519182729895609
-0.06924265325869783 0.9996742567623876 0.001084821934273655
-0.06868249541443691 1.0002297389113886 0.0010547492002559568
-0.06818037164402052 0.9991187419662914 0.0010512023085070441
-0.0678537822150247 1.000005667110687 0.0010845876874905668
-0.06729363380040485 1.0017785842639273 0.0010547995777116308
-0.0667915132905256 0.9992334957286763 0.0010509240653361267
-0.06646491105539098 0.9998695148350591 0.0010844992185174965
-0.0659047723027881 0.9990229057793263 0.0010546155438935694
-0.0654026549370307 1.0013801242157365 0.0010517252828420934
-0.06507604001262735 1.0013797005372178 0.0010851264832194268
-0.06451591069011961 1.0008751259569701 0.001055047914349986
-0.06401379646621502 1.000719631440004 0.0010517260463164177
-0.0636871689698637 0.9984287476399203 0.0010851195199347648
-0.06312704907654296 1.0002625641979797 0.0010549484963926264
-0.0626249381127201 0.9995495578079376 0.0010506054253276804
-0.06229829781023 1.0012189973978498 0.001085091015901074
-0.06173818746251089 0.9986991075598729 0.001054251536028713
-0.0612360797592252 0.999089805332959 0.0010513393386112845
-0.06090942676655686 1.000147597719309 0.0010847659480411637
-0.060349325965802295 0.9999409754912694 0.0010544136478098025
-0.059847221288862246 0.9996579772433459 0.0010513957634562408
-0.05952055572424797 0.9992336412365647 0.0010846114593479766
-0.05896046435222565 0.9991297480531144 0.001054148845284987
-0.05845836293491461 1.0001063120545002 0.0010513989719794872
-0.058131684563704766 0.9999729425770795 0.0010843647526116982
-0.057571602738649 0.9999734795525438 0.0010542909374808512
-0.057069504581419704 1.0000322476608088 0.0010517439538567058
-0.056742813519576885 0.9989031495543587 0.0010840122045495352
-0.056182741241940407 0.9976843548216299 0.0010541442708706314
-0.05568064611151217 0.999996340660354 0.0010521721964987477
-0.055353942476813245 0.9998779930958326 0.001084382262914868
-0.05479387962881918 0.9995981474734956 0.0010537323589347074
-0.05429178775801995 1.0000473613441265 0.0010520933102081767
-0.053965071317179536 0.9999317158956473 0.0010850549412651748
-0.053405018131202436 1.0008492250553254 0.0010544213524900324
-0.052902929403614206 0.9988517007976183 0.001050712420369083
-0.0525762002735064 0.9980177619689411 0.0010840370720923522
-0.0520161565176231 1.000581706799986 0.0010542059027296427
-0.05151407104921384 0.9996033309906871 0.001050925001637393
-0.05118732923119751 1.0000192500422957 0.0010840795937882752
-0.050627295021372615 1.0005502844502705 0.0010544627485140616
-0.050125212578848194 0.9998769181965653 0.0010517732734997608
-0.04979845818843387 0.9982687005629068 0.0010841994297939356
-0.04923843352466402 0.998503133454927 0.0010536872534576518
-0.04873635422535598 0.9994661109307212 0.0010507177352570482
-0.04840958702880016 1.0007737665441 0.0010844877505956953
-0.04784957191063195 1.0004296390115603 0.0010549107931279325
-0.047347495871408345 0.9999608945215277 0.001051995703070595
-0.047020715985127026 0.9979677159242761 0.0010833457561947096
-0.04646071041347063 0.9985491144701091 0.0010538651736477036
-0.045958637400587275 0.9989058153221068 0.0010507383576424413
-0.045631844942363387 0.9977501255770889 0.001083907588172166
-0.04507184891676203 0.9987360927491397 0.0010537971887383149
-0.04456977904709506 0.9998994539333296 0.0010512742013394363
-0.044242973783184425 0.9976365648051895 0.001084034643503397
-0.04368298730409623 0.9988859460138066 0.0010545158417048623
-0.043180920693602846 0.997276976527441 0.0010503549030917443
-0.04285410273951129 0.997875215256817 0.0010836200316818654
-0.04229412580602406 0.9992547848749492 0.0010544194573414048
-0.04179206234010794 0.9982229776976962 0.0010506463214162978
-0.04146523169674765 0.9990627150382576 0.0010841791868977783
-0.0409052643079519 0.9979592089347076 0.0010534308830620256
-0.040403203985704884 0.9989209539088676 0.0010504387565797733
-0.04007636053756869 1.0002528991228625 0.0010846568364881648
-0.03951640281124599 0.9973036750606478 0.001053068569791723
-0.03901434551579735 0.9975207166818182 0.0010500434753878986
-0.038687489493895555 0.9977039613168115 0.0010834683789822713
-0.03812754131362925 0.9984501928410088 0.0010539467743002856
-0.03762548716230244 0.9971986209692421 0.0010501344852300695
-0.037298618451131915 1.0008753105240338 0.0010841969522482394
-0.03673867981646523 0.9978901805428069 0.00105325393836743
-0.036236628808807535 1.0000251652937204 0.0010512242811335504
-0.035909747408368276 0.9977212652503605 0.0010834182378350445
-0.03534981832021475 0.998372708394574 0.0010541309717440692
-0.03484777045531532 0.9991207423232324 0.0010513845798399953
-0.03452087624827982 0.9980494603115498 0.0010834986018023148
-0.03396095682350615 0.9990512138454075 0.0010539652281634439
-0.033458912100912265 0.9978436191849682 0.001050667547807304
-0.033132005204606685 0.9991040802463392 0.0010840748755626885
-0.03257209532588941 0.9971211297234507 0.001053525410508964
-0.032070053631002036 0.9991822404394227 0.0010511825520367925
-0.03174313416093355 0.9972039376672357 0.0010831546871812071
-0.031183233828728084 0.9965219230129515 0.0010531693895846604
-0.030681195277509822 0.9986317317218368 0.0010509465724744794
-0.030354263117260416 1.000448684830388 0.0010839672146118215
-0.029794372332019488 0.9989706742658613 0.0010538277333440244
-0.029292336923106767 0.9988929207888305 0.0010510127800123679
-0.028965391958081455 0.9970610517150902 0.001083412291849661
-0.028405510835313584 0.9971689604758276 0.001053121879100758
-0.02790347856961186 0.9978638213271235 0.0010504035773118883
-0.027576520915317815 0.9990393113634269 0.0010843747931488608
-0.02701664933815226 1.000759532617503 0.0010550793504301946
-0.026514620216119646 0.9982806844726712 0.0010506108055935754
-0.026187649872554175 0.9978767388221709 0.0010837512876758911
-0.025627787957403565 0.9989683127223942 0.0010542556058910925
-0.02512576186171659 0.9981712005443789 0.00105121512987667
-0.02479877871246572 1.0003406974583178 0.0010842287075983283
-0.02423892646069766 0.9985225425016196 0.0010539938547384933
-0.023736903507768956 0.9985689260354724 0.0010511725732727407
-0.023409907669247332 0.9984730987640658 0.001083766468659108
-0.022850064963989065 0.997436116867508 0.0010533578367790872
-0.02234804515382132 0.9974531901128928 0.0010508183948852042
-0.022021036626483692 0.9968243501339282 0.0010827551043056682
-0.021461203583243063 0.9984167576252835 0.0010546820722388901
-0.02095918668300025 0.9988549031538826 0.0010508524623198405
-0.020632165583265305 0.9995577802077503 0.0010839630612616284
-0.02007234208562632 0.9984981993339751 0.0010542214354605142
-0.019570328329508037 0.9995184887493676 0.0010513790002789803
-0.019243294423631596 0.9985399534495079 0.0010834685676674178
-0.018683480588920415 0.9984413450232992 0.0010534192392058679
-0.01818146997646855 0.9991587087222299 0.00105114860832181
-0.017854423380867956 0.9982226218142558 0.0010832546911862576
-0.01729461920862714 0.9991807741350733 0.001054189396398988
-0.016792611622520916 0.9967384784383841 0.0010507144265378195
-0.01646555233764957 0.9980400832537424 0.0010829817798545505
-0.015905757710102247 0.9995340340504595 0.0010541173425278943
-0.01540375326811786 0.9987736314205473 0.0010506181851425863
-0.015076681293976435 0.9976592589713666 0.0010828994789074456
-0.014516896329353551 0.9988895617167968 0.0010540172429517939
-0.014014894914625648 0.9965379886144706 0.0010505182171021636
-0.013687810134797473 0.9959727657624023 0.0010828595616983788
-0.013128034832647649 0.9985349084202467 0.0010539231955800797
-0.01262603656113074 0.9984231339029018 0.0010504967371077097
-0.012298939092488581 0.998850240557233 0.0010839161525587149
-0.011739173451901647 0.9989784950314038 0.0010544811901889613
-0.01123717820763583 1.000151951175374 0.0010515402064366103
-0.010910068049270194 0.9994549433520984 0.0010832626008819193
-0.01035031207115295 0.9988263073040671 0.0010543091717606858
-0.009848319853235471 0.9990861705889899 0.0010508822026657064
-0.00952119700559706 0.9964155006994533 0.0010829029413148394
-0.008961450574447048 0.9983372989688065 0.001053923843431975
-0.008459461499740563 0.9995410804382014 0.0010508985698200663
-0.00813232596283342 0.9979037862202589 0.0010827914137394948
-0.007572589194153773 1.0009208502711147 0.0010542082404921833
-0.007070603146245654 0.9972763900302407 0.001050214828104824
-0.006743454802290216 0.9980569501421964 0.0010828298601284758
-0.006183727813407771 0.9992040831268382 0.0010537711299795475
-0.005681744792753442 0.9994991936303799 0.0010510226026295235
-0.0053545837581623346 0.9985044437827543 0.001083486251556643
-0.004794866315791026 0.9980297649038399 0.001053178783308823
-0.004292886438805807 0.9992007623634602 0.001050888979602335
-0.003965712715853442 0.9982348633252279 0.001083151509273894
-0.003406004935500446 0.9993449675050368 0.00105348086834817
-0.002904028084855478 0.9987473688091377 0.0010502463433624473
-0.002576841672635055 0.9983449245679368 0.0010823245756776108
-0.0020171435556625913 0.9995921580399084 0.0010542199224389712
-0.0015151697313632651 0.9986693050593435 0.0010511737171061063
-0.001187970512546599 0.9985246784604862 0.0010831188328475365
-0.0006282821749165898 0.9988599462564887 0.001053627580776184
-0.00012631137696020973 0.9977791664159394 0.001050776445287502
0.0002009005302170408 0.9992385434160571 0.0010827095681067993
0.000760579206284833 0.9996103005019814 0.0010536719019329287
0.0012625469774428454 1.0000260106828318 0.0010513303578968776
0.0015897715729806805 1.0007308320987967 0.0010833638657173907
0.0021494405865781084 0.9993226282806614 0.001053444966124828
0.002651405331845901 0.9962673695453935 0.0010502445001381914
0.0029786426161990676 0.9993063455792446 0.0010829592581981314
0.003538301966868689 0.9986478616969439 0.0010536414979899007
0.004040263685340809 0.9996857666731932 0.001051219157682191
0.004367513659417455 0.998068519105924 0.0010826027399218378
0.004927163347161965 0.9984838249906095 0.0010538763135548327
0.005429122038377601 0.9990622636312008 0.0010514693630355625
0.005756384818596416 1.0003022715330843 0.001083370335105795
0.006316024728363388 0.9983025112160955 0.0010536233131343156
0.006817980391872509 0.9983754981944145 0.0010507023506901136
0.0071452558622695506 0.9991478488673449 0.0010831862647169418
0.007704886108653968 0.998487020853008 0.0010538570796901916
0.008206838745820143 0.9978032095257909 0.0010512641849739724
0.008534126905487938 0.9981811600938808 0.001083782344629799
0.009093747490310812 0.9971315075102066 0.0010535687056765176
0.009595697100223198 0.9992854481524925 0.0010510413574900473
0.00992299794779683 0.9981270949428306 0.0010823438612214652
0.010482608871967655 0.9986539416506038 0.001053312218279722
0.01098455545371541 0.9986358266483175 0.001050500145623324
0.01131186899056047 0.9984242367297995 0.0010828118567784697
0.011871470135842915 0.9978460923293214 0.001053298938049706
0.012373413806754899 0.9967643237477032 0.0010501339624301596
0.012700740150648926 0.997265099954977 0.001082314094519068
0.013260331515680769 0.9981434439833199 0.0010538278057217686
0.013762272160705228 0.9984119638609682 0.0010508719930323433
0.014089611193867313 0.9987426707006198 0.0010828807159428966
0.014649192896426771 0.997984001091558 0.0010528818560681388
0.015151130398690265 0.998548606190386 0.0010510441757685212
0.015478482236630953 0.9992034043838365 0.0010829924040427995
0.016038054277628194 0.9970489627158281 0.0010531706606932718
0.016539988752185174 0.9984242129570133 0.0010503874392377662
0.01686735327984934 0.9973858477984938 0.0010825257306159616
0.017426915541506147 0.9972994256814424 0.0010531983414607722
0.01792884710568008 0.9957452070995544 0.0010497497997947363
0.01825622432397722 0.9992472406598804 0.001082814758152643
0.01881577692179673 0.9995488592431234 0.001054040453281086
0.019317705459627715 0.9973157585283098 0.001050944217338771
0.01964509536719561 0.9993587941914974 0.0010825720000290648
0.0202046381861301 0.9980584383457096 0.001053084393465377
0.02070656381357535 0.9992529452017197 0.001051495925698235
0.021033966527284065 0.9987149899479811 0.0010819820142913695
0.021593499566876104 0.997828279822666 0.001053902063121448
0.022095422167070257 0.9988708542136778 0.001051151168474642
0.022422837570502452 0.9986510282617563 0.0010823580235853573
0.022982360830751364 1.0007653909591367 0.0010546340837168202
0.02348428052056247 0.9996308748429479 0.0010515521859366024
0.02381170861326609 0.9982970253551025 0.0010823458183127034
0.024371222211044638 0.9981546881074886 0.0010529119038042596
0.024873138758550205 0.9991249426724773 0.0010512861514522845
0.02520057965602973 0.998627972608706 0.0010821943492180302
0.02576008347583074 0.9991175060307846 0.001053824516054137
0.02626199711295326 0.9982578018240259 0.0010507355007004836
0.02658945069924812 0.9981358939512236 0.0010814067606268508
0.02714894485657674 0.9987717080423835 0.0010537986674212599
0.027650855467356315 0.9985990185192127 0.001051166215019134
0.027978321742466505 0.9972389486003967 0.0010813988630314845
0.028537806119999273 0.9978029779705792 0.0010536333022934327
0.0290397138203958 0.9986055010736602 0.0010511366996253872
0.029367192785230145 0.9983756936343525 0.0010821523766652698
0.029926667384785374 1.0003423604110233 0.0010543219076611407
0.030428572173888016 0.9992489584056161 0.0010516397339845242
0.030756063944863854 0.9971002318769588 0.0010811260811564032
0.031315528649116055 0.998758744530827 0.0010540643846887274
0.03181743052783565 0.9980204856315751 0.0010508672338080311
0.03214493498853699 0.9967830109243966 0.0010817504617696722
0.03270439002940933 1.0009925384327192 0.0010546971306505447
0.03320628876582608 0.998280672860255 0.0010506860929599523
0.03353380603130063 0.9986857324042654 0.0010822185783529261
0.03409325129374001 0.9988807323768657 0.0010537369154718197
0.03459514711931829 0.9997172672656166 0.0010520090923913084
0.034922677074519015 0.9980739384205339 0.0010812480564874444
0.03548211255943426 1.0005113651425326 0.0010543686106697452
0.03598400547235778 0.9987039192980747 0.0010506772532651932
0.0363115481177374 0.9993448885090944 0.0010820748144992687
0.03687097382331221 0.9979232713319751 0.001053475775392163
0.03737286382584999 0.9981612520829966 0.0010507590689657165
0.03770041916050104 0.9985999068520123 0.0010815719223437239
0.03825983508718747 0.9994303960310011 0.0010541467957501409
0.038761722063385 1.000546372768002 0.00105149466871098
0.03908929020326468 0.9988223511165851 0.0010819909014941277
0.039648696351065424 0.9976043492717646 0.0010539211611809891
0.04015058041778536 0.9977525446633542 0.0010504432511091485
0.04047816136335314 1.0004582879995758 0.0010830850128506079
0.041037557615851525 0.9997504029739711 0.001054010041089646
0.04153943877128027 1.0005740100162703 0.001051460210320208
0.04186703240611678 0.9978826025890285 0.0010813665798378414
0.042426418880182205 0.9997322172388413 0.0010542053865160936
0.042928297124775174 0.9997832401491578 0.0010510248445465846
0.04325590344978991 0.9994409773988799 0.0010817579628586702
0.04381528014360474 0.9989163913643196 0.0010544708931684568
0.044317155361852066 0.9994898663157101 0.0010511207522809246
0.044644774493463046 0.999683693106179 0.0010824564049907862
0.04520414140748 0.998216443213394 0.0010528818057154758
0.04570601371625512 0.9974013982122722 0.0010504704063502247
0.04603364553713618 0.9976633487886509 0.0010806153542104837
0.0465930026722661 0.9989012348833647 0.001053419586461801
0.04709487206975003 0.9985583601776092 0.0010509592386721213
0.04742251657989982 0.9990217658287127 0.0010815803335041117
0.04798186393659947 0.9979392872667864 0.00105364913946063
0.04848373030682692 0.9986740774400387 0.001050782521172951
0.048811387623572955 0.9981844307448369 0.0010810466974914624
0.04937072508405941 1.001721832033485 0.0010543301453992565
0.049872588660774556 0.9977653612168312 0.0010508964798866185
0.050200258666336595 0.9989154231193159 0.0010818580904301336
0.05075958634839009 1.0011950035083983 0.0010542035340762924
0.05126144701563303 1.0002900291072203 0.0010511114071376907
0.051589129709100234 1.0000643435776135 0.001081745976757224
0.05214844761317619 0.9978690842965153 0.0010532072982526728
0.052650305369580666 0.9996495108357785 0.0010514331261073104
0.052978000868279196 0.9982386479925403 0.0010810269627607324
0.05353730887659872 0.9999425046139585 0.001054028154437986
0.05403916360666025 0.9999738020356153 0.0010517610179964932
0.05436687191195233 0.9989213506472197 0.0010814218409257905
0.05492617002406135 1.0017275783928152 0.0010545803464156497
0.055428021960152465 0.9961897281878113 0.0010502670500946779
0.05575574295517072 0.9993695137623078 0.0010819002092560303
0.056315031288392034 0.9982833842425096 0.0010531842182580822
0.05681688031409741 1.0003284289242274 0.001051480717812704
0.05714461399793436 0.9987593830523831 0.0010807749239866036
0.05770389243676281 0.9995303960405079 0.001054214963651483
0.058205738552087834 0.9995959045317258 0.0010515625356619883
0.058533485041152744 0.9995077278260324 0.0010811128620629067
0.059092753701548914 0.9994513295492374 0.0010542632315193032
0.05959459690512463 1.000728611889642 0.001051780027054692
0.05992235608437113 1.000165214328244 0.0010818090964531467
0.06048161484900885 0.9986860583560585 0.001053717411901695
0.06098345514220421 0.9981808180788556 0.0010509910892889474
0.06131122712713477 1.0004357148990175 0.0010810048431179702
0.06187047611379495 0.9986607290271661 0.0010536211741475413
0.06237231349615185 1.0005133314611658 0.0010526204017797555
0.06270009816989841 1.0016894527184006 0.0010816807007673537
0.06325933726171301 1.0000570654842564 0.0010547250864463066
0.0637611718505576 0.9998517598148045 0.0010516708673784065
0.0640889692131168 0.9997812953414578 0.0010806603271835845
0.06464819852558826 0.9974938904338905 0.001053146786045586
0.06515003008763179 0.9983998353824688 0.001050847455329477
0.06547784025678993 1.0012926485239513 0.0010810988735384297
0.0660370596730509 1.0004703337151715 0.001054207759017018
0.0665388884411267 0.9997027817638605 0.0010515526750824004
0.06686671129955357 1.0004245442358075 0.0010806376605317868
0.06742592082096625 0.9996116070200018 0.0010539589878581085
0.06792774667775356 0.9994475637112189 0.0010513851558200484
0.0682555823432267 1.0001569231665157 0.001080396525522656
0.0688147819688816 0.9995579192382091 0.0010544215712019983
0.0693166050317012 1.000391858456989 0.001051602299260012
0.06964445338735459 0.9990566001110931 0.0010803461251157667
0.07020364323275957 0.9993082464573227 0.001053755927239708
0.07070546338610155 1.000117738862069 0.0010514592360467445
0.07103332454653355 1.0001506816412127 0.0010803851535297082
0.07159250438067492 1.0008150508859162 0.0010545653391008736
0.07209432162318113 1.000466839840539 0.0010514073598787371
0.07242219558975194 1.0007332906672484 0.0010806083963113458
0.0729813655290457 0.9992539508927747 0.00105441837383045
0.07348317997667606 1.0010609490617672 0.0010526269836271143
0.07381106663342507 1.000390548725779 0.0010805251587313895
0.07437022667650564 0.9993078475288423 0.001053927024317879
0.07487203821466108 0.9986156276307316 0.001050452523496327
0.07519993767573396 1.0018288756109002 0.0010811216052326613
0.07575908782396827 1.00035803751329 0.0010543749394727711
0.07626089656951957 0.9995549178105155 0.0010513262646728312
0.0765888087184976 1.0001598403891008 0.001080161659696898
0.07714794897142821 0.9994684772041551 0.0010537736473068995
0.07764975480659915 1.0002444911454405 0.001051784014612554
0.07797767976171599 0.9997298741173519 0.00107984751270316
0.07853681011979899 1.0023068509987418 0.0010544668151054664
0.07903861316009406 1.0007821952283367 0.0010521327593788214
0.07936655080538912 0.9996207197839062 0.001079821914338657
0.07992567126726162 0.9977683049129044 0.0010530803170975243
0.08042747139716826 0.9986041129551999 0.0010507909762115996
0.08075542184815276 1.00012731587355 0.001079408206733796
0.08131453241472156 0.996099075793578 0.0010524102771829172
0.08181632975111588 0.999808927989774 0.0010511207377176764
0.08214429289137115 0.9991185022620886 0.0010789762167947863
0.08270339356309234 1.0021981830966211 0.0010554925616162475
0.08320518798865359 1.0007720157668745 0.001051581633795415
0.08353316393458954 1.0000000464523373 0.0010797280016903883
0.08409225471146312 1.0019896115474674 0.0010550075035587875
0.08459404634214311 1.0015336837389792 0.0010527340706061436
0.08492203497735318 1.0001594189342293 0.001079508289965735
0.08548111574296585 1.0004810391061678 0.0010543895855735206
0.0859829045792227 0.9993482588459699 0.0010512731436418286
0.08631090602102631 0.9997937805972335 0.0010791208975577586
0.08686997689042578 1.0002512696295358 0.0010539997034583431
0.08737176293317032 1.002349005564114 0.0010528569514911665
0.0876997770642447 1.0019345554025432 0.0010799072681529577
0.08825883803834114 0.9999547867188976 0.0010539109174215872
0.08876062117116076 1.001182913007981 0.0010519698220367642
0.08908864810700834 1.000198199537671 0.0010789607072249202
0.0896476990702966 1.0014553199225413 0.0010543457854981257
0.09014947952465027 0.9981904185828131 0.0010505893638588278
0.09047751914931723 0.9999549003544731 0.0010794603912965676
0.09103656021775923 0.9992662826745332 0.001053551738837168
0.09153833776127714 0.9987797037114104 0.0010506101574554324
0.09186639019299037 1.002414228413182 0.0010793658570661816
0.09242542136521917 0.999295516117498 0.0010540523374852127
0.09292719611522476 1.00181337714283 0.0010528477821607134
0.0932552612366635 0.9991599469315671 0.0010784532958599813
0.09381428239717463 0.9989219625978487 0.001053571253223068
0.0943160543532098 1.0002852775833335 0.001052310497513363
0.09464413228033663 0.9998603704840228 0.0010780140830994735
0.09520314354463726 0.9997661789934743 0.0010538157840708192
0.09570491270670471 1.002453517529507 0.0010523137073814718
0.09603300332400977 0.9983252248727847 0.0010777267143713797
0.09659200457568187 0.9987371648322537 0.0010539700337122578
0.0970937709437843 0.9999575915304816 0.0010516784771997323
0.09742187436722816 1.000498203472691 0.0010783507629021527
0.09798086572405265 0.9982479413600077 0.0010534459097892343
0.09848262918040578 1.0020341872138971 0.0010525994012852214
0.09881074540953705 0.9997428268965667 0.001077808145670587
0.09936972675509996 0.9988351264100511 0.0010542309470564632
0.0998714875343534 1.000350034321035 0.0010519977109453601
0.10019961645230069 0.9988754827848106 0.0010777777714295396
0.10075858778614458 1.000731071234778 0.0010540581670734864
0.10126034577325468 0.9978209448369458 0.0010516332514596276
0.10158848749597382 1.0001973290993644 0.0010779719042028303
0.10214744893360721 0.9991768259486787 0.0010540146395015182
0.10264920412720231 0.9983268741102256 0.0010512593578090746
0.10297735853919221 1.0010658253964442 0.0010773296081645451
0.10353630996556266 0.9994129864173629 0.0010542135589688489
0.1040380623642819 1.0020024131362943 0.001052882666296684
0.10436622958195585 0.9991900045818829 0.0010771470389851598
0.1049251709970627 1.0002496735729347 0.0010540498552719078
0.10542692060181422 1.0009134646721682 0.0010517820509499936
0.10575510062517424 1.001215849650447 0.0010780035154373073
0.10631403214452534 0.9985984771672151 0.0010536026412056544
0.10681577895576184 1.000389554076498 0.0010522649673405753
0.10714397166839262 1.0008438886182136 0.0010774051182345565
0.10770289317511453 1.0006703986848589 0.0010540606399767022
0.10820463719284143 0.9987723516863463 0.0010512776666748152
0.10853284271115626 0.9968079597759881 0.0010767253245134514
0.10909175420706999 1.0004975852909284 0.0010543623968002366
0.10959349542991563 1.0007855784090218 0.001052265214548131
0.10992171375437465 1.0009229646377162 0.0010776194144622273
0.11048061523902544 0.9998669679811216 0.0010539461317231945
0.11098235378341054 1.0006042927709695 0.0010519512973223304
0.11131058479804778 0.9989913327892376 0.0010766289417584965
0.1118694762709809 0.9987931449392536 0.0010535663988365284
0.11237121202094284 0.9997611270035129 0.0010525155067691216
0.11269945584081142 1.0004076250021687 0.0010766472410578122
0.11325833730202821 1.0000642089910934 0.0010542881202987612
0.11376007025893328 0.9999197389859349 0.0010518341037411769
0.11408832688357506 1.0010586733499955 0.0010769513223549756
0.11464719833352824 1.0001900067866374 0.0010538270948069538
0.11514892861197007 1.0000216455972915 0.0010517575878402786
0.1154771979263387 0.9998460620226961 0.0010775298597271482
0.11603605936502828 0.9986544622000371 0.0010538744313107421
0.11653778684904965 0.9995360174711694 0.0010513412073238637
0.11686606897001184 1.0001240080991598 0.0010767677186856
0.11742492039607559 1.0005516780315995 0.0010543246367082225
0.11792664508658196 0.9982020174590116 0.0010507482940647793
0.11825494001277548 0.9990019797050128 0.0010758939827156479
0.11881378142803105 0.9976875561537345 0.0010533913739733292
0.11931550344098232 0.9986495954123216 0.0010515050355210194
0.11964381105690336 1.000264288842128 0.0010765919333775107
0.12020264234311576 0.9994190134951598 0.0010538822888298107
0.12070436167806191 0.9997537817665648 0.001051459826951934
0.12103268198461592 0.9996625017840725 0.0010760529272887786
0.12159150337416308 0.9999537782801279 0.0010538261755982199
0.12209321991468877 1.0009885765678135 0.0010519696346792755
0.12242155302737956 0.9987492197527891 0.001075600728871621
0.12298036440475227 0.9993455083395271 0.0010537599408217552
0.12348207815222109 1.0027297836227413 0.001052895978402347
0.1238104240701432 1.0010547504428975 0.0010762565926746592
0.12436922543670773 1.001258237602482 0.001054029327750048
0.12487093650662144 0.9999994036743203 0.0010517535776559154
0.12519929511381633 1.0005677325567703 0.0010758466139236186
0.12575808635179514 0.9992946371336321 0.0010535361274283108
0.12625979474461188 0.9999911743288897 0.0010516012614865662
0.12658816615657997 0.9973140929073584 0.0010740818239227622
0.12714694738283974 0.9997575719454392 0.0010533467792301224
0.12764865298214417 0.9984612834147426 0.0010509131582690139
0.1279770371993436 1.0004121866555733 0.001076930042850958
0.12853580841388706 0.9999823688309523 0.0010536718743019754
0.12903751121876567 1.0001162258017464 0.001050875695111098
0.129365908242562 1.0008648473216888 0.001075640046894732
0.1299246693289718 1.0006764187878119 0.001055006190726987
0.1304263695731714 1.001202516763525 0.0010518281752704111
0.1307547792857804 1.0001879676500103 0.0010751420158415653
0.13131353036092724 1.0018023178171667 0.0010541321866589049
0.1318152278107037 1.0001294060910433 0.0010513785993901694
0.13214365032854403 1.0002822776101037 0.0010753372496470337
0.1327023912751038 1.0004266053034867 0.0010541629221930181
0.1332040860477833 1.0008389965651174 0.0010519077279998062
0.13353252137221716 1.0008308508259416 0.0010752397632748793
0.13409125218973308 1.0008794208259766 0.0010542840527034208
0.1345929442848575 0.9993738359685198 0.0010506242754760352
0.13492139241543555 1.0000459030786897 0.001075934910835356
0.13548011322214398 0.9982701039510153 0.0010538910837385959
0.13598180263880513 0.9985855791691914 0.0010512213908221036
0.1363102634581992 1.0019171273290528 0.0010758608892567007
0.13686897413813953 1.0003484576668014 0.001054648103063473
0.13737066087679556 0.9998234203531271 0.0010511964007196889
0.13769913438500225 0.9991728008625381 0.0010745939609336191
0.13825783516872872 0.9995806588421419 0.0010540708341449133
0.13875951911341702 0.9998790595051685 0.0010522892060623272
0.13908800542822064 0.9996433932367519 0.0010746335980263229
0.13964669608426886 1.0009107578792171 0.001054298969475077
0.14014837735049662 1.0002581026521002 0.001051664154755261
0.14047687647098428 1.0006516886378098 0.001075741546199848
0.14103555699935627 0.9988363250984591 0.0010540057802301426
0.1415372355875762 0.9993400709784495 0.0010512158384157887
0.14186574751374792 1.000199463701362 0.0010746260133840978
0.14242441791398555 1.0003859860382656 0.0010542640387306611
0.1429260938251085 1.0007612522656424 0.0010517906838198201
0.1432546185569663 1.0001083154104216 0.0010745323370754708
0.14381327882861755 1.0018387965704865 0.0010550593023434859
0.14431495217950888 1.00047494152685 0.0010520262178352947
0.14464348960154894 1.0003279845190354 0.0010748304586203595
0.14520213974370227 1.000580648143427 0.0010539414793056835
0.14570381041613573 1.0014433747500722 0.0010519168467903294
0.14603236064431258 0.998882403288362 0.0010735270351938048
0.14659100077565773 1.000986173673547 0.0010544276296336492
0.14709266865321532 0.9993008238280002 0.001051658482973772
0.1474212316879857 0.9991629995862985 0.0010736440610808816
0.1479798616898343 0.9998467962790796 0.0010539596594707776
0.14848152689074764 0.999586719564177 0.0010513557223387616
0.1488101027312041 1.0004777806940715 0.001073541090279747
0.14936872260446357 1.00039813939525 0.001053570566991242
0.14987038512873269 1.0003208444721927 0.0010520611100330154
0.15019897365755241 1.000266279961637 0.0010741418676314383
0.15075758340313297 1.000550986241546 0.0010540401702773838
0.1512592433667231 0.9999392899403908 0.0010516707219803694
0.15158784470031605 1.0001045561567303 0.0010737275835385213
0.1521464443186731 0.999791042041412 0.0010538604802289317
0.1526481016037973 1.0005027370843682 0.0010522792829517024
0.15297671574353444 0.9996399569355113 0.0010735749119965931
0.1535353052333051 0.9984389498773474 0.0010537833835515698
0.1540369598408769 1.0002597775288145 0.0010522211071895995
0.15436558678720758 1.0010754734121656 0.0010739937709556965
0.1549241661479344 0.9999304267023269 0.0010538197184902355
0.15542581807886732 1.0016195553209313 0.0010528293468797425
0.15575445782951647 0.9990540036924257 0.0010729648401278163
0.1563130270625664 1.0025625379585614 0.0010549689549524054
0.15681467631639961 0.9991632960957356 0.0010517133349997835
0.15714332887273486 1.000345075085871 0.0010733512272235691
0.15770188797810653 1.0011348556633002 0.001054715710190494
0.15820353466989454 0.9987946214305002 0.0010516090960787864
0.158532199916408 0.9996057499233734 0.0010729051876997553
0.15909074877632048 1.0013478646340763 0.001054520733172719
0.159592392906516 1.000056654932933 0.0010516901558639824
0.1599210708427563 1.0004704865789724 0.0010734131153588029
0.16047960969231603 1.000390992774973 0.0010548089173961644
0.16098125114450104 0.9995629222580096 0.0010518153428615167
0.1613099418859747 0.9971283968144905 0.0010722619801958628
0.1618684706083116 0.9990296064446855 0.001053476820901125
0.16237010938203875 1.0022908249814604 0.0010524181251321326
0.16269881292919308 0.9983919112264422 0.0010732939794144013
0.16325733140652557 1.0010185826404687 0.0010546209114628909
0.16375896761911293 0.999280066268254 0.001051664853277422
0.16408768397195672 1.0020043477405638 0.0010738694315436505
0.16464619232070213 0.9991799518204569 0.001053345105380986
0.16514782585619253 1.000134241964372 0.0010515733914118182
0.16547655501472036 0.9992598629652701 0.0010730578561236668
0.16603505311937153 0.9985405683402507 0.0010533290321319186
0.16653668409372485 0.9996491584215218 0.0010518613957569937
0.1668654260583935 1.0008284696974348 0.0010731401007288972
0.16742391403491166 0.9999892780851327 0.001053408706893286
0.16792554233171528 0.9999286152144773 0.0010514832472148753
0.16825429698519656 1.000175182321642 0.0010730173320525175
0.16881277483312834 1.0007119348079294 0.0010541032210686838
0.16931440056833674 1.0005776372216402 0.0010523119018851631
0.16964316802841495 1.0001183770682758 0.0010726523637966327
0.17020163574775762 0.9997364794101904 0.001053736363747644
0.1707032588054163 1.000375767554878 0.0010518286557945939
0.17103203907208808 1.0004312454398105 0.0010731025506126278
0.1715904965459743 1.0031374070641963 0.001055031496665161
0.1720921170424959 1.0002945423784104 0.0010522178576305946
0.17242091011576122 0.9989951767530464 0.0010726702972522631
0.17297935734509912 0.9993346466467382 0.0010536032247702417
0.17348097528002823 1.0005854454224663 0.0010519642066275261
0.17380978115852486 0.9997722500278653 0.0010724348549248771
0.1743682182597284 0.999734931037991 0.0010542044146088976
0.17486983351801327 1.0026263567422584 0.0010524551163370482
0.175198652202198 0.9994691027580311 0.0010725450627495268
0.17575707905794508 1.000113771091135 0.0010542421695706292
0.17625869175554557 0.9998720817951343 0.0010508948062927766
0.17658752312900106 1.001362313042562 0.001072503453577705
0.1771459398570699 0.9980198488072989 0.0010532397121248655
0.17764754999307789 0.9990498303255659 0.0010512819547330294
0.17797639417130995 0.9998242282074568 0.001072280600004971
0.17853480065528385 1.0006757156009294 0.0010544424747282724
0.1790364082310683 1.0005744054200207 0.001051485751285256
0.1793652652140736 0.9986641652248568 0.0010719813817208666
0.17992366145350053 0.9990631483742336 0.0010534627052132743
0.1804252663521853 1.0009634015355624 0.0010520266590737545
0.18075413625774672 1.0012497606929998 0.0010723433899964428
0.1813125222517145 0.9983132163826849 0.001053033902895814
0.18181412458926488 0.997968247773824 0.0010508661564510638
0.1821430073009651 0.9997033562407243 0.0010718310242166685
0.1827013830508393 1.000335712308133 0.0010537356865846835
0.18320298282588637 0.999279672911032 0.0010513346412656002
0.18353187822731343 0.999778698664706 0.001071578531718686
0.1840902438495114 0.9993283975667203 0.0010539331292679515
0.18459184106296594 0.9991247314618636 0.001051310329540364
0.18492074927053181 1.0000343298976815 0.0010715390665295536
0.1854791046481808 0.9992461943985721 0.0010540264681816005
0.18598069930095099 1.0012029032832843 0.001052604431036646
0.18630962031420495 1.0033921829838184 0.0010728657876717246
0.18686796544776102 0.9996035377111522 0.001053678823895454
0.1873695575384887 0.9982141137372449 0.0010510184340592746
0.18769849135651384 1.0008806364517455 0.001072176816971252
0.18825682624643042 1.0003833674746412 0.0010539189808596223
0.18875841577556288 1.000812870487148 0.0010518500813168658
0.18908736228286216 0.9990881282885491 0.0010715995400575706
0.18964568704464438 0.9999320958092393 0.001053863082069958
0.19014727401264248 0.9997226331471221 0.001051451871752151
0.19047623332608055 0.9983743390164715 0.001071226587875809
0.19103454784286106 0.9984433611105584 0.0010537115525889955
0.1915361322501748 0.9996300177721475 0.001051796964924683
0.19186510436975368 0.9995259992933796 0.0010715929869381307
0.19242340852557055 1.0004187494936885 0.0010542567861021035
0.19292499037129177 1.0003840540061038 0.0010516589491217896
0.19325397541251732 0.999734597949568 0.0010722007181753856
0.1938122693237845 1.0011406782049692 0.0010544051086181783
0.19431384860837136 1.0003864770366986 0.001051898904247258
0.19464284645619045 1.0006684819463982 0.0010717808583895856
0.1952011301220012 1.0002736503213514 0.0010537502614242158
0.19570270684545094 1.0004448019504257 0.0010519899326511765
0.19603171738390301 0.9999176925594789 0.0010714232826039977
0.19658999080379982 1.0027983409861112 0.0010544386260630037
0.19709156508298326 1.0013026002988514 0.0010526780244385443
0.19742058842666665 1.000170210108168 0.0010721999936215908
0.19797885160292464 0.9993332481104527 0.0010532038497177696
0.1984804233209683 0.9993109402120921 0.0010509173896700785
0.19880945946988504 0.9984571250996369 0.0010717651352767585
0.1993677122851814 0.9987036274128804 0.0010530936582507982
0.1998692815580479 0.9997003458456186 0.0010511449142324215
0.20019833051355818 0.9996275713312052 0.0010715991564213521
0.20075657308339537 0.9991900016250004 0.001054320145588243
0.20125813967871214 0.9984119118537137 0.0010511698636243019
0.2015872014399065 0.9992980015781406 0.0010709806992152207
0.2021454337647413 1.0022529123099957 0.0010549180955999173
0.20264699791669719 1.000003577860201 0.001051712355506625
0.20297607248221539 1.0019010122004959 0.0010718302185594884
0.20353429456386612 0.9990195300605972 0.0010533977564878031
0.2040358561546876 0.999502743794032 0.0010512059374218658
0.20436494352543377 0.9988384105121971 0.0010708630068388424
0.20492315524612018 0.9984827325276582 0.0010532063914482771
0.20542471439221993 0.9991923022498601 0.0010512284562129131
0.2057538145691069 1.0013551994425685 0.001072407387329827
0.20631201604433685 1.0000598017939824 0.0010542817513053647
0.2068135726288414 0.9994221704779562 0.0010509269773457434
0.20714268549545523 0.9995621043116635 0.0010715688484594869
0.20770087672659093 1.001160946498415 0.0010539493157578502
0.20820243074950567 1.0002339296641538 0.0010519430014988673
0.20853155653912836 1.0013740521882397 0.0010713495187450442
0.20908973740930042 1.0005821805574566 0.0010542608667151996
0.2095912889874961 1.0007443012238693 0.0010523054832152978
0.209920427581892 0.9990941470853418 0.0010710023713013687
0.21047859809155448 1.0002442227034667 0.0010539058942762298
0.2109801472250284 1.0004014332095819 0.001051557589885827
0.21130929850824032 1.000389968884726 0.0010712910340349158
0.21186745877380855 0.9985944851351732 0.0010534574241307293
0.212369005462108 0.9998422144268967 0.001051077711504226
0.21269816955191345 0.9999752096187633 0.0010711561383501716
0.21325631957293337 1.0026202045961157 0.0010551612293187122
0.21375786358276685 1.0012507192008087 0.0010520261416263738
0.21408704059513184 1.0004869938901695 0.0010710176172587368
0.21464518025519014 1.0014300198623136 0.0010544934366984505
0.21514672181939373 0.9996996518716542 0.00105120109642123
0.21547591163789548 0.9993448904674501 0.0010714079698264046
0.21603404093698877 0.9985081049090478 0.0010533920380232816
0.21653558005737877 0.9993205121845116 0.0010514101868973093
0.21686478256378905 1.0008203226443493 0.0010716816035436555
0.21742290161833472 1.0005135672409144 0.001053747707911342
0.21792443829491107 0.9991753328465982 0.001051365399403993
0.21825365360746218 0.9998541171675132 0.00107080864148698
0.2188117623010442 0.999811536582036 0.0010540974163625082
0.21931329641557534 1.0001329014265528 0.0010515957200463945
0.21964252465113532 0.9989840625104287 0.0010704974610501676
0.22020062298329826 0.999127554955937 0.0010540158840601722
0.2207021546526549 0.9996513914055908 0.0010511884835806365
0.22103139557839313 1.001797183883531 0.0010714460912919117
0.22158948366509962 0.9979356252457837 0.0010529110685782589
0.22209101289018723 1.0009525319965134 0.001051561198548605
0.22242026662206626 1.000425601953836 0.0010716983469949654
0.22297834423048293 0.9992823718895634 0.0010534648540620325
0.22347987101175695 0.998505223668228 0.0010503716950782086
0.22380913766528465 1.001064747086813 0.0010712282712086857
0.224367204912737 1.0010711014308395 0.001054179562408426
0.2248687292483838 0.9992323277080689 0.0010514359430281155
0.22519800859117822 0.9995328069625111 0.0010703764606411915
0.2257560655954465 0.9994893942078051 0.001053917079133831
0.2262575874854634 0.9999783586393176 0.0010510483545724707
0.22658687963485136 1.000379342235104 0.001070995368908238
0.22714492627679242 0.9998403587781585 0.0010541981892307224
0.2276464456065804 1.0012008829885204 0.0010519640410574043
0.22797575067806974 1.0019804078231414 0.001071508740343173
0.22853378684263118 1.000663468737029 0.0010541745261720486
0.22903530384547627 0.9987338056889553 0.0010506496467229637
0.22936462160441806 1.0001269281609253 0.001070877679480293
0.22992264752534067 1.002159350410211 0.0010543252922375493
0.23042416208255587 1.0006510347577442 0.001051302525411222
0.2307534926471817 1.0000575641977862 0.001070823594545679
0.23131150820714202 0.998428610113389 0.0010536098825651135
0.23181302020321473 1.000580204786296 0.0010511662366973803
0.2321423636904001 0.9989050266279647 0.001071024088371353
0.23270036877252534 1.0012821388009965 0.0010547327622725594
0.23320187844029433 0.9986189712041933 0.0010509215449702979
0.2335312346176579 0.9995873045462412 0.0010708521672813495
0.2340892294547821 0.9999955920160689 0.0010543745619938265
0.23459073656186943 0.99971813368011 0.0010514611281872341
0.2349201056599668 1.0002448231933145 0.0010716637980918453
0.23547809002062087 1.0001013774829293 0.001054129378463408
0.23597959479940173 1.0002813884996282 0.0010516903324256368
0.23630897670318518 0.9993475133518708 0.0010701497638318945
0.23686695058691504 1.0007229994721354 0.0010543424699750912
0.23736845303648132 1.0011809558307974 0.0010519106991876749
0.237697847630443 0.9995545402981022 0.0010708199665005365
0.2382558112691691 1.0002768633055334 0.001053770889166639
0.23875731115668747 0.9992557337830568 0.0010515286144695034
0.23908671867320663 1.0018338104784403 0.0010714233270695624
0.23964467183500784 1.000175602791727 0.0010540162664445939
0.2401461693946725 0.999603308528491 0.001051286520550186
0.24047558971597027 0.9984862800355713 0.0010712961721463727
0.24103353251771734 1.0001381920383279 0.0010546504716443638
0.2415350275157949 1.0005290427414548 0.0010517125008912766
0.2418644606423186 1.0015356482798092 0.0010716886092225072
0.24242239308264793 0.9991416655666961 0.0010537358390082085
0.24292388575286908 1.00192565244361 0.001052054073426193
0.24325333168599172 0.9991601813941442 0.0010705713592087493
0.24381125364803397 0.9996393875521158 0.0010543649781354133
0.24431274398994868 0.9998613941188184 0.0010513186225794644
0.24464220272875536 0.9995977188573308 0.001070532627868786
0.24520011421387272 1.0015355555145196 0.0010550220606171529
0.24570160211015482 1.0003812337606788 0.0010511040139607863
0.24603107365646792 1.0010947915456108 0.001071367012551067
0.2465889747801669 0.9996049510733811 0.0010535820465378
0.24709046034814525 0.9994500859237019 0.0010512404170765935
0.2474199447005958 0.9997537433454979 0.0010708429852641734
0.2479778353455502 0.9994834318140716 0.0010536936278288244
0.24847931846926224 1.0003628531596391 0.0010514703902254144
0.24880881574335945 0.9999116773508069 0.0010719807921853288
0.24936669591093624 0.9997547061220896 0.0010537843451264013
0.24986817670634182 1.0006457739836363 0.0010514521356621335
0.25019768666970776 0.9995105385875335 0.0010707927519781678
0.25075555647631953 1.0026801650629995 0.001055369627816008
0.2512570348270061 1.0006548256777743 0.0010515626107458651
0.2515865577133809 0.9993065891492734 0.0010706860343091464
0.2521444170426137 0.9986792175449565 0.0010534917313124144
0.2526458930654439 1.0002257507374455 0.0010512975248297496
0.2529754286397292 0.9995506546318389 0.0010704204728796828
0.25353327760799976 1.0008192963653597 0.0010546867972853853
0.25403475118701896 1.001238730857644 0.0010520993561475803
0.25436429968249286 0.9995159743944376 0.001070313082907591
0.25492213817429393 1.0006243828099228 0.0010552448809410633
0.25542360942409853 0.9969996972335589 0.0010496345256900514
0.255753170726166 1.0001432675514372 0.0010704925537971444
0.2563109987401327 0.9991980232640566 0.0010543128904372183
0.25681246754475745 1.0004635882349329 0.0010520127244747347
0.2571420416525143 0.9987553893002098 0.0010703505494919887
0.2576998593050633 1.0005878350549609 0.0010546046746707069
0.258201325781837 0.9996085264804384 0.0010516185482576806
0.25853091269527795 1.000958164709932 0.001071252536725873
0.25908871987044657 0.9996342389513356 0.0010545129034570733
0.2595901839034121 1.000991926528765 0.0010519271814678915
0.25991978362253576 1.0005733076310344 0.0010707574335785564
0.2604775803203254 0.9988548998040307 0.001053483584184166
0.2609790421409444 0.99993967402274 0.0010513744472155449
0.26130865466575415 1.0005819043481319 0.0010707007273878847
0.2618664408866196 0.9993466594860968 0.001054153132044544
0.2623679002611506 1.0007295310447113 0.0010514191584089212
0.2626975257085178 1.0008087411267927 0.0010707249264996159
0.26325530145291376 0.9989755697574085 0.001054314624161708
0.26375675838181484 0.9992696651351155 0.0010517256027855859
0.26408639663532085 0.9992692676787934 0.0010699109363737822
0.2646441619018845 1.00064398957559 0.0010545222254147002
0.2651456166197999 1.0012113543967516 0.001051491463893472
0.265475267678994 1.0005696476838142 0.0010701789823054605
0.2660330224672678 1.0011937345793893 0.001054241042865187
0.2665344747409223 0.9994464349180698 0.0010509529541513863
0.26686413860488756 0.9982294964098237 0.001069688176707904
0.26742188291714664 1.0009130969725903 0.0010551141459454576
0.2679233329779965 1.0001515358534305 0.0010516480226374417
0.2682530096476512 1.0010546865966832 0.00107120472181449
0.2688107434825327 0.9984690630277321 0.0010533027942340048
0.269312191098208 1.0001259654719878 0.0010512946516077022
0.26964188057445426 0.9980778849665798 0.0010695651596191698
0.27019960393150066 0.9993157842875476 0.0010540813178682709
0.2707010493352822 0.999614586273119 0.0010511368564797973
0.2710307516190369 1.0003132776808488 0.00107032571249066
0.27158846449779483 0.9988073615088096 0.001053449115103823
0.2720899074568573 1.0009355068984394 0.0010515490292103862
0.27241962266180053 0.9995037645346325 0.001070096086199826
0.2729773249467656 0.9979498393674451 0.0010539286658126762
0.2734787655779743 1.0006408748424491 0.0010515143498062412
0.27380849358905834 1.0000739719522915 0.0010707994017674827
0.27436618539573354 1.0005859867663265 0.0010546730156534604
