-0.2839548218594252 1.0003891382600882 0.00145991357278273
-0.28256592054413043 1.0019729733585838 0.0014599339765951553
-0.28117701876317436 1.0013497988460642 0.001460167107689574
-0.27978811744787957 0.9995886535745796 0.001459910152423328
-0.27839921566783166 1.0026075751117927 0.0014597991997955413
-0.27701031435253687 0.9972340791688888 0.0014583697975244162
-0.2756214130372421 1.003406835906821 0.0014609875783591266
-0.274232511256286 1.0004334304143585 0.001459724636878308
-0.27284360994008305 0.9970542254666436 0.0014587297536680192
-0.27145470815821615 0.9999742461029518 0.001459366373560573
-0.2700658068438322 1.000555225761036 0.0014590465257526433
-0.268676905528082 0.9993590033661428 0.0014593497547803393
-0.2672880037466705 0.9983209763591545 0.001458876461327928
-0.26589910243228654 1.0007079715075848 0.0014596976838948407
-0.26451020111653634 0.9997135107506026 0.0014585100558993749
-0.26312129933512485 1.0029010343589264 0.001460454105130309
-0.2617323980207409 1.0018146776504044 0.0014599644197979468
-0.2603434967049907 0.9974484390454356 0.0014588014315282392
-0.2589545949235792 1.0000740591135577 0.0014586969850165171
-0.25756569360919523 0.9989401981195702 0.0014590312549286981
-0.25617679229390045 0.9983708680722678 0.0014586764117509635
-0.25478789051294437 0.9997250618837048 0.0014590984494056536
-0.25339898919719417 0.9997794287029796 0.0014592720670538659
-0.2520100878809899 0.9977025440046261 0.001458641715460878
-0.250621186565241 0.99894538259251 0.0014593497247993802
-0.2492322847851931 0.9998844394931934 0.0014595717027419874
-0.24784338346944423 0.9990974445805996 0.0014580637906765701
-0.24645448215369536 0.99957880165467 0.0014596372718110957
-0.24506558083930874 1.0002694298765769 0.001459095149018842
-0.24367667905789858 0.9977870825408138 0.0014581766112137752
-0.2422877777421497 0.9993726446497302 0.0014594163484236147
-0.2408988764277631 0.9988796700281348 0.0014588002886326977
-0.23950997511201422 0.9994498334251791 0.001459321261051089
-0.23812107333105814 0.9980998333781925 0.0014585730238253474
-0.23673217201621743 0.9969527325027014 0.0014581646982706128
-0.23534327070001448 0.9980585148712732 0.0014582167205393552
-0.23395436938380887 0.9995130277072931 0.0014596754829978998
-0.2325654680694249 0.9975975203876568 0.0014585300156251346
-0.2311765667536747 0.9980936437462601 0.0014578752372544136
-0.22978766497226322 0.9968632065811531 0.0014579285381645392
-0.22839876365787926 1.001468610516783 0.0014600672578267183
-0.22700986234212905 0.9972363245734529 0.001457677204488905
-0.22562096102637885 0.9993969990284873 0.0014593077972003797
-0.2242320597119949 1.0019069459866297 0.0014602264731184774
-0.2228431583967001 0.9975191155731558 0.0014591956190063789
-0.22145425708140531 1.0019005761778412 0.0014610436107075147
-0.22006535576611053 1.002213029954427 0.0014600880858452847
-0.21867645398560853 1.000030489081694 0.0014591240719438062
-0.21728755266985966 0.9984809473748659 0.0014583984878895372
-0.21589865135365405 0.9988789294057566 0.0014598921526693817
-0.21450975003835926 1.000944634580984 0.001459974404002459
-0.21312084872306447 1.0015789798259374 0.001460911458975974
-0.21173194740776968 1.0005182798865087 0.0014596390216241183
-0.2103430460924749 1.0004739637481173 0.0014594640058154123
-0.2089541447771801 0.9984402027374468 0.0014585319511506974
-0.20756524346188532 1.0004042589459106 0.001459874848504982
-0.20617634214659053 0.9983826345700284 0.0014589211687271843
-0.20478744083129574 1.0007450153517685 0.0014602303569136964
-0.20339853951600095 1.000990689315148 0.0014595711450084863
-0.20200963820070617 0.998278960855252 0.00145890646734265
-0.20062073688541138 0.9979124488839651 0.001459019990718595
-0.1992318355701166 0.9987605423438793 0.0014597744224720901
-0.1978429342548218 1.0007871164002091 0.0014596327695861372
-0.19645403293861885 0.9980987647400098 0.0014591672318787598
-0.19506513162332406 0.9992662585371723 0.0014595644170931317
-0.19367623030802927 1.000530955603348 0.0014593973035625077
-0.19228732899273449 0.9991320269680748 0.0014590634802289495
-0.1908984276774397 0.9975556577841711 0.0014593759171176973
-0.1895095263621449 0.9995309981637078 0.0014597903105941122
-0.18812062504685012 0.9980415282643046 0.001458184421420399
-0.18673172373155533 0.9978865547826504 0.0014583451450720381
-0.18534282241626054 1.0006368319599384 0.0014599415093129685
-0.18395392110096576 0.9991918210034726 0.0014595206083937032
-0.18256501978567097 0.9984154876474332 0.0014586650254778183
-0.18117611893603747 0.9981683125317105 0.0014586305567629418
-0.17978721761983185 0.9977325077420535 0.0014587632644078637
-0.17839831630408298 1.0002690558272662 0.0014594072680258424
-0.17700941498924228 1.000199619001051 0.0014599237400036787
-0.1756205136739475 0.9991411405393102 0.0014592325386742855
-0.1742316123586527 1.0007163368255458 0.0014592916572972589
-0.1728427110433579 1.0000113072904462 0.0014591038461347103
-0.1714538101937244 0.9983650872486961 0.0014586614311768403
-0.17006490887842962 0.9998390986378397 0.0014596367735308876
-0.16867600756313483 1.0013272808182898 0.001459947009303339
-0.16728710624875087 1.0006671292479377 0.0014602645701760565
-0.16589820493300067 0.9997186414857046 0.0014601577907822811
-0.16450930361725047 0.9981612195092562 0.0014583121399996996
-0.1631204027685278 0.9987994022877896 0.00145862621217443
-0.16173150145232218 1.0009166458710386 0.0014604087442793056
-0.16034260013611923 1.000084939939872 0.0014605980748878763
-0.15895369882127852 0.9987457263576861 0.001459064801439556
-0.15756479750598373 0.9995492726252124 0.0014588485036653802
-0.15617589665589615 0.9996813836385585 0.001459010977062731
-0.15478699534150953 0.9990880081745259 0.001459462006119894
-0.15339809402576066 1.0023224307151843 0.001460288088971253
-0.1520091927100118 0.9984093563971544 0.001459494563415256
-0.15062029186128645 0.997184357608294 0.0014581982127227805
-0.14923139054553758 0.9995668094783992 0.0014601670148151253
-0.1478424892297887 0.9995470135697758 0.0014593284931634616
-0.14645358838106337 0.9938339315458596 0.0014567264193852865
-0.1450646870653145 0.9990130047322165 0.001458972973484982
-0.14367578574956563 1.0022992458198938 0.001460162842660254
-0.14228688443427084 0.9993055630559553 0.0014591256269418827
-0.14089798358372652 0.9972307673040226 0.001457650919047607
-0.13950908226843173 0.9995899084799773 0.0014589843736118363
-0.13812018095404777 0.9985732953605183 0.0014581380526242967
-0.13673128010395885 1.0002422437632976 0.0014600264265716074
-0.13534237878820865 0.997785996109468 0.001458401850732504
-0.13395347793948598 0.9993870289858916 0.0014597003190520595
-0.13256457662373577 1.0000686870602151 0.0014591526707599962
-0.13117567530798557 0.9990594487506836 0.0014583286663875327
-0.1297867744592629 1.001738806844176 0.0014605028259434877
-0.1283978731435127 0.9992030765784773 0.0014592036574171397
-0.1270089718277625 0.9991392302522135 0.0014600813823162397
-0.12562007097903982 0.9985962555247522 0.0014580568474905561
-0.12423116966283419 0.999413460070345 0.0014587752933157136
-0.12284226881229256 0.9971524871633038 0.0014581204440061732
-0.12145336749699777 1.0001405703831818 0.001458937250459331
-0.12006446618170298 0.9985867105713004 0.0014589234748587868
-0.11867556533206948 1.0012894919706747 0.0014598745689007506
-0.11728666401768283 0.9957925657859775 0.001457158132571684
-0.11589776316759526 0.9994312344812208 0.0014594241691543825
-0.1145088618518464 0.998676159066594 0.001458496676530544
-0.11311996100312104 0.9997499945041031 0.0014599897981288099
-0.11173105968782625 0.999974140841162 0.0014592848333425184
-0.11034215883819275 1.0007379626889066 0.0014593967398438704
-0.10895325752289796 0.997779358176561 0.0014583550702621073
-0.10756435667326446 0.9994107925293394 0.0014596645018277493
-0.10617545535706154 0.9984511144308663 0.0014579158232973354
-0.10478655450651718 0.9986578189101469 0.001458093999556763
-0.10339765319213325 0.9999669185122908 0.0014593714633246572
-0.10200875234204432 0.9999972446918355 0.001459558827072886
-0.10061985102674953 0.9997798157372464 0.0014593879774121422
-0.09923095017757146 0.9984128408324916 0.0014593081632688527
-0.09784204886227667 0.9995700912434192 0.0014596620203408195
-0.09645314801264317 0.9992061024194997 0.00145923689644659
-0.09506424669734838 0.999133681979017 0.0014589994248928211
-0.09367534584771488 1.0027082055156054 0.0014606962749043092
-0.09228644499808138 0.9963301820895283 0.0014572017163936744
-0.09089754368278659 1.0002485483393757 0.0014598852071051082
-0.08950864283315309 0.99907496911776 0.001459145113863388
-0.0881197415178583 0.9987144887467385 0.0014582465467215468
-0.08673084066776937 1.0005271640894169 0.0014593853254481828
-0.08534193981722638 1.0021995350213173 0.0014605486397457977
-0.08395303850147752 0.9995501109641003 0.0014590993120146205
-0.08256413765275215 0.997126115848816 0.0014584116491924357
-0.08117523680266459 0.9996713640401486 0.001458525418039039
-0.0797863354873698 1.0003502012646701 0.0014596596706541935
-0.07839743463819036 0.9991689893365351 0.0014582839312801581
-0.07700853378855686 0.9987722517053754 0.0014586572111254775
-0.07561963247326207 0.9993666778006549 0.0014595853248054753
-0.07423073162362857 1.0004111485937925 0.001459972792273464
-0.07284183077399507 0.9986436232674974 0.001458375786278055
-0.07145292945870028 0.9973156005515948 0.001458726977248276
-0.07006402860906678 1.000136738297171 0.0014591812998423486
-0.06867512775852515 0.9982810415014082 0.0014585057195343088
-0.0672862264423195 0.9997230588609056 0.0014590543375483656
-0.06589732559359686 0.9977592498256946 0.0014585700185594933
-0.06450842474350793 0.9971277185913712 0.0014578693203151963
-0.063119523893419 0.998200831932474 0.00145877058621638
-0.06173062257903506 0.998633105125062 0.0014582582437293239
-0.06034172173030971 0.9968730559357943 0.001457207801407139
-0.058952820880222134 0.9991858943382399 0.0014595076861352958
-0.05756392003013456 0.9971681334746533 0.0014584886356615932
-0.05617501871574792 0.9967067940627952 0.001458227783378217
-0.054786117865660344 0.9972574151498784 0.0014581349417175922
-0.05339721701557277 0.9985695551133269 0.0014599276665050313
-0.05200831616684742 0.9967471027837904 0.0014584112029221534
-0.050619414851098554 0.9991090138539935 0.001459395498623333
-0.04923051400055556 0.9973658524794734 0.0014577497361778573
-0.04784161315046664 0.9994872059070254 0.0014581512802280903
-0.046452712300833136 0.9971318812316876 0.0014583352808515584
-0.045063811451199635 0.9979505774989379 0.0014583384790790908
-0.043674910601566135 0.9999634745412875 0.0014594741678604533
-0.042286009286271346 0.9986641088828044 0.0014588648452521487
-0.040897108436637845 0.9974826714915115 0.0014582200578435926
-0.039508207587915185 0.9973896466750962 0.0014580386150127727
-0.038119306737826264 0.9970432548418501 0.0014576826462341201
-0.03673040588773734 0.99768467230229 0.0014582830214041299
-0.03534150503901468 1.0004775123233578 0.001459055714989688
-0.03395260418892576 0.9972442423340231 0.0014589529893132668
-0.03256370333883684 0.9973380874686496 0.001458199480972438
-0.03117480248920334 0.9983328318066704 0.0014588703220116833
-0.029785901173000402 0.9996147620688093 0.001458626206763631
-0.0283970003233669 0.9959616514349006 0.001456727513021782
-0.0270080994737334 0.9977074578623139 0.0014582677360920964
-0.0256191986240999 0.9968596801581906 0.0014577057252087894
-0.0242302977744664 0.9972048717308412 0.0014580006550990912
-0.022841396924832898 0.9953534312445013 0.0014577393282972691
-0.021452496075199397 0.9981137426292723 0.0014583934316881619
-0.020063595225565896 0.9979096883100077 0.0014580490844344092
-0.018674694376840544 0.9964593137047363 0.0014574410244033375
-0.01728579352675297 0.9995234941607748 0.001458897196539305
-0.015896892676665393 1.0011403765929487 0.0014595850250573705
-0.01450799182794004 0.9988440354211181 0.0014582188481158456
-0.013119090977398391 0.9968783350014969 0.0014583920413574554
-0.01173019012685405 0.9947327791712269 0.0014564583164512403
-0.010341289277220549 0.9993419874472325 0.0014584389022508702
-0.008952388427587048 0.9979353577247002 0.0014580432734168161
-0.007563487577953546 0.9982253095011221 0.0014590422620149102
-0.006174586728320045 1.000193215872229 0.001458862093295061
-0.004785685879597387 0.9969784252120002 0.0014579864732840702
-0.0033967850295084645 0.9989511575693654 0.0014591456954667966
-0.0020078841798749636 0.9964043256990017 0.0014576539215907479
-0.0006189833306968838 0.9992411378807405 0.0014581524597162391
0.0007699175189366172 0.9973520903559568 0.0014581482160872055
0.002158817902908831 0.9977320596687254 0.0014582052506805971
0.003547718752542332 0.9972632515839119 0.001458151472835362
0.004936619602175832 0.9989291613934868 0.0014591481485781794
0.006325520452720176 0.9987934482023016 0.0014582643797305468
0.007714421302353677 0.9992741538623547 0.0014583736236877868
0.009103322152441251 0.9948964298880946 0.001457667757086547
0.010492223002528826 0.9975969970095657 0.0014584228110801388
0.011881123851254179 0.9995625568273135 0.0014591746113802085
0.013270024235680467 0.9989031164870196 0.001458825835086565
0.014658925085768042 0.9954433349506241 0.0014579734537028687
0.016047825934493394 1.000039330642476 0.001459549442846769
0.017436726784126895 0.9986339148222875 0.0014585615947427257
0.018825627633760396 0.998611613822177 0.0014579483962152073
0.020214528483393897 1.000265227316481 0.001459185204343133
0.02160342886736611 0.996538765211484 0.0014570804845177197
0.02299232971699961 0.9965069355423569 0.0014571757749093533
0.024381230567087187 0.9982703363053406 0.0014588510793296307
0.025770131417630182 0.9937550106295678 0.0014572720532120634
0.027159032267719103 0.9972861425743429 0.0014587779418904153
0.028547932650780476 0.9981605059234765 0.0014582883439179931
0.029936833500869398 1.0005819673164644 0.0014596359801429687
0.03132573435095832 0.9944314088836945 0.0014570363488962347
0.03271463519968098 0.9985023735025542 0.0014586265494197141
0.03410353558410861 0.99804659047619 0.0014581031106676006
0.035492436434197534 0.9988289182300616 0.0014592706342992372
0.036881337282920194 0.9965591869618947 0.00145791368888213
0.038270238132553695 0.9964061410614342 0.0014577610693033071
0.03965913851652591 0.9985561380627251 0.0014594210510573396
0.04104803936615941 0.9992063000890331 0.0014584579474046907
0.04243694021670375 0.9994956133089998 0.0014591812817041918
0.043825840601584114 0.9962363694062143 0.0014576173440989223
0.045214741450309466 0.9985353388712296 0.0014589960475122207
0.04660364229994297 0.9989382484507976 0.0014594751919646625
0.04799254268391518 0.9989440485980354 0.0014600253865705581
0.04938144353354868 0.9970302600899497 0.0014586890072512495
0.05077034438318218 0.9981854785517351 0.0014577312421915618
0.052159244767154396 0.9961635047952715 0.0014581375941892143
0.0535481456167879 0.9988646668451222 0.0014582494012386183
0.0549370464664214 0.9984868090163482 0.0014592628720501441
0.05632594685039361 0.9959289318519332 0.0014577679874972773
0.05771484770002711 0.9951400822196758 0.0014572970954840002
0.059103748083088485 0.997359480634972 0.0014582988245114771
0.060492648933177406 0.9981429583006353 0.0014591611314571497
0.0618815497837204 0.9957426625237413 0.001458142190732068
0.06327045016814668 0.9981932560774149 0.0014592176495881164
0.06465935101778018 0.9977735980748504 0.0014581594018382193
0.0660482514017524 0.9986760969459906 0.0014603525946812388
0.0674371522513859 0.9976741570148068 0.0014586448931966124
0.06882605263535811 0.9989153107619773 0.0014594534840491355
0.07021495348499161 0.9989407585950106 0.0014590600345751707
0.07160385433462511 0.999386070082696 0.001458918923757983
0.07299275471859733 0.9987267089894633 0.0014590306177966936
0.07438165556823083 1.0007645543893515 0.0014601733031691594
0.07577055595174897 1.001018751775241 0.0014594497162972165
0.07715945680138248 1.0002120918018524 0.0014593141869761097
0.07854835718580876 0.997628081989356 0.001458008583386961
0.07993725803544226 0.9998449106468132 0.0014594250123118918
0.08132615842032533 0.999637682392738 0.0014583577930448136
0.08271505926995883 0.9962477425035576 0.0014574365108584986
0.08410395965393104 0.9993588539366447 0.0014588001505896199
0.08549286003790325 1.0005426947128544 0.001459882844192813
0.08688176088753675 0.9999754926224118 0.0014593084455529783
0.08827066127150897 0.9984080895017423 0.001458806376164545
0.08965956212114247 1.0000438967993213 0.001459716968497867
0.09104846250511468 0.998198499978909 0.0014579392202988485
0.09243736335474818 0.9970450657813027 0.0014578526440513465
0.0938262637387204 0.9997796805651377 0.001458843012570453
0.09521516412269261 1.0019911876989418 0.0014610197577148223
0.09660406497141526 0.9987025999225256 0.0014588855770839777
0.0979929653558429 1.0003355634213045 0.001459463591512785
0.0993818662063859 1.0000718882759683 0.0014596786700610397
0.10077076659081217 0.9991778031560459 0.0014591020536258148
0.10215966697387625 1.0031377781842783 0.0014603914116475768
0.10354856782396382 1.0005631148682994 0.001460393566619138
0.1049374682083901 0.9995686418742412 0.0014585919552005569
0.10632636859145418 0.9985912541714123 0.0014588485494411237
0.10771526944154175 0.9959871012334012 0.0014582833242255636
0.10910416982596803 1.001018351621279 0.0014593001063803784
0.11049307020903211 1.001303638402716 0.0014600120948991611
0.11188197105911968 0.9999026160231778 0.0014589200738401565
0.11327087144354596 0.9986749723122997 0.0014578075826085653
0.11465977182661004 0.998918935698813 0.0014597915589787966
0.11604867267624354 0.9994532211351584 0.001458939673532702
0.11743757306112389 1.0029520529977323 0.001460657350727535
0.1188264734450961 0.9994768509862276 0.001458976657292346
0.12021537429518503 0.9990349029565138 0.0014588813582296508
0.12160427467961267 0.9990951243430307 0.001459225524273034
0.12299317506267403 1.0011939210385599 0.0014602943042862932
0.12438207544710167 0.998057725821009 0.0014575420885879805
0.12577097629719058 0.9998827552519376 0.0014593333910132014
0.12715987668025197 0.9995937074106929 0.001459971546025523
0.1285487770646796 0.9987070393645069 0.001458487485416087
0.12993767744910723 0.9999835194888972 0.001459092497689664
0.1313265778321686 1.001552055715995 0.0014596989071634437
0.13271547868225753 0.9996254876674167 0.0014583813711686268
0.13410437906622974 0.9997339396293027 0.0014599319634522035
0.13549327945020195 0.9964446247338333 0.001457717223075789
0.13688217983508366 1.0005199481827551 0.001459532618449411
0.13827108021950996 0.9998872203229471 0.0014590689009612893
0.1396599810682353 0.9988219754245866 0.001458615997479834
0.1410488814526616 1.0009711826854557 0.0014596350223273994
0.14243778183708788 0.9984274968709587 0.0014584713301716847
0.14382668222015194 0.999109223892453 0.0014591511279386541
0.14521558260457823 0.9999677944380206 0.0014593045800296376
0.14660448298900453 1.0002755972547015 0.001459671432714059
0.14799338337206858 0.9982869542412828 0.0014581044246801983
0.14938228422170208 0.9989585625838951 0.0014587922500655397
0.1507711846056743 0.9999889787125918 0.0014595185709676457
0.1521600849896465 1.0011431281737904 0.0014603752606120533
0.1535489853740728 1.0010186516418296 0.001460289496512906
0.1549378857584991 1.0001985909237103 0.0014598230975200602
0.1563267861424713 0.9991236825995518 0.001458825924543281
0.15771568652644352 1.0003629843330986 0.0014596494737396694
0.15910458691041574 0.997195954069851 0.0014585964757383397
0.16049348729438795 0.9985148067520309 0.0014580523860551974
0.16188238767836016 0.9998616486230543 0.0014589746730553845
0.16327128806233238 1.0008710004845869 0.0014596405292537273
0.1646601884463046 0.9996590142746615 0.0014599448215597184
0.1660490888302768 0.9993936532864632 0.0014590921957325365
0.16743798921424902 0.9992434495822127 0.0014585386829024547
0.16882688959822123 0.9996536740228292 0.001459223266021913
0.17021578998219344 1.000187275045136 0.0014593506715131145
0.17160469036616566 1.0008424668394853 0.001460538010863383
0.1729935907510487 0.9986207182704516 0.0014585174045961137
0.1743824911350209 1.0013131610856432 0.0014603275198264863
0.17577139151899313 1.0010942444938644 0.0014598363396931674
0.17716029190296534 0.9999174937379839 0.001459195947931762
0.17854919228693755 1.0012008855572858 0.0014595667663796436
0.17993809267090977 0.9998003626392117 0.0014592650329997862
0.18132699305488198 0.999770318801108 0.001459396975610901
0.1827158934388542 0.996324899787318 0.0014583008054890553
0.1841047938228264 0.9997433378714258 0.0014596620249258732
0.18549369420679862 1.000534658163477 0.001459959113101542
0.18688259459077083 0.9982813787746802 0.001458240739115533
0.18827149497474305 0.9993388067794425 0.0014597760641298849
0.18966039535871526 0.9978905717948553 0.0014586730252207926
0.19104929574314156 0.9986468812379774 0.0014578688731095553
0.19243819566236198 0.9994161141571354 0.0014598245112431853
0.1938270960463342 1.0006455767240898 0.0014598372489079792
0.195215996429851 1.0018588463137539 0.0014602890192987386
0.1966048968138232 0.9977494474589633 0.0014591729477821183
0.19799379719779542 0.9983302805352493 0.0014584995123770794
0.19938269758176763 1.0027497996254087 0.001462108260883971
0.20077159796483168 0.9996685053198172 0.001460500700474892
0.2021604978835967 1.0039969927207653 0.001462248880656716
0.20354939826802299 1.0007050173637657 0.0014593394422852998
0.20493829865108704 0.9991663113559072 0.0014590699164342372
0.20632719903551333 1.0012912461448824 0.001459937700726319
0.20771609941993963 0.9987183352349593 0.0014587928897803676
0.2091049993373424 0.9971279932299028 0.0014573895370155107
0.21049389972222277 1.001298059999569 0.0014597700605836813
0.2118828001071058 0.9991749535161468 0.0014584227628286948
0.2132717004906226 0.9983709197482283 0.0014587042730800901
0.21466060087459482 1.0004645496155677 0.00145969325115219
0.21604950079336116 1.0000177966395605 0.0014585691321168757
0.21743840117642255 1.0005767905029057 0.0014603044268564646
0.21882730156085017 1.0008862838332666 0.0014592807911647505
0.2202162014796165 0.9980759256516581 0.001458853089048389
0.2216051018626779 1.0021074144269129 0.0014596021408635053
0.22299400224710553 0.9978615436190126 0.0014578951017254766
0.22438290263153315 0.9994858408529935 0.001458735568814445
0.22577180254893325 1.0009754462793066 0.001459359829815086
0.22716070293336088 0.9999773979210186 0.001458353746101172
0.2285496033182426 0.998664220765179 0.001458202493591313
0.2299385032370076 1.0001097659824523 0.0014600728386945283
0.2313274036209798 0.9989243748962408 0.0014584995358268265
0.23271630400495202 0.9979108952021077 0.0014583644492033928
0.2341052039223548 1.0029343842155374 0.0014604332180089953
0.23549410430678108 0.9983387951388374 0.0014581211412236174
0.23688300469120738 1.000874676068699 0.0014600720985812536
0.23827190460861014 1.0037080669015175 0.0014611883397976646
0.23966080499303644 1.0007309820745873 0.0014590325686336001
0.24104970537746273 1.0012666472406069 0.0014593884067533869
0.2424386052948655 1.0029794677100978 0.0014612685466823337
0.2438275056792918 0.9994569048102028 0.0014588948096559754
0.2452164055980568 0.9975779930479748 0.0014585356004247446
0.246605305982029 0.9975273402846893 0.0014583486394635792
0.24799420590125076 0.998863638131396 0.0014589444188452623
0.24938310628522298 1.0000876305446618 0.0014596588324020563
0.2507720066691952 0.999307149125977 0.0014588997603286577
0.2521609065865953 1.00043473568909 0.0014592506010484383
0.2535498069705675 1.001504920051976 0.001460045502379338
0.25493870688887843 1.0023822870908068 0.001459587662880308
0.25632760727285064 1.0003571053856193 0.0014589900208550296
0.25771650719116157 1.0001718743668386 0.0014596354701966246
0.2591054075751338 0.9996802013607807 0.0014587849740211123
0.2604943074934447 0.9973869154008557 0.0014584309929654093
0.2618832078774169 0.9999122589009422 0.0014584626877346735
0.26327210779572785 1.0020809067518406 0.0014591716441165502
0.26466100817970006 0.9986319319051012 0.0014582077420783983
0.2660499080989218 1.0022073305057264 0.001459395657794319
0.2674388084838022 1.0000340847623268 0.0014600401835432924
0.26882770840120496 0.999104118521327 0.0014591667668144917
0.27021660878563125 1.0018843600680796 0.0014603536420664935
0.2716055087039422 0.9989570206072844 0.0014594954598129467
0.2729944090874603 1.0025499524052868 0.0014609941636525388
0.27438330900577124 1.0002300789701222 0.0014602357732815437
0.27577220892408216 0.9985423866116238 0.0014580187437479
0.2771611093080544 1.0018591970679307 0.0014605255073745064
0.2785500092263653 1.0027473045370454 0.0014613997537413765
0.2799389096103375 0.9982452426687113 0.0014595539779258023
0.28132780952864844 1.0021425676108449 0.0014597808432600717
0.28271670944695937 0.9989956317783869 0.0014593824251598333
0.28410560983183974 1.0003651500634632 0.0014599059988286297
