-0.22905352194470618 1.0010409035529086 0.0006697000587519383
-0.22897700862750653 1.0006459702105737 0.0006283275243172294
-0.22849705581508747 0.9995443869605872 0.0006240878054827323
-0.22801831628911748 0.9997947556311467 0.0006535154303592038
-0.2276646215668734 0.9997413217653333 0.0006695471314529374
-0.2275881380510873 1.0008308779785604 0.0006286417245172169
-0.22710816195651204 1.0005304012276703 0.0006245646142485734
-0.2266294387286871 1.0002366975556778 0.0006538588964360638
-0.2262757207231516 1.0007574072763061 0.0006697116550014922
-0.2261992679419193 1.000065015344516 0.0006282382017243322
-0.22571926763204897 1.0017404357382662 0.0006248492156425446
-0.22524056070236906 1.0000202507712566 0.0006537573189786535
-0.2248868203450911 0.9997427410609223 0.0006692669449511756
-0.22481039736709002 1.0001015787290921 0.0006285302107956954
-0.22433037377324716 0.9995941482011051 0.0006248405119947086
-0.2238516831417123 1.000886978815072 0.0006537915822318464
-0.22349791950227882 1.0003884264877545 0.0006697072786582826
-0.22342152725701117 1.0005193990288408 0.0006278419196448009
-0.22294147944901044 0.9980749345766209 0.000623860438362714
-0.22246280511630243 0.9988429666416312 0.0006535570555411451
-0.22210901865946653 0.9997096602333445 0.0006687068277333773
-0.22203265668127642 0.9998145009000583 0.0006293290423743169
-0.221552585590435 0.9996403925573536 0.000624593756618976
-0.22107392755655383 1.0002999469791896 0.0006537770125193021
-0.22072011828072424 1.0002706732505462 0.0006693528464306232
-0.22064378610576266 0.9999609919799153 0.0006282344685862569
-0.2201636912659719 0.9996304415118417 0.0006245964728492512
-0.2196850495302358 1.000369640715895 0.0006535011126670978
-0.21933121743632 1.0006716368989088 0.0006689819483615815
-0.2192549159963683 1.0014742463178883 0.0006282028218587719
-0.21877479694241697 0.9991637911994193 0.0006244263021191227
-0.21829617196957904 0.9996585926895236 0.0006535745098226076
-0.2179423170582595 0.9999250287518908 0.0006682520650913725
-0.217866045421539 0.9996467158019793 0.0006285015929848721
-0.21738590308429695 1.0003959729951661 0.0006245959006447196
-0.21690729394348737 0.9998152351760775 0.0006535242004617929
-0.21655341621476543 1.0000694877584142 0.0006693786687607055
-0.21647717531146554 0.9996527439165321 0.0006276763004395874
-0.21599700875983116 0.9998536220729332 0.0006258385901706209
-0.215518416383057 0.9998639564536759 0.0006539688010312208
-0.21516451583693197 1.0004546028298131 0.0006687353759266823
-0.2150883047357254 1.0004979768683213 0.0006280958388624334
-0.21460811490034756 0.9999340802018648 0.0006250867278763681
-0.21377561499321018 0.9996676245579502 0.0006685073329065455
-0.21369943462587832 0.9987087047969142 0.0006279990578055604
-0.21321922057542905 1.0007228438565483 0.0006251297747187804
-0.212740660796764 1.000054083945431 0.0006529326239496218
-0.21238671461514969 1.0001388630962442 0.0006694986614983173
-0.21231056405082266 1.0006541236210738 0.0006280514820139265
-0.21183032671662727 1.0010226140872094 0.0006248866485506988
-0.21135178323678633 0.9998240504142618 0.0006529558313081858
-0.21099781377165494 0.9997223859219505 0.0006685365396641859
-0.21092169347599338 0.9998997366013117 0.0006279245339660604
-0.21044143239239052 1.0001139577910354 0.0006255605158224612
-0.20996290521069735 0.9998728915725802 0.0006535550237171281
-0.2096089133935951 0.9996395985531971 0.0006676266196907092
-0.20953282336591453 0.9996942039207148 0.0006289669834584123
-0.20905253853381509 0.999395629867519 0.0006247293600633707
-0.20857402765026697 0.9995248087024454 0.0006531707233140596
-0.20822001255010036 0.9990101922719541 0.0006686986336457383
-0.20814395279040615 0.9991789887933312 0.0006277443382509509
-0.20766364421003378 0.99962354415417 0.0006246262859161884
-0.20718514962326448 0.9993206166461192 0.0006533329682700098
-0.20683111217272232 1.0001981184469373 0.0006683435393352435
-0.20675508268055368 1.0004418531037647 0.0006287653533590171
-0.20627475035191378 1.0006099635404635 0.0006246949325523607
-0.20579627206192594 1.000567163891066 0.0006531989249431377
-0.20544221132968232 0.999071382106475 0.000668690830690279
-0.20536621210549802 0.9989053408190613 0.0006292141916258364
-0.20488585602767703 0.9999166791628056 0.0006251163341300565
-0.20440739403651606 0.9998366749643568 0.0006531770005701187
-0.20405331095184953 1.0004490505804757 0.0006683785174089054
-0.20397734199610365 1.0009760887773769 0.0006283113100693474
-0.20349696216887525 0.99948731904335 0.0006241511487477461
-0.20301851647676744 1.0002419472140511 0.0006529353693292654
-0.2026644101083548 1.0005993757337226 0.0006682235268751413
-0.20258847142059527 0.9995871884185147 0.0006283437119270636
-0.20210806784463853 1.0002322037518787 0.0006250827935485143
-0.20162963891611071 0.9992832574955076 0.0006538219555635432
-0.2012755097302943 1.0006762489058487 0.0006683306329966314
-0.20119960131051642 0.9996687799219435 0.0006281703037065334
-0.20071917398583672 1.001258535014225 0.00062498059940427
-0.20024076088979267 1.000543231261053 0.0006537340862315594
-0.1998866088865725 0.9991257757637483 0.0006683274060730453
-0.19981073073409722 0.9999364167359263 0.0006277030552750012
-0.19933027966137093 1.0002434164318728 0.0006246840906836175
-0.19885188332913592 0.9996647696488588 0.0006534907430401878
-0.19849770850873905 1.0002088423020095 0.0006687064511425832
-0.19842186062425013 1.0003464800513617 0.0006288663584198052
-0.1979413858027955 1.0003402158093542 0.0006245092597051805
-0.19746300530304425 1.000242666833448 0.000652459179990559
-0.19710880766524497 0.9999586364672348 0.0006677533473729449
-0.1970329900491891 1.0004877911447476 0.0006281866114609625
-0.19655249147901419 1.0018488087170216 0.0006257315739386397
-0.1960741277430693 0.999417700522235 0.0006530208961363214
-0.19571990728718447 0.9994764683114923 0.0006680700165448291
-0.195644119939342 1.0002262953530123 0.0006288086386006847
-0.19516359762112323 0.999552170604581 0.0006255532346017442
-0.1946852497176594 1.0007979329509975 0.0006537904409042672
-0.19433100644346268 0.9986162738261543 0.0006673499094656502
-0.19425524936383362 0.9999571153071573 0.0006293233266105066
-0.19377470329665744 1.000330821158916 0.0006254562505297609
-0.19329637215700265 1.0008395164328163 0.0006534630089151415
-0.19294210606494744 0.9992174548166434 0.0006679250185861186
-0.19286637925375477 1.0003158762781328 0.0006286382378165458
-0.192385809438082 1.0000329622978668 0.0006254189602870175
-0.19190749459657228 1.0004046893934448 0.000653243930187744
-0.19155320522054387 1.000184653428522 0.0006673398115116452
-0.19147750867801464 0.9996476793659159 0.0006280527129851894
-0.1909969151136189 0.9995770319024403 0.0006248930947164811
-0.1905186165704806 0.9996067443170921 0.000653097338506504
-0.19016430484316516 0.9992327322741665 0.0006670913105626237
-0.19008863856884664 0.9992185010381119 0.0006281709045090039
-0.18960802125504347 1.001392669826262 0.0006253635592328752
-0.18912973900982386 1.000529660259755 0.000653135548754119
-0.18877540400035286 1.0001187295650444 0.000667832208858209
-0.18869976799379098 1.0006059690094566 0.0006282795425995617
-0.18821912693058038 1.001147844875942 0.0006257670654000951
-0.18774086098441398 0.9997526836386527 0.000652967388311824
-0.18738650362229237 1.0004451100830904 0.0006674916725881566
-0.1873108978839439 0.9988573143541393 0.0006280451183543561
-0.1868302330717786 0.999645738239365 0.0006250067037876024
-0.186351983424439 0.9990086872402882 0.0006527952067910464
-0.1859976027787983 1.0006377503125274 0.0006678175553074058
-0.18592202730820376 1.0005422557828638 0.0006287401533675236
-0.18544133874754185 0.9998472211202764 0.0006255695165436637
-0.18496310539812097 0.9990976266789421 0.0006539211614562932
-0.18460870240096483 1.0001065693063471 0.0006678354722455202
-0.1845331571981303 0.9998693912798701 0.0006278777645698798
-0.1840524448889664 0.998941509913427 0.0006249914357574248
-0.1835742278376906 0.9995857757513578 0.0006529053055125718
-0.18321980155724304 1.000097868505021 0.0006674670714687142
-0.183144286623301 0.9994423908324997 0.0006279920661235613
-0.18266355056450334 1.0000107300461083 0.000625069719685444
-0.18218535027703114 0.9999535382416012 0.0006528709471609185
-0.18183090117918255 0.9991669467947388 0.000667100604421017
-0.18175541651413302 0.9999539004979522 0.0006281779322399343
-0.18127465670570153 0.9993513046543862 0.0006245790640186659
-0.18079647225071313 1.000223133021114 0.0006532237248954503
-0.18044200033546076 1.0000406478189525 0.0006677018664486108
-0.18036654593839288 1.000279763586351 0.0006272435697948423
-0.1798857623814648 1.000383420771391 0.0006251255356348534
-0.17940759469096723 1.0006634315098397 0.000653310107975146
-0.17905309995762797 0.9999673381731644 0.000667372890510881
-0.17897767582831942 1.0006201623800877 0.0006284691246323619
-0.1784968685226603 0.9994147841488233 0.0006246330408573004
-0.1780187166646465 1.0000715982407085 0.0006525141006316847
-0.17766419911413323 1.001274199539481 0.0006675886666833655
-0.17758880525280565 0.999312503608044 0.0006277402591309158
-0.17710797466408756 0.9987491098816623 0.0006256150535144063
-0.17662983910353433 0.9985967983390076 0.0006529686690830006
-0.17627529873607273 1.0004501286430947 0.0006676378794451247
-0.17619993514341128 1.0015652642184727 0.00062822146996675
-0.17571908033962177 1.0000470372017765 0.000625220563732368
-0.17524096154287758 0.9987183183326285 0.0006527784073056212
-0.17488639789235094 1.0008704702792575 0.0006671128959651819
-0.174811064568582 0.9999646359786873 0.0006277032249691459
-0.17433018648173082 0.9997973603306526 0.0006248592679159044
-0.1738520835167859 0.9996142488699982 0.0006546187061763545
-0.17349749751519994 0.9998273833848401 0.0006668939488421514
-0.17342219445850854 0.999128699404813 0.0006281799074495813
-0.17294129215794682 0.9992466733887374 0.000624996702407551
-0.17246320595612916 1.0016483159086311 0.0006535701859646365
-0.17210859667238765 0.9987109033011176 0.0006658913928096157
-0.17203332434797697 0.9993585431768363 0.0006279439827718425
-0.17155239829937408 1.0001311582291088 0.0006258634552365608
-0.1710743279304929 1.0005165701552545 0.0006533753317803169
-0.17071969582866586 0.9997253374585168 0.0006673161454329514
-0.17064445377155776 1.0001189059578504 0.0006279984117795612
-0.1701635039749083 0.9989838032123146 0.0006248991819101649
-0.1696854503707443 0.9997675680878967 0.000653355603379722
-0.16933079545060536 0.9996889131977816 0.0006663720086208417
-0.169255583662158 1.0001249303192945 0.0006279167148448467
-0.16877461011610648 0.9994986597838758 0.000624288453138134
-0.16829657281008756 0.9999967833354857 0.000653401732924396
-0.16794189460688358 1.0005302003489727 0.0006679313173133154
-0.1678667130873341 1.0008536126718934 0.0006283646684169453
-0.16738571625753104 0.9996241555423703 0.0006251865197615546
-0.1669076947839959 1.0002330287241261 0.0006525779579778384
-0.1665529942290508 0.9997971580187316 0.0006661026898296652
-0.16647784297725526 0.9992419774656454 0.0006275226483978784
-0.16599682193306795 1.0003698223308657 0.0006251504378128815
-0.1655188172235655 1.0005758992707618 0.0006533392064723977
-0.16516409338555604 0.9996096351975652 0.000666240929897062
-0.1650889724017469 0.9992770449672187 0.0006277281318475825
-0.1646079280744925 0.9989987982359341 0.0006253904702902782
-0.16412993919724747 0.9992841903213858 0.0006522236296588535
-0.1637751930068131 1.0006702363328177 0.0006665993500521156
-0.1637001022918944 1.000514252069143 0.0006278259750783334
-0.1632190337507112 0.9998019952156892 0.0006252298662418358
-0.16274106163659074 1.0004239972684998 0.0006526399678690128
-0.16238629216240952 1.000278785729294 0.0006661959822845588
-0.16231123218250004 1.0001633288019878 0.0006276681924589619
-0.1618301398925912 0.9991892447514956 0.0006249031566740396
-0.16135218407684213 1.0000003573990783 0.0006526337523609187
-0.16099739178457673 1.0001428223143771 0.0006662198672709195
-0.1609223616074444 1.0003238513057988 0.0006281219128356983
-0.16044124603401574 1.0000822214948095 0.000624404761505494
-0.15996330605143225 1.0003444076700339 0.0006529407432739839
-0.15960849094085428 0.9982365858805268 0.0006656232555042984
-0.15953349149736554 1.0004689312196446 0.0006279628713092686
-0.15905235170977902 1.0005332187913625 0.0006255735167992837
-0.1585744284907755 0.9997543551626455 0.0006525177738655515
-0.15821959056347623 0.9996376969471468 0.0006660403358104617
-0.15814462092185716 1.001180467458435 0.0006290233584804545
-0.15766345785097724 1.0000425125273327 0.000624775400594114
-0.15718555093011877 0.9996632325600151 0.0006529958153228173
-0.15683068972066394 1.000729077644355 0.000666027275415503
-0.15675575081200468 1.0001580126798915 0.0006275285848664638
-0.15627456352605873 0.999485261197 0.0006257736449343006
-0.15579667290379803 1.0015691998926946 0.0006530622500215611
-0.15544178934260344 1.0005160856222886 0.0006658053060358532
-0.15488566966657244 1.0003555299151623 0.0006248429036097763
-0.15440779534336765 0.9988611434855573 0.0006523503886702985
-0.1540528884991087 0.9999592284958481 0.0006662523966670369
-0.15397801012755466 0.999245115251701 0.0006270721690689016
-0.15349677580777063 1.0033996595717012 0.0006259502306407663
-0.1530189173177314 0.9999716489168635 0.0006517988604040911
-0.1526639881212759 1.0000770719984198 0.0006659597827970412
-0.15258914001770757 0.999877944397621 0.0006268342858554729
-0.15210788148398932 1.001079292782404 0.0006250562946813618
-0.1516300397579855 0.9998334680399796 0.0006524595119730582
-0.15127508727755412 1.0000512042292906 0.0006657729183409377
-0.1512002694421938 0.9999101441956102 0.0006275809856554182
-0.15071898762609567 1.0000159201118057 0.0006253766236538935
-0.15024116219687333 0.9990163951220726 0.0006521149825927429
-0.14988618689949362 1.0006188599814687 0.0006659031331567378
-0.14981139933212034 0.9998942254173222 0.0006281317865253974
-0.14933009330163258 0.9999676223769802 0.0006256824018212681
-0.1488522841698708 0.9997228037017797 0.0006519431258928919
-0.14849728605599954 1.0003363110952739 0.0006664623168134268
-0.14842252922295235 0.9990553018115143 0.0006269293013267035
-0.14794119944305714 1.000056050225295 0.0006255338141096067
-0.14746340660944043 0.9998550292347783 0.0006524679052281318
-0.14710838567793838 1.0000728408441861 0.0006653341528834841
-0.1470336586478967 1.0007304992997295 0.0006274114885577766
-0.1465523055844817 0.9998726931673976 0.0006247628928876684
-0.14607452904878368 1.000404776987892 0.0006531622111467101
-0.1457194848344443 1.0002580999267545 0.0006662561770748492
-0.14564478853781784 0.9992722489492893 0.0006264051929041112
-0.1451634112600186 1.0006089321981546 0.0006260107479000127
-0.14468565102314743 1.0007751278657218 0.000651828466177021
-0.1443305844563838 1.0007092046393355 0.0006654077798148486
-0.14425591842797075 1.0003581462227498 0.000627166427943508
-0.14377451740121683 1.0007706538082843 0.0006263080885376516
-0.14329677346317246 0.9999770094157759 0.0006523599794688424
-0.14294168361266202 1.000369146637049 0.0006654551122823008
-0.14286704785155152 0.9988761445067106 0.0006277451758763792
-0.14238562354264137 0.9998195588864744 0.000624749601897321
-0.1419078954370808 0.9997177993447323 0.0006526193193605195
-0.14155278323551101 0.9996835458505643 0.0006652058062898853
-0.14147817774169905 1.0004234843442852 0.0006270100093525174
-0.14099672921886008 0.9995821669049713 0.0006251014096485276
-0.14051901787665041 1.0005146086312018 0.0006521569847393227
-0.14016388239269872 1.0001768544126963 0.0006655323936805155
-0.14008930763230468 1.0000624221511711 0.0006275376419135114
-0.1396078353609664 1.0005714474830938 0.0006254545844266994
-0.13913014031599366 0.9997239931766634 0.0006520909683408142
-0.13877498154897694 1.0014852324075483 0.0006654337960537833
-0.1387004370567963 0.9997011868759511 0.0006267655883665886
-0.13821894150216463 1.0008779013470734 0.0006248153203631787
-0.13774126228967293 1.0004031110068126 0.0006522275030569846
-0.13738608117091644 1.0000948947234838 0.0006657322314659637
-0.13731156694671748 1.0004981173786327 0.0006271448777637541
-0.13683004717770153 1.0003240429492273 0.0006251781124633871
-0.13635238472992703 0.9998018987699141 0.0006517994071600313
-0.13599718032742236 0.9995821529103378 0.0006654460433673122
-0.13592269683663863 1.0001206680886503 0.0006279250898214142
-0.1354411533191261 0.9983664723047195 0.0006248224077005866
-0.13496350717017844 1.0003288985828533 0.0006516773382875593
-0.1346082799486794 0.9998341127688641 0.0006646572485477715
-0.13453382626181473 0.9991297534764552 0.000626659171525399
-0.13405225946055066 0.999484050314755 0.0006254481090402292
-0.1335746291438604 1.0000483640272178 0.0006513344724714577
-0.13321937910450288 1.0000979945685735 0.0006652498631451309
-0.1331449561526467 1.0000694546705433 0.0006265849819440213
-0.13266336513608756 0.9996942559294343 0.0006251031786537385
-0.13218575158320095 1.0006325455778273 0.000652300993984027
-0.13183047872644238 0.9986944177552033 0.0006647875898515435
-0.1317560860425679 1.0009468422197911 0.0006267549265328357
-0.13127447127728306 0.9997467913285035 0.0006255094615048873
-0.13079687402254422 0.9993775785076012 0.000651730990558938
-0.1304415778827206 0.999576250071231 0.0006647914279074645
-0.13036721546682775 1.0011513215158336 0.0006268637546137517
-0.12988557741870763 1.0004316392912456 0.0006252228258451748
-0.12940799599645256 0.9999173279339977 0.0006517614518084396
-0.12905267750488714 0.9997539398239811 0.0006653082569447027
-0.1289783453567543 0.9998153677356638 0.000626410994196305
-0.1284966830944736 1.0007862367538727 0.0006254571656953705
-0.1280191184364776 0.9999050579116957 0.0006518319123215771
-0.12766377666139306 1.0004700065204837 0.0006648567932304517
-0.1275894752475863 0.9999537975300458 0.0006268428707465037
-0.1271077892356691 0.9994582052621419 0.0006253754330779732
-0.12663024041106768 0.9991463526349841 0.0006519560415534238
-0.12627487628333256 0.9995376822358154 0.0006645054135765012
-0.126200604672757 1.001403413177633 0.0006268927285911827
-0.12571889537686728 1.0008247157819732 0.0006255447299102033
-0.12524136285041096 1.0008125518715079 0.0006515964977269156
-0.12488597544052027 1.0012531355958523 0.0006652335518762849
-0.12481173456267815 0.9993105488353193 0.0006262805254093307
-0.12433000151806549 1.0009024895603613 0.000625779590828212
-0.12385248528998057 1.0005784730360805 0.0006519529451020035
-0.12349707506314156 1.0006988433439283 0.0006644947412992096
-0.1234228644526047 1.0008276342935454 0.0006260264436176448
-0.12294110719382877 1.0005013739626547 0.0006256109530716774
-0.12246360726389159 0.9999413900912325 0.0006520878179245064
-0.12210817421964748 0.9996562405484033 0.0006639935270011813
-0.12203399387709093 1.000173657281364 0.0006265879857932785
-0.12155221333525333 0.9989941427571808 0.0006257974460941089
-0.12107472970255037 1.0007260746202196 0.0006516308220805665
-0.12071927384158698 0.999738737627665 0.0006640971053054561
-0.12064512376724384 1.0008854501282571 0.0006261622352629008
-0.12016331947645152 1.0002449359039656 0.0006255133768878314
-0.11968585214121184 1.0001428329601292 0.000651597145499225
-0.1193303729978652 0.9998268977319669 0.0006643493761962625
-0.11925625365784948 0.9994110744472482 0.0006263935769826267
-0.11877442515198844 1.0004038760892413 0.0006256960909810211
-0.11829697411580195 1.0000147717754733 0.0006509437706149657
-0.1179414726198047 0.9989605500799019 0.0006636677648432024
-0.1178673835484551 0.9992888103579735 0.0006261192443863411
-0.11738553129409478 1.0007499677797143 0.000625595482617536
-0.11690809655582698 1.0008923858437657 0.0006516264861110168
-0.11655257177630995 1.0004951076379265 0.00066474403859795
-0.11647851297294134 0.9998788063191446 0.0006262297392727795
-0.11599663743620113 0.9996335119314083 0.0006246084304974015
-0.1155192189953966 0.9995773328919234 0.0006513613973308477
-0.11516367139847716 0.9996089083535947 0.0006642643238135113
-0.11508964286286788 0.998610602083161 0.0006259591110556777
-0.11460774357739932 0.9995785802340651 0.0006257514935844715
-0.11413034096907858 0.999153708825802 0.0006514122379731708
-0.11377477055475538 0.998929547690683 0.0006641398352504571
-0.11370077275210995 0.9997030100604001 0.0006260026116314363
-0.11321884925293624 1.0001540525757644 0.0006260746483919935
-0.11274146340842182 1.0003884809964174 0.0006510473284158302
-0.11238587017669488 0.9986732872950851 0.0006646328768947174
-0.11231190217659619 0.9994110901401682 0.0006256764412002506
-0.11135258584799144 1.0001243717380712 0.000651385251286902
-0.1109969693332008 0.9989394383028724 0.0006642281196262569
-0.11092303206720182 1.0006368350318284 0.0006255954913131898
-0.1104410615355563 1.0006360754437365 0.0006245989023210581
-0.1099637078223525 0.9996778707446833 0.0006509360506826722
-0.10960806848947835 0.999841916835857 0.0006641987508889198
-0.10953416195735473 1.0004170436114594 0.0006264167471027511
-0.10905216721132227 0.9998373567313796 0.0006240457400495361
-0.1085748302626066 1.0010117822055709 0.0006517452859592196
-0.1082191681121003 1.0005875079920996 0.0006646076817549202
-0.10814529184750225 0.9992149172166866 0.0006263026242606615
-0.10766327335251777 0.998925425405873 0.0006247294897351197
-0.10718595270194985 0.9995225189839805 0.0006511687679353211
-0.10683026726860556 0.9995701572666461 0.0006642952301136935
-0.1067564212717675 1.0007839467075996 0.0006271140431845785
-0.10627437949462681 0.9999000388631722 0.0006252531179554535
-0.10579707467585818 0.9992974149875113 0.0006509201683907748
-0.10544136688986327 1.0002610297902408 0.000664412598419676
-0.10536755116259951 0.9990666120551065 0.000625485673068056
-0.10440819711519873 0.9997632818875499 0.0006513540816600051
-0.1040524660463692 0.9998700510770798 0.0006638390827622336
-0.10397868105320514 1.00087913838239 0.0006265163328284507
-0.10349659131227007 1.0010277699479637 0.0006259192423329388
-0.10301931955476835 0.9997734067978199 0.0006509025992337052
-0.10266356566853574 1.0000466148248615 0.0006640724706621672
-0.10258981094312629 0.9986887489990661 0.0006254459653130982
-0.10210769745346557 1.0000065607867028 0.0006256025229870582
-0.10163044199479339 1.0011750279341656 0.0006518223456876368
-0.10127466482481395 0.9996130721179685 0.0006637646553927649
-0.10120094036761791 0.9994029440414429 0.0006253110861759907
-0.10024156396915714 1.0002761566711373 0.0006509856084868914
-0.09988576444675346 0.9999004511945291 0.0006637780785006114
-0.09981207025753908 1.0008521845993028 0.0006254349597532634
-0.09932990973540655 0.9999545513321828 0.0006257396941231592
-0.09885268640872676 0.9993387324440344 0.0006514435005257795
-0.09849686360325871 1.0004881481457195 0.0006642705769472649
-0.09842320014837107 1.0007330216257773 0.0006264047955862465
-0.09794101587592297 0.9993888842664539 0.0006260226205568334
-0.09746380884829638 1.0002403001881894 0.0006511469396298197
-0.09710796322519888 1.000279930408442 0.0006641227716964248
-0.0970343300389767 0.9999731756826475 0.0006249509431668419
-0.09655212155168623 1.0005072783256344 0.0006267157082684995
-0.09607493082197834 1.0004994277787163 0.0006513713524541776
-0.09571906238170413 1.0002157902423467 0.0006640358964571951
-0.09564545992912961 0.9995704546474679 0.0006255213913332221
-0.09516322769356622 1.0000668025183357 0.0006265389835191626
-0.0946860532613216 0.99933859873 0.0006505850827460465
-0.09433016200364364 1.0006930344848142 0.0006639313447251944
-0.09425658935338949 1.00063227496969 0.0006249201003637414
-0.0937743338354462 1.0002046436635499 0.0006257255943307383
-0.09329717570157299 1.000470484345107 0.0006505577762653932
-0.09294126115992185 0.999377304334608 0.0006647171140528272
-0.09286771924331064 0.9996206480254474 0.0006261908839757887
-0.09238543997687076 0.9992033102022698 0.0006257916427325214
-0.09155236078277085 1.0006877929215152 0.000663862905257151
-0.09147884913414263 1.0003335712919819 0.0006261705600653647
-0.09099654565263403 0.9989924558251049 0.0006258051938620387
-0.0905194201141428 1.000656467317042 0.0006510729838597502
-0.09016345993995856 0.9999322219602637 0.0006647278528399863
-0.09008997902498002 1.000009298961431 0.0006254987643818721
-0.08960765179383223 0.9999971369632067 0.0006261744904801044
-0.08913054255348606 1.0010209282548002 0.0006511476805998433
-0.08877455956189806 1.0007942038084465 0.0006636178076396708
-0.0887011084492399 0.9998233797731869 0.0006255935757343121
-0.08821875793502773 1.0005052097142224 0.000625257833285566
-0.08774166452716532 0.9989629789193059 0.0006503214368641037
-0.08738565871817627 0.999783192306993 0.0006640683330963768
-0.08731223833916105 0.9994604839835989 0.000625287501299464
-0.08682986407622593 1.0004861255590145 0.000626632423327412
-0.08635278696673764 0.9985420340275462 0.0006513700497500953
-0.08599675787468153 0.9995151765593678 0.0006642351229717131
-0.08592336822862948 1.0000667017044342 0.0006253281880143713
-0.08544097021765049 1.000833218064244 0.0006263441598595273
-0.08496390940676267 0.9982999778628368 0.0006508036285251467
-0.08460785749684874 0.9990970556933688 0.0006630279461732348
-0.08453449811855603 1.0008445289450254 0.0006253282385945973
-0.08405207589386919 1.0003493583038925 0.000626685596405087
-0.08357503184701408 0.9994714675271246 0.0006505573056247662
-0.08321895665312695 0.9998642031844651 0.0006633254870756961
-0.08314562800938802 0.9996890246072319 0.0006254744151805824
-0.08266318203597553 0.9996962707270475 0.0006258262691075955
-0.08218615382069334 1.0007633766052415 0.0006504420323959362
-0.08183005627506645 1.0019382411996136 0.000663881254678837
-0.08175675789930918 1.0001443705384914 0.0006265391759544848
-0.08127428817717373 0.9995145792640525 0.0006262046045419586
-0.08079727626026566 1.0007427711177133 0.0006511551330209957
-0.08044115543134467 1.0001682867319772 0.000663147940617198
-0.08036788732357443 0.9997351621352548 0.000625498268424263
-0.07988539431859829 0.9989681323553525 0.00062528000767399
-0.07940839869983528 1.0003186058551272 0.0006498095627405704
-0.07905225505351121 1.0003188696621894 0.0006643133680539514
-0.07897901721372196 1.0007949893674568 0.0006256531246414217
-0.07849650046002285 0.9991495204286589 0.0006263240651062452
-0.07801952067351724 0.9993581946855923 0.0006501605836045104
-0.07766335420910764 0.9994259251145243 0.0006634118664274389
-0.07759014710432759 0.9999390212862801 0.0006249893800436341
-0.07710760660122105 1.0007207461067302 0.0006263048303216449
-0.07663064311285779 1.0003934395914138 0.0006502453425233013
-0.07627445383127485 0.9996424984192016 0.0006635824677256014
-0.07620127699515959 1.0000167497557875 0.000625158568049221
-0.07571871227675796 1.0004125983693983 0.0006256406725642723
-0.0752417655531092 1.0003006233018448 0.0006505128083712329
-0.07488555298823485 1.0002532983480763 0.0006636302545509796
-0.07481240688508613 0.9994409997866047 0.0006244743469874013
-0.07432981841795616 1.0001242681392153 0.0006253739698976618
-0.07385288752747295 1.0017135721982842 0.0006504666624334531
-0.07349665261040206 1.001024064485521 0.0006637127727825145
-0.07342353677500729 0.9994830041746757 0.0006250351392991871
-0.0729409245600625 0.9999549412746807 0.0006262627415565878
-0.07246400996704526 1.0013155173715547 0.0006504924851549222
-0.0721077517666796 1.000175600605379 0.0006634430801392264
-0.07203466619949891 0.9997977752884477 0.0006254261342337762
-0.07155203070216885 0.999025867620274 0.0006254379363316014
-0.07107513240638581 1.0016539400735611 0.0006501913401469569
-0.07071885138884682 1.001923445619219 0.0006640812203535935
-0.07064579609009915 1.000043999177842 0.0006256976826285473
-0.07016313684268527 1.0005872532994093 0.0006260375421079754
-0.06968625484572907 0.999781522181165 0.0006497293337271136
-0.06932995054512503 1.0004155268043196 0.000663423918185234
-0.06925692598093654 1.0006555056018178 0.0006252205179083091
-0.0682973768196374 1.0008349675968773 0.0006501888816781087
-0.06794105016706453 1.0002071942893542 0.000664087968297508
-0.0678680558708577 0.9998740208912129 0.0006255788610421591
-0.06738534912462354 0.999027428630969 0.0006262535328808571
-0.06690849925966244 0.9997123805993456 0.0006502949914096782
-0.06655214932357045 0.9993997939692816 0.0006635287589789505
-0.06647918576101061 1.000214250979825 0.0006250822496884316
-0.06599645480038951 0.9999802637335884 0.0006264023304303983
-0.06551962169991384 1.0011348175169694 0.000650361248054442
-0.065163248945737 0.9994030303812101 0.0006632813596787759
-0.06509031565115812 0.9988606306335969 0.0006245672979487873
-0.06460756094158501 0.9986076174666305 0.0006253789161925333
-0.06413074413857531 1.0007962339433245 0.0006505620106733212
-0.06377434810201521 1.0011508959674689 0.0006640101525900319
-0.06370144554176375 0.9996959747018349 0.0006246546646000762
-0.06321866708278322 1.0011429399575977 0.0006257797604788746
-0.06274186611157549 1.0008430951646141 0.0006502343464644465
-0.062385447258293425 1.0003198246652796 0.0006627860332863811
-0.06231257543236939 1.0001721772384373 0.0006251672738859951
-0.061829773224889556 0.9992894303798546 0.0006251845470139235
-0.06135298855114511 1.0002991084312545 0.0006495398799384879
-0.06099654688045996 1.0003401730339165 0.0006637634193141758
-0.060923704856861015 0.9995126978423173 0.0006251639480047178
-0.06044087936676954 1.0009653368910885 0.0006261975790381308
-0.05996411099071473 0.9993552147811217 0.0006491102995250751
-0.059607646037420636 0.9995434337770805 0.0006636551593170283
-0.05953483474678217 0.9997616102783182 0.0006250488533711525
-0.0590519855081941 1.0006516710916142 0.0006271587011502857
-0.05857523296507848 0.9999488999600437 0.0006491340340012968
-0.05821874566026963 1.000446208659194 0.0006629871885301764
-0.05814596463692969 1.0005201917577395 0.0006243791035871556
-0.0576630916493923 1.0001044955257692 0.0006254090766025394
-0.057186355405103514 1.0007366053606506 0.0006497626825335086
-0.05682984481654785 0.9979443986638614 0.0006624921229352979
-0.05675709452685623 0.9988824398661261 0.00062437274772491
-0.0562741977905905 0.9999443650346692 0.0006261723841596994
-0.055797477844673135 1.0003896952249187 0.0006496174127043541
-0.05544094443848735 0.9994278915205218 0.0006634027998435238
-0.05536822441677739 0.9990158273126893 0.0006251716593132826
-0.05488530346635377 1.0002075376341801 0.0006250308841920613
-0.05440860028424275 1.0004325062769983 0.0006503237156915865
-0.05405204359499328 1.0006861033754149 0.0006631644190061276
-0.0539793543069303 1.0003491225430599 0.0006245446315736216
-0.05349640960777833 0.9983432372053864 0.0006252249389378315
-0.05301972225792202 0.9990706266067222 0.000649319547833023
-0.052663143217159814 0.9991178031441705 0.000662880859110452
-0.05259048419707782 1.0002334016156833 0.0006250961403546078
-0.052107515748976534 1.0014617755802528 0.0006257894979695639
-0.051630844697265275 0.9997865959796165 0.0006498306683961631
-0.05127424237343803 1.0008794203536486 0.0006628015299994772
-0.05120161408700436 0.9987379171079814 0.0006246410723813441
-0.05071862189108287 0.9994443221928736 0.0006257719379634075
-0.05024196713751937 1.000112489137236 0.000649166718387848
-0.04988534199537753 0.9996094926488234 0.0006635871041611641
-0.04981274397783636 0.9998922720914248 0.0006251684265466254
-0.04932972803296286 0.9999288301215772 0.0006249074239918291
-0.04885308957754171 0.9996082074759879 0.0006483579804617374
-0.048496441151201 1.00003696116496 0.0006626851377594372
-0.048423873868442 0.9996428987915904 0.0006248094677867661
-0.047940834174161055 1.000181200289327 0.0006256384999010189
-0.047464211551450045 0.9998481981573984 0.0006490151721624014
-0.04710754077245804 0.998903248924011 0.0006632183925812496
-0.04703500329292823 0.9990883106080893 0.0006248017161672359
-0.04655194031558562 0.9991775416048527 0.0006262211589313218
-0.0460753339907933 0.9996991966748705 0.000649427155512789
-0.04571863992896397 1.0013020688904892 0.0006626266728195392
-0.04564613318285477 1.0000827996193589 0.0006250499939981293
-0.04516304645678382 1.000267358784694 0.0006255432151697828
-0.04468645643013655 0.9992565799152525 0.000649049492412052
-0.04432973955090347 0.9980367473417678 0.0006627650256752901
-0.04425726307277593 0.998553666132291 0.0006243165907686826
-0.043774152597979316 0.9994976881486877 0.0006259118192419291
-0.043297578869706164 0.9999383913733142 0.0006486974877112892
-0.04294083870809118 0.9983754462329449 0.000663007942188459
-0.04286839296360793 0.9992588009588786 0.0006243147170364998
-0.04238525873872209 1.0001624813322756 0.0006257369993248272
-0.04190870084406992 0.9998288262908779 0.0006491621702129529
-0.041551937865051174 0.9985753577229968 0.0006628124047490818
-0.041479522854213566 0.9984137698293709 0.0006239531872038087
-0.04099636487946487 0.9988792428860758 0.0006259919059990834
-0.04051982328432132 0.9996722034895391 0.0006492391883722382
-0.04016303748721839 0.9981045139030515 0.0006628892786232218
-0.04009065274436647 0.9986874302989135 0.0006244314762964982
-0.03960747055568357 0.9990909946335308 0.0006262655061901273
-0.03913094572366457 1.0000190507079583 0.0006501045502090325
-0.038774136643496604 0.9988092679060361 0.000663408220028382
-0.038701782634287626 0.9989497066235566 0.0006245935393262421
-0.038218576697563546 0.999515902072358 0.0006249868574531536
-0.03774206816323419 0.9988409035647879 0.0006496516780913054
-0.037385236265436106 0.9982306929037252 0.0006623971293091538
-0.037312912524208784 0.9988086403121657 0.0006243460522108438
-0.03682968283898811 0.9990040243015675 0.0006261506481166305
-0.03635319013714252 0.999127350320596 0.0006491450608408415
-0.035996335421942034 0.9985429859177547 0.0006628597727523453
-0.035924042414361694 0.9985181215448353 0.0006241300584091766
-0.03544078898018631 0.9979748886707361 0.0006250804064843405
-0.03496431257580399 0.9993360590207587 0.0006488608363912301
-0.034607435043880856 0.99835413077504 0.0006628625324604877
-0.034535172304967325 0.9980798178872102 0.0006239704749985271
-0.034051895121610866 0.9999320745823533 0.0006257267577515523
-0.033575435015147245 0.9975699531995708 0.0006482187500083425
-0.033218534200386785 0.9992682720186402 0.0006628106809290998
-0.033146302195799324 0.9992243843005228 0.00062450233234074
-0.03266300126280907 0.9981694921607386 0.0006256473460892323
-0.031829633822326286 0.9978358969712189 0.0006625485345023433
-0.03175743208572048 0.9978881097806015 0.000624247505958563
-0.03127410740400727 1.0002408660985644 0.0006261496552261103
-0.03079767942908061 0.9985056047964073 0.0006491470901207414
-0.0304407329786045 0.9998628220999063 0.0006629648972183163
-0.030368561975647027 0.9982516143606898 0.000623746709624637
-0.029885213545431825 0.9986788680889946 0.0006264352420932257
-0.029408801868650226 1.000430695888139 0.0006489045213832139
-0.029051832600771713 0.9996071358315921 0.0006625778067017902
-0.028979691865794546 0.9985112130898496 0.0006248977734126889
-0.028496319687311807 0.9997870464444697 0.0006259874519325821
-0.02801992430799348 0.9991107673242002 0.0006487127370847796
-0.027662931757276965 0.9987492380156592 0.0006632895295916076
-0.027590821755947452 0.9990495732057126 0.0006241516463145109
-0.027107425829418153 0.9987908602374644 0.0006261025071087692
-0.02663104674733404 0.9983787596479102 0.0006483724496856846
-0.026274031379898925 0.9987320236556477 0.0006628081769734254
-0.02620195164586861 0.9990930717252628 0.0006250179759775333
-0.02571853197061635 0.9990177492892878 0.0006264558817487171
-0.025242169186903658 0.9999226056806099 0.000648790800804585
-0.024885130536858924 0.9982035747382149 0.0006623621043142077
-0.024813081535795155 0.9990230628726956 0.0006246922953659991
-0.024329638112040912 0.9987050304275017 0.0006258715250960263
-0.023853291161267408 0.9987141467608263 0.0006484387667635504
-0.023496230159026136 0.998809261682464 0.0006630267887794977
-0.023424211425942674 0.9986708928898997 0.0006245966913438905
-0.022940744253236417 0.9987658859419208 0.0006264106246015847
-0.022464413601521502 0.9988206951039234 0.0006485586531519716
-0.022107329315531388 0.9994167403404789 0.0006628985491320413
-0.022035341316095584 0.9988421471992216 0.0006250987002276693
-0.02155185039466367 1.0000146593161088 0.0006261164828895297
-0.021075536040862063 0.9990485138371394 0.0006483444234048962
-0.020718428936788432 0.9988253307544468 0.0006626129339268625
-0.020646471206701218 0.9978179225156235 0.000624765098618071
-0.020162956535859176 0.9998893200283384 0.000625657235645787
-0.019686658480205316 0.9992521473337307 0.0006489364529231192
-0.019329528092384862 0.9997134429710252 0.0006623515960116619
-0.019257601097306853 0.9990794964809101 0.000624946325114969
-0.018774062677057373 0.9987932139383894 0.0006264268379299186
-0.018297780454113646 0.9989298374549436 0.0006482842843222074
-0.017940627248663077 0.997843600511535 0.0006626097188493504
-0.01786873098745437 0.9983543014089876 0.0006241874292835344
-0.01738516881916372 0.9991332857729156 0.0006261484253192578
-0.016908902893683263 0.9983587379778882 0.0006488050534486069
-0.016551726870829616 0.999834090499677 0.0006633753125756889
-0.016479860877380917 0.9988372330365457 0.0006237904198149823
-0.015996274961272757 0.9993659492068884 0.0006252967163046858
-0.0155200253337083 0.9991139785351876 0.0006489539594660315
-0.01516282602733554 0.9983571361934247 0.0006621740821999647
-0.015090990767528435 0.998549142892221 0.0006246064132836251
-0.01460738110246826 0.9988309176977918 0.000625891710203379
-0.014131147773733338 0.998227920598709 0.0006484573375337049
-0.013773925649275043 0.9982422025657804 0.0006620079351518093
-0.013218487243211037 0.9980165590283241 0.0006248820124270926
-0.012742270213302955 1.000476185503799 0.0006489062624013052
-0.012385024805553257 0.9980553063224868 0.0006626002609866871
-0.012313250548739706 0.9988237551757133 0.0006245145806941094
-0.011829593383727452 0.9995867831455225 0.0006255560887357812
-0.011353392187211285 1.0003059974011954 0.0006487155378595305
-0.010996124428402254 0.9999458334717849 0.0006621764175934965
-0.010924380438892614 0.9974162829300639 0.0006244299765422759
-0.01044069952492565 0.999422747786182 0.0006258819575419062
-0.009964514626554538 0.9989813404586616 0.0006487744597586989
-0.009607223585362926 0.9979919568285336 0.0006618912604113494
-0.009535510329040132 0.9995964181639765 0.0006246441592006974
-0.00905180566635021 0.9993555011151234 0.0006269470820779568
-0.008575637065897791 0.9985816753260818 0.0006480567658047714
-0.008218323207529465 0.9982793437653684 0.0006626667039435563
-0.008146640218966678 0.9982091490183623 0.0006243929855541886
-0.007662911807548409 0.9997621090507905 0.000625731650390848
-0.007186759506149193 0.9983506894941988 0.0006482403951539207
-0.00682942236380768 0.9992870753041309 0.000662928093461154
-0.006757770109798676 0.9985603957815367 0.0006241299912495751
-0.006274017949654754 0.9978452547454486 0.0006250548008014269
-0.005797881945492446 0.9980902240297569 0.0006481540248827236
-0.005440521985747182 0.998394858944637 0.000662773299458098
-0.005368900000404311 1.0002535957162717 0.0006258773695029669
-0.004885124091534737 0.9988990105541836 0.0006264128978152434
-0.004409003918718991 0.9983197588572794 0.0006486205600777154
-0.004051621142252434 0.9987062169881704 0.0006627716340678588
-0.00398002989055183 0.9992222370382849 0.0006249441349785447
-0.003496230232959297 0.9998532867284127 0.0006262877181784478
-0.003020126358059551 0.9985519117461413 0.0006479205064493442
-0.002662720764419646 0.9989080516797705 0.0006624261544054902
-0.0025911597804783755 1.0001440435278548 0.0006243055528006334
-0.0021073363741574954 0.9985559302083042 0.0006256426147378716
-0.0016312487974028044 0.9976468423714822 0.0006473787805414005
-0.0012738199206978607 0.99684479570435 0.0006620859131563374
-0.0012022896703995313 0.9994755781455897 0.000625073020748233
-0.0007184425153529985 1.0000978183621771 0.0006264852485501366
-0.00024237123697242136 0.9988409881571627 0.000647827223646211
0.00011508045736263739 0.9983383362108528 0.0006628475699855993
0.00018658043876847066 0.9983259804474477 0.0006254244984943739
0.0006704513432224405 0.9993179043430221 0.0006258559325632755
0.0011465063230025408 0.9989917775790276 0.0006486306271770604
0.0015039813008567123 0.9972293795277952 0.0006624077638092103
0.0015754505488473148 0.9989079626564953 0.0006246568326138493
0.0020593452020242426 0.9990708705265527 0.0006256687389386935
0.002535384348412427 0.9998688753055616 0.0006482986389697194
0.002892881678917884 0.9972618852735163 0.0006615984021566933
0.002964320193717598 0.9992063977956945 0.0006240446731012313
0.003448239060599681 0.997672649086109 0.0006255668020348085
0.003924261909069173 0.9999745721726184 0.0006484275285565435
0.004281782522411959 0.9993330007483979 0.0006626801847506991
0.004353190303791052 0.9988387018040243 0.0006247078745906407
0.005313139469499556 0.9978286426092294 0.000648006790755784
0.00567068336545196 0.998303514924694 0.0006620832250183047
0.005742060413869897 0.9980567624926177 0.0006243221392327698
0.006226026776839717 0.9989112475700352 0.0006263358963846234
0.006702017030156303 0.998508062425016 0.0006475310953415303
0.00705958374283 0.9986973970106502 0.0006619417006070316
0.007130930523037898 0.9992839635275453 0.00062480048852436
0.007614920169753869 0.9994146743124931 0.0006266194610860658
0.008090894590586685 1.0003313204804951 0.0006479276431858742
0.008448484587006533 0.9989904588496554 0.0006628866626279597
0.008519800632205901 0.9988590280853417 0.0006242241861626897
0.009003814028329308 0.9992625186144292 0.000625916791184902
0.009479772616222935 0.9975018368198152 0.0006471225905463734
0.009837384965521778 0.99886478966633 0.0006624425992671342
0.009908670742279356 0.9991823303137937 0.0006242993996393545
0.01039270788713111 0.9995803691553462 0.0006260909361513146
0.010868650176197897 0.9983564014032216 0.0006480389138159411
0.011226285809243564 0.998881619242944 0.0006616938964108762
0.0112975408523582 0.9991419468287674 0.0006245087608935759
0.011781601745932912 1.0006389973233538 0.0006266317675963185
0.01225752773662828 0.998722897549486 0.000647130344955492
0.012615186187304062 0.9981943569152377 0.000662261444729267
0.012686410962431654 0.998944580409982 0.0006246034227061456
0.01317049560450835 0.9992528650008492 0.0006261167321402177
0.013646405297058663 0.9990952260481135 0.0006484971036140409
0.01400408703079881 0.9987922157700467 0.0006626209542468836
0.014075281071599655 0.9987506706049404 0.0006244242575111312
0.014559389463083789 0.9997042201912056 0.0006263696606050028
0.01503528285771541 0.9988110156994646 0.0006474522752670282
0.015392987408858635 0.9994971617789637 0.0006630119660037642
0.015464151180767658 0.9987012822512189 0.0006252977855987661
0.01594828332188559 0.99846813386989 0.0006258709368224643
0.016424160418372157 0.9990773917511051 0.0006473065949867457
0.016781888252353383 0.9992327477014554 0.0006625021596651975
0.016853020825185215 0.9981585226825371 0.0006247182119495658
0.017337177180687394 0.9974009287567513 0.0006254281201179447
0.017813038443782042 0.997612459652551 0.0006470003986775181
0.01817078863041388 0.9978159801128571 0.000661974242246066
0.01824189093525867 0.9989112871784862 0.0006247913909843086
0.01872607103949189 0.9975410869970512 0.0006256491377996964
0.01920191600353064 0.9988334907037687 0.0006470340825537165
0.019559689474135666 0.9990381681934721 0.0006624916654573464
0.01963076104511115 0.9994063695981714 0.000624323486645915
0.020114964898067328 0.9979452760270037 0.0006265142973547177
0.020590793564187387 0.9980692852131922 0.000647627943153711
0.020948589851969127 0.998572638247956 0.0006620358300844868
0.021019631154505516 0.9983636123770266 0.0006246435392089226
0.021503858756640074 0.9987521853362944 0.0006260593142342943
0.021979671124844134 0.9998364642070681 0.0006482282526466786
0.022337490695008455 0.9989466772892831 0.0006629250935449427
0.022408501263673518 0.9993570230841009 0.0006251574843764915
0.02289275261544457 0.999431602952958 0.0006260120023672559
0.0233685486859563 0.9990218202034867 0.0006472423157937577
0.02372639107215946 0.9994289368548428 0.0006624204626117774
0.023797371373746972 0.998398803456631 0.0006240780918466358
0.024281646008585085 0.9975611868340313 0.0006263059154393846
0.024757426247297525 0.9997634168962277 0.0006477417766033658
0.025115291915881244 0.9998463868381675 0.0006621862365086388
0.025186241483599454 0.9992146637404493 0.0006246401331437346
0.025670539867160523 0.9969084257754537 0.0006255424428886656
0.026146304272933775 0.997610878410024 0.0006470211639500782
0.026504192293714705 0.9992956502213215 0.0006627215427661094
0.026575111593672908 0.9981401114722412 0.0006248474078339627
0.02705943372528054 0.9988802422667356 0.0006262140855682555
0.02753518183267968 0.9986451135079232 0.0006472967768181514
0.027893093137435817 0.9970891832702311 0.0006627618009933127
0.027963981237411374 0.9992196918298246 0.0006252209196955524
0.028448327583174195 0.9997621344738904 0.0006264192526224387
0.02892405939333912 1.00091884673146 0.0006475282462325386
0.029281993515269278 0.9985159655786042 0.0006620795116519251
0.029352851347258468 1.0000115355546297 0.0006246053429928543
0.029837221441975998 0.9987887649659491 0.0006260689788773615
0.030312936953769503 0.9985805373595957 0.0006472266001480684
0.030670894358991063 0.9990508794346784 0.0006627253965075027
0.0307417214580164 0.9987039638548105 0.0006246121457063054
0.0312261153007778 0.9992702640915124 0.0006261290406656705
0.03170181451442625 0.9979901372526842 0.000646874594895239
0.03205979520271285 0.998218702747074 0.000661497739907069
0.032130591567868884 0.9989779153850941 0.0006249067052501874
0.03261500915935324 0.9990690516098123 0.0006266195781383196
0.03309069207485663 0.9981657447859268 0.0006472457511373519
0.03344869558054631 0.9977093350136959 0.0006620798085203205
0.033519461677715974 0.9993999760218694 0.0006255466112502904
0.03400390301792868 0.9991343636857293 0.0006270181113164333
0.03447957010117467 1.0009473355107579 0.0006480605072249702
0.034837596424040385 0.9999215247167116 0.0006624552278280477
0.034908331787110336 0.9981781877959602 0.0006250522558612166
0.03539279641106919 0.9986189336006335 0.0006264696373799747
0.035868447660923265 0.9977955048834767 0.0006466044425609469
0.03622649680210088 0.9980434449503157 0.0006619678195792848
0.03629720143084342 0.9996963923378308 0.000624804722922697
0.03678169026987099 0.9982242477513014 0.0006260170103296144
0.03725732522089823 0.9984613240324813 0.0006467005836465268
0.03761539764650513 0.9971283171460059 0.000661605250979406
0.0376860715406959 0.9994666386400783 0.0006248396504263696
0.03817058412776465 0.9997369296479709 0.0006257814558083762
0.03864620278132861 0.9994456060229138 0.0006474074540316463
0.03900429802433791 0.9995819492271761 0.0006618726575965876
0.03907494165076935 0.9985714648297931 0.0006251980338389989
0.03955947798565831 0.9983636427881994 0.0006260554395299638
0.04003508034198536 1.000163454497503 0.0006468840232959267
0.04039319886737792 0.9994525775940319 0.0006613994519244924
0.04046381176062183 0.9996875131189623 0.0006248294426213093
0.0409483718444601 1.0005931563488621 0.000626303917469529
0.041423957902642104 0.9965355464969332 0.000647098095658818
0.0417820992452107 1.0000214324394374 0.0006619426905118712
0.041852681870016194 0.9986953821726307 0.0006240706029200085
0.042337265703261906 0.9994940251684739 0.0006261625738529816
0.042812835463072484 0.9992367227285784 0.0006472704701204236
0.04317100008893249 0.9993670479585304 0.0006620179436347157
0.043241551513749275 0.9985056901658798 0.0006249689983008618
0.04372615909640512 0.999378378340802 0.0006259607359062851
0.04420171348870874 0.999382541483754 0.0006473770722696717
0.044559900466992985 0.9999482482854054 0.0006619690521200642
0.044630421623596365 0.9991618536693637 0.000624831570126679
0.045115052955662344 0.9989317105812838 0.0006261837661482248
0.045590591048457335 0.998753046852114 0.000646583187899632
0.04594880131048706 0.9999797499971069 0.0006612080132685801
0.04601929173344885 0.9992599189290544 0.0006248217786949569
0.04650394681491957 1.0001739551601039 0.0006259282473096746
0.04697946860911408 0.999091562140184 0.0006464748637010058
0.04733770168832052 0.9982793802211178 0.0006609795390921181
0.047408161843522305 0.9998986193186749 0.0006253904933567242
0.04789284067372137 0.9999568307389287 0.0006264869374572662
0.04836834616977083 0.9992319009404774 0.0006468576879212097
0.04872660253204231 0.9998413923768826 0.0006615719878131617
0.048797031952690306 0.9995993348269797 0.000625419251684949
0.049281734531615023 1.0002749280777898 0.0006255364602148119
0.04975722373020121 0.9996234064241247 0.0006468420563102556
0.050115502910102805 1.0003774022919667 0.0006612335752024577
0.05018590159642338 0.999453647411579 0.0006253146646033019
0.05067062838973504 0.9989059301756817 0.0006260769225238559
0.051146101291542435 1.0003823090381985 0.0006471913793681335
0.05150440375359756 1.0006995902269569 0.0006624090858924602
0.05157477170627586 1.0000128723125348 0.000624496296636544
0.05205952178264919 1.001129979604305 0.0006263275439774752
0.05253497885197282 1.0026840426813068 0.0006482707779299022
0.052893304131657375 0.9996967307844126 0.0006610401142624763
0.05296364181634932 1.0000651485329999 0.0006249186864939832
0.053448415641450996 1.0001280139393975 0.0006264865781499193
0.05392385641194778 1.0001132395115517 0.0006472225080867556
0.05428220497469738 0.9989079305284948 0.0006606871982802118
0.05435251192642816 0.9989556393475684 0.000624985234904222
0.05483730950025279 0.9975165597298272 0.0006257485171929288
0.055312734438039454 0.9992801199018982 0.0006471846615550739
0.05567110535184838 1.000065685885002 0.0006618203830370472
0.05574138157084572 1.0013650626058033 0.0006249367205835761
0.056226203359054594 0.9995246387237399 0.0006253592154862682
0.05670161199846714 1.000281237055015 0.000646941838389313
0.05706000619557017 0.9990696146577915 0.0006611708981509946
0.05713025168000833 1.0009078816731094 0.0006256973198386347
0.057615097217630036 0.9993137263076785 0.0006255726315886407
0.05844890657340295 1.000679359829508 0.0006613930096923792
0.05851912179008718 0.9988868848201836 0.0006249386832364724
0.059003990610544184 0.9997680445031539 0.0006264386517776723
0.05947936711978333 1.0005757032701317 0.0006474613615751254
0.059837807416897704 1.0007093735288228 0.000661370668524156
0.05990799190061875 1.0002429360888858 0.0006259383262724081
0.060392884468664206 1.0002122822874566 0.0006264525353301617
0.060868244679531926 1.000561807547454 0.0006476752396320289
0.06122670826061949 1.000760495952593 0.0006614094699783409
0.0612968615450363 1.000198436794537 0.0006253183918000277
0.06178177832678422 0.9984596397654231 0.0006268172585873266
0.06225712223950689 1.0007215416546646 0.0006473514768052783
0.06261560863867999 1.0004639822623371 0.0006612620478413798
0.06268573165488339 0.9990468655614747 0.0006251683804352324
0.06317067218535966 1.000012834276513 0.0006261472213281227
0.06364599979993728 1.0001546056789272 0.000647492435624482
0.06400450948217473 0.9987022027596927 0.0006599013138330224
0.06407460176427776 1.0001480769597242 0.0006253402724641137
0.0645595660439351 0.9997663927491063 0.0006259265944648371
0.06503487736059402 1.0010673226042064 0.0006471448369031109
0.06539340986023456 0.9991601107232329 0.0006606843702561674
0.06546347187344576 1.000177815455823 0.0006262337165425741
0.06594845943707561 0.9990943454848793 0.0006267404244107167
0.06642375538691205 1.0003351002149916 0.0006466062283014895
0.0667823107046388 1.0015702261203128 0.0006606383266344756
0.06685234151786332 1.0000485219527484 0.0006251947362806735
0.06733735329588011 1.0010006234540887 0.0006263611478549858
0.06781263294734244 0.9995897866229375 0.0006470233287046284
0.06817121108315405 1.0004914917135306 0.0006611379159667059
0.06872624715445555 1.0004975901999478 0.0006266199606493699
0.06920151050731739 1.0002695626591778 0.0006474501349569509
0.06956011192687583 1.0001325412552537 0.0006604552219339303
0.06963008173778926 1.0005311933919614 0.000625921811681517
0.07011514101325736 0.9991810964196536 0.0006265097194852857
0.070590388067066 0.998592309468293 0.0006467608766044169
0.07094901230402684 1.0001264184995353 0.0006601973867363843
0.07101895184718361 0.9991626037823965 0.0006251596572120895
0.07150403440571608 1.0028246754578423 0.0006264345272420902
0.07197926562772274 0.999833440459106 0.0006470704573058137
0.07233791314683913 0.9981857805745892 0.0006604477442060433
0.07240782149069033 1.0001893610372679 0.0006256532897160468
0.07289292826429153 1.0000480738303874 0.0006268848744465031
0.07336814318815313 1.000201208248763 0.000647097272308107
0.07372681352489963 0.9993074967216161 0.0006601136230397001
0.07379669160076378 1.0003991254292681 0.0006254837088936431
0.07428182212377511 1.0003642323692847 0.0006271855960198986
0.07475702074880987 1.0004670380901595 0.0006469868059134619
0.07511571436862141 1.000840727138635 0.000659776122652334
0.07518556171061627 1.0003025076651078 0.0006256253257152744
0.07567071598235055 0.999958090560635 0.0006265195478546778
0.07614589830924025 1.0004835960204848 0.0006470510297775946
0.0765046147464542 0.9981220825807819 0.0006596211582015284
0.07657443135480207 1.0008177180472633 0.0006260630506053159
0.0770596093752647 1.0000723120714778 0.0006271522696243516
0.07753477586921521 1.0003833325255445 0.0006472067590468977
0.07789351559017665 0.9977383466497111 0.0006589786646816998
0.07796330146419644 0.9996485359979879 0.0006257221757118458
0.0784485032340665 1.0002719561684392 0.0006261814577086101
0.07892365342919287 0.9997138371015021 0.0006471089898787589
0.07928241596800945 0.9999815746066835 0.0006594779232818201
0.0793521715735908 1.0007474119653177 0.0006257551956431619
0.0798373970928683 0.9997930253476587 0.0006267619084270099
0.08031253145596633 1.000967819956669 0.0006472425513842493
0.08067131681173123 1.0002485914097565 0.0006597149221249694
0.080741041217782 1.0003032221693628 0.0006255721706554048
0.0812262909516728 1.0021492844971363 0.0006266801298105804
0.0817014090170785 1.0003265400615353 0.0006475286205791751
0.08206021718979173 1.0004599108096213 0.0006594972750523042
0.08212991132762909 1.000967746071159 0.0006254995931697843
0.08261518434390247 1.0005515273289183 0.0006261121445086846
0.08309028657773525 0.999206268206558 0.0006468397286550754
0.08344911803328581 0.9997937485599965 0.000658981787167535
0.08351878143770793 1.0027019241198258 0.0006266176768872618
0.08400407820179613 0.9999341895879941 0.00062658038456812
0.08447916413839199 1.0009304562272328 0.0006468144481092315
0.08483801841111926 1.0000961782874744 0.0006595703794755177
0.08490765108144101 1.0006097231189177 0.0006254093502501237
0.08539297206059793 1.0003356048356187 0.0006267133548020582
0.08586804169882237 0.9999628433019871 0.0006468291367477838
0.08622691925484105 1.0007426475950232 0.0006595442605221478
0.08629652119083538 0.9989448965138115 0.0006253523002630484
0.08678186545374114 1.0003540198178376 0.000626086584967707
0.08725691925879733 0.9994357365501828 0.0006468380498546646
0.08761581963199205 1.000758680916003 0.0006595350297837712
0.08768539130136695 0.9998847937946074 0.0006255320045872284
0.08817075931231658 1.001055846991897 0.0006262518852148636
0.08864579681854594 0.9992684034987533 0.0006462889032811085
0.08900472047503138 1.0002640813683052 0.0006587142970292903
0.08907426094623723 1.000232737863105 0.0006256559588540567
0.08955965317088932 0.9999466509524414 0.0006266026322122026
0.09003467437920268 0.9991967010554836 0.0006464483497833952
0.09039362085309255 0.9993509216900077 0.0006593357985782884
0.09046313105631608 0.9991059007331566 0.000625889914884958
0.09094854702969382 0.9995277919361383 0.0006248931890595734
0.09142355193985942 0.9995762543312453 0.0006465241569829725
0.09178252169658663 0.9998003171790786 0.0006590958607708401
0.09185200116547869 0.9991132953873053 0.0006255428023668692
0.09233744042283433 0.9995075906795219 0.0006274728828783479
0.09281242950028981 1.0012625545333402 0.0006473435905765864
0.09317142207464713 0.9999470537246095 0.0006588559089660642
0.09324087080921176 0.9987567656658617 0.0006253597903034162
0.09372633428072799 1.000073136376931 0.0006274398071077234
0.09420130706072019 0.9997398883377793 0.0006468455875410623
0.09456032291882366 1.0005555743039194 0.0006596821254945941
0.09462974091906425 1.000320155496943 0.0006262830058052856
0.09511522813884801 1.000837453345504 0.0006267311381627251
0.09559018462069516 0.9991414095699068 0.0006466266387759757
0.09594922329756661 1.000231577196324 0.0006591203043050463
0.0960186110291431 1.0006599291126295 0.0006256661758579302
0.09650412153176216 0.9999618530455336 0.0006267710626993476
0.09697906218067011 0.999955575395105 0.0006470207734454723
0.09733812414106069 1.000158120177655 0.000658916288080535
0.09740748067355526 1.0000295170122344 0.0006260561323009138
0.09789301539056396 0.9995835466660786 0.0006271383759445003
0.09836794020676179 1.000736763798957 0.000646866997009681
0.09872702498478247 0.9998933351267818 0.0006586792432057188
0.09879635078272325 1.000121705455386 0.0006258474934005649
0.09928190924936577 0.9998208915867801 0.0006267018582102998
0.09975681776719217 0.9999772513672702 0.0006463778736116039
0.10011592536284297 0.9993168480137675 0.0006588307574723401
0.10018522089211762 0.9993677997176148 0.0006260160860818621
0.10067080264227991 0.9999228738146468 0.0006267479838379218
0.10114569532784891 0.9995882583722188 0.0006468497927170624
0.10150482620656476 1.0002755129558163 0.0006585148840158127
0.10157409053630882 0.9988611214569632 0.0006252512833589624
0.1020596965017635 1.0001558006724105 0.000627098381635416
0.10253457288850835 0.9999075747825417 0.0006467855360221925
0.10289372658371576 0.9991092531427445 0.0006581217911090407
0.10296296064638227 1.0001618961370986 0.0006262047733600175
0.10344859036102072 1.000388842809996 0.0006263574961841372
0.10392345044825425 0.9998752964835037 0.0006465641585076384
0.10428262742652805 0.9998811747471118 0.0006587191900964965
0.10435183029079982 1.000640548063943 0.0006257470691065016
0.1048374837532531 0.9995760550049707 0.0006268952091697402
0.10531232800822922 0.9993160908505772 0.0006467812659342077
0.10567152780458855 0.9996827566272921 0.000657876578421417
0.10574070039996783 1.0009617760077405 0.0006254549204355309
0.1062263776113731 1.0001857166493189 0.0006266171002702427
0.1067012055686596 1.000551228520192 0.0006461435927701937
0.10706042864831034 1.0004982504000104 0.0006581984826182632
0.10712957050913584 0.9996923080592629 0.0006258045537699121
0.1076152714701776 0.9988900590462602 0.0006256982809191238
0.10809008312931905 1.0014625286440149 0.0006465419230667531
0.10844932902614379 1.000228882940357 0.0006580145238306252
0.108518440153548 0.9989743603198612 0.0006253343088749376
0.10900416486308906 1.001037042440783 0.0006274731869771429
0.10947896069043121 1.0000190574290861 0.0006463760240241524
0.10983822986963787 1.0000781620949493 0.000657702730716648
0.10990731026362684 0.9993604659933979 0.0006253703758150779
0.11039305872189356 1.0000790292678874 0.0006268869280703735
0.11086783825176974 1.0003078986057137 0.0006460738766375948
0.11122713024769837 0.9989106238794799 0.0006576403088585798
0.11129617990781265 1.0003120448910534 0.0006258184176499042
0.11178195258069536 0.9992059573640287 0.000626859545115276
0.1122567158117447 0.9991871901936832 0.0006456837507524803
0.11261603109142015 0.9994227615689891 0.0006576085338444932
0.11268505001720701 0.9993796669211485 0.0006257562834365224
0.11317084597360952 0.9992684813938356 0.0006273489145361103
0.11364559337149331 1.0000645582713439 0.0006464000326372137
0.11400493146925295 1.0020298105397805 0.0006578792950592601
0.11407392012637502 0.9996693504635832 0.0006261014073207536
0.11455973983218495 0.9995762531047953 0.0006264951037193534
0.11503447093215005 1.0003480450042916 0.0006465420707625104
0.1153938323129754 0.9999831872883022 0.0006567733911360224
0.11546278977147166 1.0006002973997468 0.0006267477686633488
0.11594863369030498 1.0027565553712223 0.0006272725652219309
0.11642334849280679 0.9994520820761992 0.0006467451413117548
0.11678273269080819 1.0002634579212866 0.0006577452147159701
0.11685165988223499 0.9997131786195352 0.0006264369393379936
0.11781222605323718 0.9991834191504557 0.0006465758311729665
0.11817163353452997 0.9988436860938333 0.0006566874007377993
0.11824052952642079 1.0006104346823261 0.0006262742537954791
0.11872642094133914 1.0001221767631954 0.0006267761656475237
0.11920110361366756 0.9992220672285904 0.0006468665544534477
0.11956053391168098 1.0010865564911302 0.0006571649971952235
0.11962939963581515 1.0007301723618223 0.0006261258516540804
0.12011531433447965 1.0001805823763759 0.0006270413272266791
0.12058998117364253 1.0002260793352649 0.00064650818091838
0.12094943475472097 1.0004049909334616 0.0006568816176005912
0.12101826927932187 0.9994655936400754 0.000625694692489748
0.12150420819305509 0.9992758856573987 0.0006260222132019991
0.12197885873361748 1.0000974361429962 0.0006468020884441151
0.12233833513255377 0.9999111084772883 0.0006571010796921742
0.12240713938940072 1.0000958258509762 0.0006268719364014799
0.1228931020518569 1.0003279063305948 0.0006272021172761879
0.12336773629404788 0.999261840274957 0.0006463373737165585
0.12372723597695734 0.9998026027815897 0.0006572239729330616
0.12379600949924781 0.9997646392367323 0.000625820731775492
0.1242819954449974 0.9989218225710077 0.0006264042136483281
0.12475661432013954 0.9994882768222276 0.0006466163371331995
0.1251161363557003 1.001098530546971 0.0006569215027681468
0.12518487914366536 1.0007428744458704 0.000626727522793091
0.12567088930357284 0.9989644379554944 0.0006266592855828738
0.1261454918807963 1.0004894506062862 0.0006465678295240501
0.12650503719919504 1.0000002384736588 0.0006564519019533735
0.12657374925305973 0.9996963027045697 0.0006269514772461375
0.12705978269603158 1.0002689020820958 0.0006270759529783706
0.12753436944145302 0.9997508068105976 0.0006465563727413443
0.12789393757725487 0.999461527152398 0.0006559388514173545
0.12796261889656643 1.000841563267126 0.000627047939484845
0.12844867655392522 0.9993791189687439 0.0006264845996153196
0.12892324700120164 0.9990991129425059 0.0006463154630971027
0.1292828384207496 1.0001544113443093 0.000656562723028258
0.1293514890066399 1.000161538711986 0.0006263453895896023
0.12983757041272703 0.9999600701240139 0.0006264142467398746
0.1303121245611766 0.9991028022777292 0.0006462187397186168
0.1306717387988101 0.9993833686114293 0.0006568637403700158
0.13074035865083108 0.9998249847271595 0.0006266056188474454
0.13122646380632297 1.0003623481207125 0.0006263404515221124
0.13170100212160699 1.0003653365968639 0.0006463689002665635
0.1320606396425319 1.0007635303061078 0.0006567360005918
0.13212922876067817 1.0006967817508416 0.0006263802654465662
0.13261535766580926 1.0004811833701979 0.0006264671461944915
0.1330898796822637 0.9993434163552699 0.0006467933816507086
0.13344954002036535 0.9984188661503811 0.0006557813316769117
0.13351809840441126 0.9996923663503529 0.0006265083436906509
0.1340042510587234 0.9985825545746883 0.0006254685968553737
0.13447875724292316 1.0003368694299808 0.0006462562652294047
0.13483844086340468 1.0001501781957596 0.000655744322322233
0.13490696851380563 0.9992212254583902 0.0006264310927904797
0.13539314491752522 0.9986476348628432 0.0006264140866868913
0.13586763480335354 1.0005618874940903 0.000646592050575473
0.1362273412405557 1.0001976939324715 0.0006555053654921724
0.1362958381579968 0.9987069710385126 0.0006264134514703583
0.136782038776327 1.0004043029659533 0.0006253571462679809
0.13725651236378394 0.9997268578431466 0.0006467165482529504
0.13761624208427747 1.0011617206199628 0.0006571343692118161
0.1376847082678439 0.999784912445889 0.0006269220617695438
0.13817093216855938 0.999870675465026 0.0006265776280280118
0.13864538992444067 0.9998746854479668 0.0006458906638536905
0.13900514246211093 1.0002376383918714 0.0006561877007794014
0.13907357791226146 1.0009267197311755 0.0006262540532621149
0.13955982602645303 1.0013458101572135 0.0006257017870752164
0.14003426748509742 0.9996743243719726 0.0006463844868214535
0.14039404330583205 0.9993938009349106 0.0006548271776164751
0.14046244802142946 0.9992784687747821 0.0006264308311731126
0.14094871941959355 1.000484997498133 0.0006262454464997043
0.1414231450455278 1.0003783277294929 0.0006463307910356638
0.1417829436836655 1.0000493640267882 0.0006554079568484181
0.14185131766516254 0.9996612974763442 0.0006261727616809436
0.14233761327839534 0.9994156541282709 0.0006260487370418845
0.14281202260618456 1.0004422965063817 0.0006465905251285286
0.1431718445273873 1.0017697148162166 0.0006564123946712948
0.143240187775236 0.9997564082809497 0.0006267728532451127
0.1437265066713095 1.0009994387171235 0.0006275248030988024
0.14420090016661494 1.0005659451134492 0.0006462538993228194
0.1445607449054478 0.9992229911163554 0.0006556170817590055
0.14462905742033264 0.998887348359547 0.0006262596803010868
0.14511540052988495 0.9992887104794789 0.0006267820440585005
0.1455897777265899 1.0003062590486982 0.0006464442011141588
0.14594964574894254 0.9993470561245563 0.0006553143005216516
0.1460179275308642 1.0000890289075015 0.0006266946607633385
0.14650429392302544 1.0006243390683212 0.0006264973092623585
0.14697865528656487 1.0003068541764866 0.0006456272717751217
0.14733854612677533 1.000253499207189 0.0006556215445492961
0.14740679717437094 1.000412941644816 0.0006266282893746269
0.14789318778114546 1.0003938186210175 0.0006267538865079457
0.14836753284699525 1.0007679721200033 0.0006468024844380522
0.1487274469704971 0.9994247359487924 0.000655177251912981
0.1487956672837653 1.0011164956205394 0.0006262764241781468
0.14928208163926548 0.9999740155189333 0.0006252398191417541
0.14975641040742563 0.999961761633219 0.0006464230663938957
0.1501163473485576 1.0000337453284183 0.00065498550365007
0.1501845369279565 0.9996264173332816 0.0006271857581484551
0.15067097503217963 1.0002948881016465 0.0006257655453312681
0.15114528796808238 1.0000688515642469 0.0006464622607251797
0.1515052481913699 0.9997147757773329 0.0006557892359447328
0.15157340703802993 1.0009588477798141 0.0006264042756747295
0.15205986889075507 0.9995289430074676 0.0006251068537533421
0.15253416552874183 0.9991723706150115 0.0006461354505742483
0.1528941485694304 0.9999165911873551 0.0006549284566908833
0.1529622766824475 0.9992234509118773 0.0006261706859129356
0.1534487622838956 1.0005568784199241 0.0006268068126020085
0.15392304308916951 0.9997764123485184 0.0006464605608342452
0.15428304941360693 1.001032918347581 0.0006558209401762907
0.1543511467916155 1.0006941900313309 0.0006267849197948746
0.1548376561427001 1.0006385399950486 0.0006269182572256515
0.15531192064914445 1.000534352772649 0.0006465468541789579
0.15567194979166743 1.000860982481114 0.0006545348727864252
0.15574001643534857 1.0013200248811989 0.000627094551179615
0.15622654953561424 1.0006958826111119 0.0006263200988044837
0.15670079820889307 1.0007680546443245 0.0006463695949665679
0.15706085063538922 0.9982613011253308 0.000653729764287267
0.15712888607953437 0.999729342832591 0.0006271233882884455
0.15761544339418698 1.0005774034747434 0.0006267812629741453
0.15808967576955252 0.9997716556395518 0.0006463456787586738
0.158449751013222 1.0021903008428108 0.000654802389446541
0.15851775618961322 0.9990180950877743 0.0006264996651031638
0.1590043367873302 0.9988743965809692 0.0006264575291446415
0.15947855333020924 0.9994349087277536 0.0006454281013262313
0.15983865185671675 1.0002703847601968 0.0006542563712017575
0.15990662583403079 1.0010090200019939 0.000627092273234203
0.160393230646132 1.000414332915067 0.0006271115237988428
0.16086743089063962 1.000281116332013 0.0006466041479317819
0.16122755223477725 1.0010010424196345 0.0006544591032883796
0.16129549594387788 1.0009160157500805 0.0006267754927989725
0.1617821240392725 0.9993139700981313 0.000626357869947778
0.1622563084510673 0.9998720683674268 0.0006459331497921885
0.16261645307849903 1.0010538585137112 0.0006549807391981888
0.16268436558761096 1.00126737421934 0.0006268927932685696
0.16364518601104497 0.9998464623691059 0.0006464903153332696
0.16400535345655953 0.999722101537218 0.0006542911858668509
0.16407323569677895 0.9989414221592567 0.000626743046478735
0.1645599112907621 1.000916957370243 0.0006263656156093964
0.16503406357101993 0.9998861278736334 0.0006466299065516018
0.1653942543000536 0.9979160827416887 0.0006537948875882443
0.1654621053411965 0.9992893294831425 0.0006271766748975467
0.1659488051495639 1.000621359658418 0.0006262873049527538
0.1664229411321321 0.9996904272580288 0.0006458375042783632
0.16678315467788707 1.0003340646027161 0.0006539193233872649
0.16685097498538232 1.0000466300376392 0.0006276460552508702
0.16733769854270442 1.0003254073402599 0.0006265587662524875
0.16781181869347064 1.0008825128687386 0.0006459259263429615
0.1681720555209264 1.0006153241470368 0.0006545845652175922
0.1682398450952348 0.9992065084080175 0.0006269672097068225
0.16872659240127985 0.9999669822582681 0.000627006854958484
0.16920069625390102 0.9993759726233151 0.0006456312439774033
0.1695609558983051 1.0003499918732721 0.0006538864336479503
0.16962871473896787 0.9989973145441866 0.0006263433964195811
0.17011548579373859 0.9993227919399665 0.0006263183628030287
0.17058957381455778 0.9998948239820379 0.0006464690904932136
0.1709498567417992 0.9985989660443341 0.0006540131199327816
0.17101758484836224 1.000044186104478 0.0006268073173307085
0.17150437965163223 0.9995940148781747 0.0006270154310626893
0.17197845137430637 0.9992069487394439 0.0006460522589163773
0.17233875711963265 1.0000617096138749 0.0006541654014518931
0.17240645449277442 1.000490584820398 0.0006274949640069838
0.17289327304477276 0.999816318257405 0.0006268161116973921
0.17336732893428133 1.0004157083437906 0.0006460041893819811
0.17372765796335443 0.9993613722572501 0.00065394464602294
0.1737953241376447 1.000003876017298 0.0006267538023245192
0.17428216690357726 0.9994505597984515 0.0006262373453570783
0.1747562064947117 1.0010403550309814 0.0006464147340593941
0.17511655834141493 1.00039584427311 0.0006536033089419665
0.17518419424817627 0.9998395313432675 0.0006272883513045607
0.1756710602964914 0.9998338389286544 0.0006268199708786035
0.17614508358970718 0.9995098365617614 0.0006461812033950161
0.17650545918490967 0.9998331702400512 0.0006535227467913294
0.17657306389190935 1.0003128832215702 0.0006271042362857177
0.17705995415506415 0.9995793441654893 0.0006267985492625947
0.1775339611503639 1.001450106232729 0.0006456865121307628
0.1778943595629695 1.000907970933005 0.0006536339219785967
0.1779619340013037 0.999879962174668 0.0006261901826970633
0.17844884754820736 1.0000418394530786 0.0006268566862619739
0.1789228387107943 1.0003163611982513 0.0006456863422733065
0.17928326040646425 1.0004242333286886 0.0006539236485880364
0.1793508036454949 0.9994289015188763 0.0006264679980013641
0.17983774094134788 1.001687086818396 0.0006269115767675759
0.18031171627077197 0.9991264500999806 0.000645017345169861
0.1806721607852072 0.99984103699688 0.0006539117711842947
0.1807396732896807 0.9992942887902181 0.0006262472890475695
0.18122663479924153 0.9993251220299528 0.0006267744099988271
0.18170059383051787 0.9997908458119137 0.000645167362805096
0.18206106162961078 0.9994723169103649 0.0006544902435086037
0.18212854339975953 1.0012456294436076 0.0006281015668309
0.1826155281914712 0.9991505176406468 0.0006267188288268608
0.1830894713911746 1.0004898932275745 0.0006449857442768072
0.18344996200676178 1.0001630148226028 0.0006536642750124452
0.18351741304349262 0.9998088138599576 0.0006268218771740267
0.1840044220502757 1.0004878009819678 0.0006262213185211667
0.18447834895183404 1.0010919736482746 0.0006455751676662827
0.18483886284957407 0.9996827329447343 0.0006537632620990486
0.1849062826872257 1.0008293940890942 0.0006275049604757161
0.18539331544341622 1.0000239611328967 0.0006263823891708197
0.18586722651226442 0.9997964489694946 0.0006453306585399901
0.18622776322763457 1.000234990160048 0.0006533189653598209
0.1862951527970728 0.9990369112270091 0.0006269490341322836
0.18678220930199166 1.0001125359304337 0.0006269516297302345
0.18725610407269483 0.9994293702455709 0.0006456425137799463
0.18761666407135635 0.9991891083519157 0.0006531817028611315
0.18768402244126398 1.0017487323717889 0.0006274143658634191
0.18817110269581394 0.9995189123879316 0.0006269767617129127
0.18864498163266977 0.9995901614449471 0.0006454716125275712
0.18900556444918915 1.0007224025959507 0.0006538748680750646
0.18907289208568154 1.0001416305245445 0.0006264315771158229
0.18955999608940988 1.0001370985768572 0.0006258045344050369
0.19003385919264473 0.9993704139581822 0.0006450797375530804
0.1903944652929116 0.9996854603932621 0.0006535450679243063
0.19046176219484415 1.0001190881272417 0.0006268995859846394
0.1909488899482117 0.9995200840732111 0.0006255199995767726
0.1914227367530751 0.9999340164575342 0.0006457649427451333
0.1917833656707444 1.0005754906801936 0.0006529811803448913
0.19185063183857723 0.9991327535310939 0.00062693399041133
0.19233778334044405 1.0004435075149487 0.0006269311964519816
0.19281161431350552 1.0001407799327378 0.0006456524038501049
0.19317226651446617 0.9990713413643363 0.0006528989906151752
0.19323950148276842 1.000109784585469 0.000627059968111633
0.19372667719856407 1.0008506168596685 0.0006270945211584163
0.19420049187416225 1.0004903550601796 0.0006457882933639965
0.19456116689252667 1.000684130795218 0.0006537501370549877
0.19462837159284727 1.0025137085757403 0.000627855506123523
0.19511557059147822 0.9998245553374999 0.0006272318773875497
0.1955893694355008 0.999181516566905 0.0006446749472458127
0.19595006773602075 0.9998171710602659 0.0006529526375288361
0.19601724123725944 1.0002669761053107 0.0006270941227106739
0.19650446445028003 1.0001530359816984 0.0006261031924322246
0.19697824699593117 1.0000543109624176 0.0006451721031659659
0.1973389681138542 0.9998772762922127 0.0006535305087157089
0.19740611088076615 1.0006361027646766 0.0006268341200026322
0.19789335784342324 0.99991623683644 0.0006257766560208455
0.19836712455590613 0.9993653138605735 0.0006452004734003503
0.198727868957576 0.9999698259637921 0.000653072878694441
0.19879498099016052 0.9989496904529707 0.0006267196863068629
0.1997560021163365 1.0004587803921168 0.0006453075243334047
0.200116769334727 0.9993127289164314 0.0006531299304432467
0.2001838506343517 1.0002099031219571 0.0006270487729880443
0.2006711450951392 1.0013935014172004 0.0006271395430724772
0.20114487967699327 0.9997808488059238 0.0006452111774664633
0.20150567017776633 0.9997761357354513 0.0006531145529512931
0.20157272027944836 1.0004277394616459 0.0006270172020153309
0.20206003848805335 1.0007008038555303 0.0006262191467659399
0.20253375677199142 0.9999835636663171 0.0006445420926391666
0.2028945705558275 1.0000854563236488 0.0006523250326685571
0.20296159039020628 0.9991873996436771 0.0006274129593663745
0.20344893234617337 0.9996893029713988 0.000626420115268538
0.2039226343324191 1.0000819441341102 0.0006446054299869557
0.20428347139932157 0.9984324859752669 0.0006534995847332721
0.20435046003371302 0.9987274173375836 0.000626850376563805
0.2048378257386321 1.0001928235648283 0.0006261863774094077
0.20531151189239405 0.9994772549321337 0.0006446404762435056
0.20567237177738207 0.9992471546004168 0.000653139993432879
0.20573932967721972 1.0007016805687912 0.0006270775447258005
0.20622671913154625 0.9990160073653664 0.0006263595053096726
0.20670038945214267 0.9997173716059581 0.0006453239115270997
0.20706127262110385 0.9995862958672168 0.0006525035771027435
0.2071281993216319 0.9999802617588931 0.0006265911464454946
0.20761561299012168 1.000663837402351 0.0006269746663938293
0.20808926701280211 1.000088016940224 0.00064429260714797
0.20845017299893664 1.0005917860242959 0.0006530582867189273
0.20851706943171072 0.9998637952267383 0.000627066750614636
0.2090045063832622 0.9988764298208715 0.0006268365044012561
0.2094781445732298 0.999838856824348 0.000644684533928648
0.20983907384334088 1.0005915430279715 0.0006530763258459814
0.20990593907589655 1.0005685001537092 0.0006269133040992779
0.2103933997764027 0.9988703165230699 0.0006264052512347118
0.21086702213388922 1.0008833725513269 0.0006444667609639373
0.21122797422185613 1.0001198733564827 0.0006535589465824643
0.2112948087196296 0.9995661576747006 0.0006268701297099101
0.21178229363497816 0.9999091167146528 0.0006269224969899385
0.2122558996943169 0.999576236414822 0.0006446612778044235
0.21261687459991663 1.0001523797300487 0.0006533819081991746
0.21268367882879763 0.9992945281263824 0.0006271702098079614
0.21317118702811866 1.0001277363502648 0.0006262619494724316
0.21364477725429457 0.9992334703344325 0.0006439023351724507
0.2140057754436384 0.9999522874812847 0.0006525806943750459
0.21407254847321516 1.0005945542882333 0.0006271806737698511
0.2145600804205774 0.9993892209848212 0.0006263724516286218
0.21503365481426953 0.9999935687358624 0.0006444910918171037
0.21539467582078942 0.9997146825584029 0.0006521043136057952
0.21546141811763272 0.9999979127606716 0.0006276885995353149
0.21594897427847104 0.9997505404410443 0.000626674868340457
0.2164225323746999 1.0003614603904916 0.000644515078815932
0.2167835766636017 0.9999586108513521 0.0006526603328173606
0.21685028776181853 0.9996495817911344 0.0006264247643540416
0.21733786767206698 1.001182539164267 0.0006267562470908398
0.2178114099351276 1.0007367286129267 0.0006441548132094928
0.2181724770416622 1.0005589314890264 0.0006529645405323137
0.2182391578712129 0.9998717839157037 0.0006272139707696847
0.21872676153155327 1.0003169201421478 0.0006256788074109873
0.21920028703012576 1.0009026030672308 0.0006444137855863675
0.219561377885384 1.0007397019185553 0.0006521093048543423
0.2196280275147196 0.9991228206186354 0.0006274910773095956
0.22011565492446472 1.0000408528671167 0.0006253976747986834
0.2205891645907825 0.9999710603384797 0.000643623808226331
0.22095027826321745 1.0009206500121872 0.000652547381222014
0.22101689715913717 1.0006919910916583 0.0006271382994907807
0.22150454831760794 1.0001046068399038 0.0006265692260699628
0.2219780421512129 0.9991233578739934 0.0006433745634727724
0.22233917910671153 0.999850540365761 0.000653197701846399
0.22240576680332297 1.0004233367246784 0.0006268956584251671
0.22289344217640975 0.9997896451623427 0.0006271906829066626
0.22336691971186964 1.0006899099508524 0.0006435335283597293
0.22372807948477202 0.9993499687419596 0.0006522106141608526
0.22379463691317006 0.9994307522925101 0.0006270389834125058
0.22428233556955024 0.9996799581834293 0.0006265539814624456
0.22475579727230002 0.9989930536781587 0.0006439362599479865
0.2251169803284938 0.9997143751089209 0.0006529954813533884
0.22518350655690314 0.9999546782510648 0.0006270409905141281
0.22567122896178263 1.0002025550446019 0.0006262160091975558
0.22614467483295678 1.0000776497470012 0.0006439469834777833
0.2265058807065543 0.999840219882253 0.0006529271753729038
0.2265723762006416 0.9996578836120883 0.0006268911987033389
0.227060122354015 1.0009615511362866 0.0006260713447450106
0.2275335523936135 0.9999590318999778 0.0006442895370933693
0.22789478155004905 1.000033040846299 0.0006522324773366036
0.2279612458448274 1.0015400056495696 0.0006277180382263095
0.2284490162128168 1.001276743694583 0.0006268043515583997
0.2289224299540439 1.0005093675636594 0.000643779300246633
0.22928368192788184 1.0012418029198769 0.0006530463480150298
0.22935011548924497 0.9993925111479303 0.0006275686485659995
