-0.19999514 0.997842015 0.0020956
-0.199691877 0.999120372 0.002103578
-0.199675387 0.998818019 0.00209986
-0.199378009 1.000573518 0.002147672
-0.199317185 0.999917591 0.002176177
-0.198699063 0.998974431 0.002084271
-0.198606269 1.000251695 0.002110379
-0.198303026 0.998538639 0.002103096
-0.198286508 0.99954869 0.002099472
-0.197989122 0.998400181 0.00214591
-0.197928326 1.001711386 0.002183091
-0.19731022 0.998354526 0.002084029
-0.197217398 0.998977372 0.002102086
-0.196914174 0.999535881 0.002094693
-0.196897628 0.998962293 0.002093135
-0.196600234 1.000317447 0.002153496
-0.196539467 1.000568447 0.002177225
-0.195921378 1.001794822 0.00209235
-0.195828527 0.997585555 0.002108612
-0.195525323 0.998791401 0.002098719
-0.195508748 1.000628288 0.002099371
-0.195211347 0.997846802 0.002152105
-0.195150609 1.001982023 0.002178086
-0.194532534 0.99939735 0.002083462
-0.194439656 1.000835164 0.002102954
-0.194136471 1.001968687 0.00209966
-0.194119868 1.00032603 0.00209616
-0.19382246 0.998621999 0.002149343
-0.19376175 0.997976482 0.00217381
-0.193143692 0.998890199 0.002089542
-0.193050785 0.999456986 0.002098348
-0.19274762 1.000486346 0.002090888
-0.192730989 1.000065134 0.002094141
-0.192433572 0.99828758 0.002152696
-0.192372891 1.00071866 0.002172242
-0.191754849 1.000120018 0.002086527
-0.191661915 1.001659832 0.002099806
-0.191358769 1.001973601 0.002103048
-0.191342109 0.998544558 0.002090121
-0.191044685 0.99458172 0.00215188
-0.190984032 1.000255127 0.002180209
-0.190366006 0.998394399 0.00208572
-0.190273044 0.999469081 0.002097938
-0.189969917 0.999850675 0.002103424
-0.18995323 1.000803562 0.002101108
-0.189655798 0.999574564 0.002149499
-0.189595174 0.999787133 0.002172958
-0.188977163 1.00103315 0.002089162
-0.188884173 1.000848338 0.002105404
-0.188581066 0.997832284 0.002096881
-0.18856435 0.999867388 0.002093181
-0.18826691 1.0006218 0.00214562
-0.188206315 1.001439726 0.002176098
-0.187588321 0.999051646 0.00209384
-0.187495302 0.99922741 0.002100767
-0.187192215 1.00014575 0.002098431
-0.18717547 1.000922382 0.002096968
-0.186878023 0.998227231 0.002146657
-0.186817456 1.000067789 0.002176394
-0.186199478 1.000384192 0.002084639
-0.186106431 1.000057112 0.002100621
-0.185803363 0.999123843 0.002094021
-0.185786591 1.000472597 0.002098661
-0.185489136 1.00065823 0.002145078
-0.185428598 1.000961454 0.002174449
-0.184810635 1.000287839 0.002091411
-0.184717561 0.998800213 0.002099413
-0.184414512 1.002181933 0.002096248
-0.184397711 0.998783261 0.002096066
-0.184100248 0.998833979 0.002147459
-0.184039739 1.00109336 0.002173472
-0.183421792 1.001221869 0.002088729
-0.18332869 0.998620497 0.00210147
-0.183025661 0.999596664 0.002101855
-0.183008831 0.997460905 0.002099366
-0.182711361 1.001233185 0.002152681
-0.18265088 1.000317065 0.00217397
-0.18203295 0.999666258 0.002085905
-0.181939819 1.001401523 0.002095789
-0.181636809 0.997384153 0.002093692
-0.181619952 0.999251109 0.002095609
-0.181322474 0.999319278 0.00214227
-0.181262021 0.998762073 0.002173979
-0.180644107 0.998759017 0.002081814
-0.180550948 0.997911896 0.002094733
-0.180247958 1.00190911 0.002096501
-0.180231072 1.000456359 0.002106533
-0.179933587 0.998577189 0.002149448
-0.179873163 1.00105235 0.002173344
-0.179255264 1.000612402 0.002090205
-0.179162077 1.000083038 0.002098402
-0.178859106 0.997566986 0.002094322
-0.178842193 1.0020212 0.002089407
-0.178544699 0.999289068 0.002152934
-0.178484304 0.998436532 0.002175757
-0.177866421 0.999974569 0.002088913
-0.177773207 1.000240214 0.002104491
-0.177470255 0.999117399 0.002089658
-0.177453313 1.001292774 0.002103698
-0.177155812 1.001019044 0.002143619
-0.177095445 1.000464657 0.002179725
-0.176477578 0.996874503 0.00209326
-0.176384336 1.002615718 0.002108067
-0.176081404 0.998324829 0.002096774
-0.176064433 1.000547282 0.002093709
-0.175766924 0.999392005 0.002146804
-0.175706587 0.99920013 0.002178233
-0.175088736 1.000084614 0.002093681
-0.174995465 1.001543757 0.002096766
-0.174692552 0.999487698 0.00209251
-0.174675554 1.00188267 0.002095953
-0.174378037 1.002526042 0.002146159
-0.174317728 1.003385307 0.002176057
-0.173699893 0.999764802 0.002084319
-0.173606595 1.001147471 0.002099872
-0.173303701 1.002630318 0.002094096
-0.173286674 0.999809886 0.002096045
-0.17298915 1.000350287 0.002143918
-0.172928869 1.001945685 0.002175298
-0.17231105 1.00249345 0.002088375
-0.172217723 0.999168323 0.002099358
-0.17191485 1.002585759 0.002102588
-0.171897794 1.0001242 0.002096593
-0.171600262 0.998676082 0.002147648
-0.171540011 1.001059163 0.002174074
-0.170922207 0.999065228 0.002083287
-0.170828853 1.000543327 0.002098512
-0.170525998 1.000512664 0.00209905
-0.170508915 1.002899334 0.00210033
-0.170211375 1.001750288 0.002145454
-0.170151152 1.0023301 0.00218256
-0.169533365 1.000989066 0.002085321
-0.169439982 0.999742261 0.002100301
-0.169137147 1.000651231 0.0020971
-0.169120035 1.000105937 0.002093965
-0.168822488 0.999674383 0.002151845
-0.168762293 1.000170429 0.002174848
-0.168144522 0.999999525 0.00209203
-0.168051111 1.002024619 0.002096667
-0.167748295 1.001158415 0.00209889
-0.167731156 1.000653119 0.002101434
-0.167433601 1.00020573 0.002148501
-0.167373435 0.999415461 0.002173991
-0.166755679 1.001061792 0.002085646
-0.166662241 1.001785471 0.002103743
-0.166359444 0.999634296 0.002098961
-0.166342276 0.998126155 0.002094556
-0.166044713 1.001584706 0.002153057
-0.165984576 0.997416179 0.002177162
-0.165366837 0.999959947 0.002089743
-0.16527337 1.002075995 0.002110907
-0.164970593 1.002807212 0.002097464
-0.164953396 0.999657215 0.002098416
-0.164655826 0.99972625 0.002151474
-0.164595717 0.997843971 0.002171237
-0.163977994 1.001578406 0.002085017
-0.163884499 0.999041203 0.002096306
-0.163581741 0.997757912 0.002112264
-0.163564517 1.000366336 0.002095471
-0.163266939 1.001924799 0.002143004
-0.163206859 1.000413032 0.002170607
-0.162589151 0.997731597 0.002092115
-0.162495628 1.001073673 0.002106586
-0.16219289 1.000011473 0.002095872
-0.162175637 1.002844589 0.002097456
-0.161878051 0.998360202 0.002143937
-0.161818 1.000399206 0.002171914
-0.161200308 1.004468875 0.002091624
-0.161106758 0.999314772 0.002094603
-0.160804039 0.999857372 0.002094744
-0.160786757 1.002270722 0.002100957
-0.160489164 0.998605118 0.002144545
-0.160429142 0.999950475 0.002174401
-0.159811466 0.998576649 0.002087612
-0.159717887 0.997818901 0.002102135
-0.159415187 1.000550249 0.002098807
-0.159397878 0.998649938 0.002095462
-0.159100277 0.997929397 0.00214449
-0.159040283 0.9982154 0.002174719
-0.158422623 1.002544626 0.002087368
-0.158329016 0.997645191 0.002104387
-0.158026336 0.998606056 0.002103746
-0.15771139 1.000813241 0.002143519
-0.157651425 0.998202458 0.002179288
-0.15703378 0.999628932 0.002090296
-0.156940145 0.999397363 0.002097462
-0.156637485 1.000257205 0.002097169
-0.156620119 0.999031237 0.002097958
-0.156322502 0.999921883 0.002144238
-0.156262566 0.997939227 0.002172486
-0.155644938 1.00058134 0.002093625
-0.155551275 0.9977176 0.002100595
-0.155248634 0.999049649 0.002105643
-0.154933615 1.000000475 0.00214406
-0.154873707 0.999921008 0.00217404
-0.154256095 1.002484605 0.002084144
-0.154162404 1.00022196 0.002103607
-0.153859782 1.000653986 0.002095056
-0.15384236 1.00017827 0.002094359
-0.153544728 1.001458817 0.002147214
-0.153484849 0.999469745 0.002171363
-0.152867252 0.998456556 0.002096725
-0.152773533 0.99874507 0.00210192
-0.152470931 1.000154079 0.00209364
-0.15245348 0.997151644 0.002099758
-0.15215584 1.000699873 0.002142598
-0.15209599 1.001519107 0.002174797
-0.15147841 1.001439544 0.002085486
-0.151384663 1.000112133 0.002098958
-0.15108208 1.000815943 0.002099242
-0.1510646 1.000170518 0.002095263
-0.150766953 1.000063636 0.002145086
-0.150707131 0.999006212 0.002177973
-0.150089567 0.998265786 0.002093305
-0.149995792 1.000603968 0.002098791
-0.149693228 1.001513633 0.002101795
-0.149675721 1.000885837 0.002098616
-0.149378066 1.0007412 0.002142142
-0.149318273 1.000876783 0.002174635
-0.148700724 0.999413982 0.002088137
-0.148606921 1.000709231 0.002102326
-0.148304377 0.998609365 0.002097321
-0.148286841 0.998475549 0.002102921
-0.147989179 0.999053757 0.002143041
-0.147929414 1.001002216 0.002172729
-0.147311882 0.999493701 0.002091859
-0.147218051 1.000738275 0.002092966
-0.146915526 1.001218697 0.002104918
-0.146600291 1.003633681 0.002146151
-0.146540555 0.999102962 0.002172972
-0.145923039 0.998857635 0.002084603
-0.14582918 1.002062451 0.002099628
-0.145526675 1.000424936 0.002092747
-0.145509082 0.999995229 0.002094637
-0.145211404 1.002060801 0.002148715
-0.145151697 0.999167408 0.002172574
-0.144534196 0.99925925 0.002086697
-0.144440309 1.001173489 0.002102436
-0.144137823 1.000003945 0.002099849
-0.144120203 1.000162933 0.002090509
-0.143822517 0.996650641 0.002141972
-0.143762838 0.998814939 0.002175024
-0.143145354 0.99864076 0.002084616
-0.143051438 0.999175067 0.002098488
-0.142748972 0.999114814 0.00210059
-0.142731323 0.999284578 0.002096881
-0.14243363 0.999811703 0.002144171
-0.14237398 1.002221671 0.002175858
-0.141756511 0.999738787 0.002087933
-0.141662568 1.000515347 0.002096057
-0.14136012 0.997506877 0.002093499
-0.141342444 0.997936889 0.00209453
-0.141044742 0.998660554 0.002140679
-0.140985121 0.996374357 0.002177966
-0.140367668 0.998994264 0.002088303
-0.140273697 0.998845187 0.002108455
-0.139971269 0.999314407 0.002103141
-0.139953564 0.999531419 0.002097498
-0.139655855 1.000307734 0.002142568
-0.139596262 1.002454892 0.002177931
-0.138978826 1.001276458 0.002091525
-0.138884827 1.000081071 0.002101357
-0.138582418 1.000783103 0.002096743
-0.138564684 1.001557472 0.002094437
-0.138266967 1.001667847 0.002143436
-0.138207404 1.000206315 0.002171298
-0.137589983 0.999329297 0.002084228
-0.137495956 1.000193466 0.002095088
-0.137193567 1.000210348 0.002097259
-0.137175805 0.999870171 0.002094425
-0.136878081 0.999087079 0.002154636
-0.136818545 1.000969378 0.002170386
-0.13620114 0.997744574 0.002086236
-0.136107085 1.000733191 0.002098797
-0.135804715 0.999464561 0.002099721
-0.135786925 0.998390897 0.002095732
-0.135489193 0.998891527 0.002140333
-0.135429687 0.998043215 0.002175629
-0.134812298 1.001079723 0.002086661
-0.134718214 1.000530089 0.002095109
-0.134415864 0.999491212 0.002101883
-0.134398046 0.999349253 0.002087511
-0.134100306 1.004487456 0.002145134
-0.134040828 1.001938235 0.002170851
-0.133423455 1.000584316 0.002086148
-0.133329344 0.999796707 0.002107541
-0.133027013 0.999667082 0.002092792
-0.133009167 1.000213376 0.002094832
-0.132651969 1.001553742 0.00217353
-0.132034612 1.000157342 0.002085567
-0.131940473 1.001020384 0.00210017
-0.131638162 1.000854377 0.00209557
-0.131322532 1.000367594 0.002144598
-0.131263111 0.996910941 0.002174171
-0.13064577 1.001041401 0.0020909
-0.130551603 1.001079511 0.002098967
-0.13024931 0.997842869 0.00209855
-0.130231407 1.003635788 0.002098532
-0.129933644 0.99954858 0.002146443
-0.129874252 0.99948783 0.00217314
-0.129256927 0.999385699 0.002089527
-0.129162732 1.000802201 0.002096472
-0.128860459 1.002913871 0.002097888
-0.128842528 0.998297836 0.002093293
-0.128544757 0.99949586 0.002141262
-0.128485394 0.999072781 0.002175731
-0.127868084 1.00042024 0.002091594
-0.127773861 0.998759211 0.002102469
-0.127471608 0.999956136 0.00209986
-0.127453648 1.000274559 0.002097119
-0.12715587 1.001813891 0.002146799
-0.127096535 1.00056181 0.002177521
-0.126479242 1.001334913 0.002086132
-0.126384991 0.999944556 0.002094683
-0.126082757 0.99886038 0.002096474
-0.126064769 1.001087615 0.002095116
-0.125766983 0.996575116 0.002144584
-0.125707676 1.000666992 0.002174616
-0.125090399 1.000722621 0.002087083
-0.12499612 0.998877841 0.002099312
-0.124693905 0.998986769 0.002097992
-0.124675889 0.996770566 0.002090308
-0.124378095 1.001592588 0.002142957
-0.124318818 1.001204291 0.002173118
-0.123701556 0.996442714 0.00209007
-0.123607249 0.99893014 0.002095305
-0.123305054 1.001599603 0.002097936
-0.12328701 0.998253618 0.002091533
-0.122989208 1.000024578 0.002141121
-0.122929959 0.999899473 0.002181781
-0.122312714 0.998485142 0.002092601
-0.122218379 1.000793176 0.002099204
-0.121916203 0.99776406 0.002095906
-0.12189813 0.999344685 0.002097388
-0.121600321 1.000239135 0.00213808
-0.121541101 1.001090233 0.002171617
-0.120923871 0.998552253 0.002087067
-0.120829508 0.997133493 0.002100427
-0.120527352 0.997846759 0.002098327
-0.120509251 1.00212808 0.002095798
-0.120211434 0.99932688 0.002139057
-0.120152242 0.999092562 0.002173785
-0.119535029 1.002311833 0.002091056
-0.119440637 1.001277536 0.002094313
-0.119138501 1.001994646 0.002094731
-0.119120371 1.001365899 0.002094395
-0.118822546 1.001155675 0.002142268
-0.118763383 0.999685706 0.002176539
-0.118146186 1.002107928 0.002091722
-0.118051767 0.999321917 0.00209891
-0.117749649 1.000539645 0.002101178
-0.117731492 1.000631453 0.002102908
-0.117433659 1.00028426 0.002143222
-0.117374525 0.998376674 0.002177146
-0.116757343 0.995743877 0.002085172
-0.116662896 0.998612527 0.002102494
-0.116360798 0.997859993 0.002097046
-0.116342612 1.001249484 0.002102222
-0.116044772 0.999822603 0.002139184
-0.115985666 1.001016159 0.002183489
-0.115368501 1.003858092 0.002086322
-0.115274026 0.999388414 0.00209944
-0.114971946 0.999591466 0.002099288
-0.114953733 1.000515344 0.002093448
-0.114655885 1.000484818 0.002138926
-0.114596808 1.001881388 0.002175066
-0.113979658 1.00077821 0.002087792
-0.113885155 0.997832718 0.002100071
-0.113583095 1.000316801 0.002100924
-0.113564853 1.001152989 0.002094493
-0.113266998 0.998982741 0.002146003
-0.113207949 1.000283278 0.002168571
-0.112590815 1.002961377 0.002084648
-0.112496284 0.999767701 0.002095597
-0.112194244 1.000159148 0.002093708
-0.112175974 1.001104622 0.002097746
-0.11187811 1.001187189 0.002144218
-0.111819091 0.998620052 0.002176238
-0.111201973 0.997232358 0.002087622
-0.111107414 1.000461787 0.002095758
-0.110805393 1.001186181 0.002102435
-0.110787094 1.00091487 0.002090041
-0.110489223 0.997412336 0.00214467
-0.110430232 0.99998234 0.002170356
-0.109813131 1.000234942 0.002089147
-0.109718543 1.000106569 0.00209564
-0.109416542 1.000381292 0.00209764
-0.109398215 0.996886344 0.002091053
-0.109100336 1.000792266 0.002144379
-0.109041374 1.000955401 0.002171624
-0.108424288 0.997461309 0.002087766
-0.108329673 1.000018617 0.002095609
-0.108027691 0.99903218 0.002101773
-0.108009336 1.002041117 0.002098983
-0.107711449 0.99716268 0.00214772
-0.107652515 0.999313201 0.002171451
-0.107035445 0.999736024 0.002087643
-0.106940802 0.999711328 0.002091941
-0.106638839 1.000549595 0.002092829
-0.106620456 0.998224011 0.002090337
-0.106322561 0.997658896 0.00214224
-0.106263656 1.002400985 0.002175698
-0.105646603 0.999428859 0.002097478
-0.105551931 0.999057262 0.002093797
-0.105249988 1.001386908 0.002099906
-0.105231576 0.998964811 0.002093575
-0.104933674 0.999959744 0.002141931
-0.104874798 0.997937715 0.0021726
-0.10425776 1.001757979 0.002094401
-0.104163061 1.000254297 0.00209671
-0.103861137 0.999979859 0.002095263
-0.103842697 1.002007699 0.002096147
-0.103544787 1.001647538 0.002143506
-0.10348594 1.000262353 0.00217186
-0.102868918 0.997272581 0.002089612
-0.10277419 1.00103102 0.00209152
-0.102472286 0.999932464 0.00209909
-0.102453817 0.998293382 0.002096304
-0.1021559 0.995958652 0.002139619
-0.102097081 1.002048961 0.002170426
-0.101480075 0.999392264 0.002093638
-0.101385319 0.998549846 0.002091946
-0.101083435 0.999805041 0.002096515
-0.101064938 1.0017341 0.002104194
-0.100767013 1.001816325 0.002142062
-0.100708223 1.000248515 0.002174408
-0.100091232 0.999135211 0.002091893
-0.099996449 1.00063614 0.002096674
-0.099694583 0.999309868 0.002099101
-0.099676058 0.999584321 0.002099075
-0.099378125 0.998105512 0.002138879
-0.099319364 1.000678546 0.002170144
-0.09870239 0.999831815 0.002093469
-0.098607579 0.999525913 0.002097114
-0.098305732 0.998039916 0.002091532
-0.098287179 1.000503333 0.00210319
-0.097989238 0.99960383 0.002138766
-0.097930506 1.000027507 0.002178453
-0.097313548 1.001241594 0.002086222
-0.097218708 1.000950013 0.002105888
-0.096916881 0.999459813 0.002095234
-0.096898299 1.002549809 0.002095552
-0.096600351 0.999936227 0.002145733
-0.096541647 1.000247509 0.002170967
-0.095924705 1.002956532 0.002098255
-0.095829838 1.000386075 0.002102236
-0.09552803 1.000089056 0.002091536
-0.09550942 0.999349924 0.002096668
-0.095211464 0.999818774 0.002141359
-0.095152789 1.001283685 0.00217105
-0.094535862 1.000724483 0.002095134
-0.094440967 1.004453695 0.00209778
-0.094139178 1.000787286 0.002106836
-0.094120541 0.998692817 0.002085314
-0.093822577 0.9991663 0.002146141
-0.09376393 1.002363626 0.002175339
-0.09314702 1.002826362 0.002087312
-0.093052096 0.99977627 0.002095933
-0.092750327 0.999791402 0.002092527
-0.092731661 0.998122414 0.002090077
-0.092433689 1.000110805 0.002135172
-0.092375072 1.00343512 0.002172184
-0.091758177 0.996550032 0.002093789
-0.091663226 0.999394383 0.002100495
-0.091361476 0.997791641 0.002097712
-0.091342782 0.999682896 0.002101759
-0.091044803 1.000417694 0.002140495
-0.090986213 0.997494174 0.002167323
-0.090369335 0.999010886 0.002090811
-0.090274355 0.997884088 0.002098889
-0.089972625 1.003804289 0.002106228
-0.089953902 1.000561757 0.002098258
-0.089655915 0.99993551 0.00214146
-0.089597354 1.000096014 0.002170924
-0.088980493 1.002288918 0.002086438
-0.088885485 1.001930891 0.002101536
-0.088583774 1.000545244 0.002099534
-0.088565023 0.999108026 0.002089425
-0.088267028 0.997145416 0.0021424
-0.088208496 1.001589657 0.002172097
-0.08759165 0.99995835 0.002098965
-0.087496614 1.000267632 0.002097805
-0.087194923 1.001093729 0.00210515
-0.087176144 0.999744555 0.002089084
-0.086878141 1.001318581 0.002140352
-0.086819637 0.998503055 0.002173434
-0.086202807 1.002592085 0.00209239
-0.086107744 0.999131484 0.002099414
-0.085806071 1.002952352 0.002099013
-0.085787264 1.000129869 0.002089804
-0.085489254 0.999101493 0.002142213
-0.085430779 0.999552134 0.002173471
-0.084813965 1.000059745 0.0020888
-0.084718873 1.003568899 0.002107422
-0.08441722 0.999125556 0.002099843
-0.084398385 1.000688039 0.002101811
-0.084100367 1.000837473 0.0021423
-0.08404192 0.99793322 0.002167681
-0.083425122 1.002586244 0.002092474
-0.083330003 0.999794835 0.002098291
-0.083028369 1.003547913 0.002095095
-0.083009505 0.999570924 0.002089279
-0.082711479 1.00048698 0.00214551
-0.082653062 0.998936965 0.002170873
-0.08203628 1.001192571 0.002094541
-0.081941132 0.998298913 0.002101818
-0.081639518 0.997692755 0.002107823
-0.081620626 1.000238925 0.002092011
-0.081322592 1.00138091 0.002141886
-0.081264203 0.999331363 0.002172657
-0.080647438 0.998443442 0.002089468
-0.080552261 1.001979321 0.002098335
-0.080250667 0.999588255 0.002101149
-0.080231747 1.000682069 0.00209267
-0.079933705 1.000443643 0.002148145
-0.079875345 0.999081236 0.002173745
-0.079258595 0.99905607 0.002094548
-0.079163391 1.000394156 0.00209975
-0.078861816 1.00011842 0.002090993
-0.078842867 1.000383577 0.00209225
-0.078544818 1.000387586 0.002142386
-0.078486486 0.999794103 0.002166079
-0.077869752 1.002167544 0.002093066
-0.077774521 1.002228073 0.002098925
-0.077472965 0.999120773 0.002099189
-0.077453988 0.999043059 0.002093415
-0.077155931 0.998872856 0.002140861
-0.077097628 0.998412359 0.002173104
-0.07648091 1.002869121 0.002096755
-0.07638565 0.996648418 0.00209844
-0.076084113 0.999525169 0.002103743
-0.076065108 1.002003315 0.00209369
-0.075767044 0.999463917 0.002140582
-0.075708769 0.998680723 0.002172829
-0.075092067 0.996527786 0.002090679
-0.074996779 0.998604691 0.002098584
-0.074695262 0.998469017 0.002104118
-0.074378157 1.000044308 0.002143441
-0.074319911 0.998888339 0.002168819
-0.073607909 1.000259327 0.002096675
-0.073306411 0.99669629 0.00209962
-0.073287349 1.000821405 0.002089114
-0.07298927 0.999544436 0.002142683
-0.072931052 1.001466862 0.002172922
-0.072314382 0.999973325 0.002088506
-0.072219039 1.001706111 0.002094496
-0.07191756 1.000625325 0.002103603
-0.07189847 1.000183051 0.002097558
-0.071600382 0.999541813 0.002142059
-0.071542194 1.000973886 0.002179068
-0.07092554 1.001335987 0.00209236
-0.070830168 1.000275969 0.002094903
-0.070528709 1.003275419 0.002100972
-0.070509591 1.000007871 0.002091548
-0.070211495 1.000669297 0.002137684
-0.070153335 1.000918933 0.00217082
-0.069536698 0.999300748 0.002091288
-0.069441298 1.002306065 0.002101376
-0.069139858 0.998606244 0.002100659
-0.069120711 1.001662291 0.002091339
-0.068822608 1.000446563 0.002143957
-0.068764477 1.002740793 0.002170223
-0.068147855 0.998071272 0.002095117
-0.068052427 0.998291035 0.002099825
-0.067751006 0.998429793 0.002100575
-0.067731832 0.998418805 0.002094802
-0.067433721 1.000874613 0.002151855
-0.067375619 0.997198691 0.00217183
-0.066759013 0.998879357 0.00209101
-0.066663557 1.000068067 0.002099795
-0.066362155 1.00215656 0.002098177
-0.066342953 0.997275862 0.002096279
-0.066044834 1.002468739 0.002142258
-0.06598676 1.000016295 0.002169707
-0.06537017 0.998192047 0.002093166
-0.065274686 0.996881906 0.002099278
-0.064973304 0.997311995 0.002113251
-0.064954073 1.000477645 0.002100476
-0.064655947 1.001197568 0.002140657
-0.064597902 1.001381443 0.002176092
-0.063981327 1.000434216 0.002091942
-0.063885816 0.998398842 0.002092976
-0.063584453 0.998044672 0.002098257
-0.063565194 1.001499006 0.002100185
-0.063267059 1.000751257 0.002143663
-0.063209043 0.999645436 0.002166999
-0.062592485 1.001666455 0.002091439
-0.062496945 1.000500869 0.002098067
-0.062195602 1.001213919 0.002098276
-0.061878173 0.999212815 0.002141837
-0.061820185 1.000461551 0.00217355
-0.061203643 0.998676529 0.002087559
-0.061108075 1.000412127 0.002099772
-0.060806751 0.999820299 0.002094313
-0.060787435 0.998057153 0.002094226
-0.060489285 1.000480335 0.00213683
-0.060431326 1.002211886 0.002171348
-0.0598148 1.001057049 0.002096787
-0.059719204 0.998220541 0.002107686
-0.0594179 1.001640457 0.002100217
-0.059398556 0.998293914 0.002094112
-0.059100398 1.003607758 0.002143616
-0.059042468 1.002111169 0.002171039
-0.058425958 1.001072502 0.002089382
-0.058330334 0.997855074 0.002099453
-0.058029049 0.997633092 0.002098007
-0.058009676 1.000448857 0.00209987
-0.057711511 1.003027676 0.002145003
-0.057653609 0.998271491 0.002170108
-0.056941463 0.999649043 0.002098812
-0.056640197 1.001398533 0.002097976
-0.056620797 1.000312784 0.002101452
-0.056322624 0.999184471 0.002137874
-0.056264751 0.998323605 0.002168206
-0.055648273 1.00033629 0.002091604
-0.055552593 0.998912137 0.002095271
-0.055251346 1.000422529 0.002094756
-0.055231917 1.000760674 0.002093059
-0.054933737 0.999844191 0.002143525
-0.054875892 1.001792196 0.002172007
-0.054259431 1.003071155 0.002086826
-0.054163722 1.001798313 0.002097383
-0.053862495 0.996744683 0.002099301
-0.053843038 1.000405421 0.002093486
-0.05354485 1.000323926 0.002137713
-0.053487034 1.003690826 0.002171984
-0.052870588 0.999461483 0.00209906
-0.052774852 0.997943553 0.00209509
-0.052473644 1.000275553 0.002100543
-0.052454159 0.999855317 0.002098833
-0.052155963 0.998383564 0.00213504
-0.052098175 1.000083317 0.002167768
-0.051481746 0.999433726 0.002092729
-0.051385982 0.997078391 0.002095536
-0.051084793 0.999947564 0.00209335
-0.051065279 1.001973285 0.002099815
-0.050767075 1.001782072 0.002146421
-0.050709317 0.999700614 0.002169689
-0.050092903 0.998979739 0.002092107
-0.049997111 0.998338704 0.002094851
-0.049695942 1.001067009 0.002099595
-0.0496764 1.000266468 0.002099739
-0.049378189 1.000685396 0.002140362
-0.049320459 1.000866654 0.002171194
-0.048704061 1.001437926 0.002087502
-0.048608241 0.998618054 0.002098969
-0.048307091 0.999038588 0.00209782
-0.048287521 0.999938226 0.002087266
-0.047989302 1.001237931 0.002138544
-0.0479316 0.998990016 0.00217183
-0.047315219 0.999882144 0.002092509
-0.04721937 1.001568641 0.002100206
-0.04691824 0.999823838 0.002100552
-0.046898642 1.003252075 0.002096332
-0.046600414 1.002029703 0.002142858
-0.046542742 0.99980278 0.002168381
-0.045926376 0.998621433 0.002092107
-0.0458305 0.999581242 0.00209843
-0.045529389 1.002053809 0.002101616
-0.045509762 1.000226669 0.002095525
-0.045211527 1.000028341 0.002151393
-0.045153883 1.0004295 0.002168508
-0.044537534 1.001171261 0.002092227
-0.044441629 1.00194008 0.002102097
-0.044140538 0.999241768 0.002098447
-0.044120883 1.000036041 0.002093952
-0.04382264 0.996506738 0.002142106
-0.043765025 0.999173902 0.002167648
-0.043148691 1.000197242 0.00209683
-0.043052759 0.999314871 0.002094591
-0.042751687 1.000980189 0.002101606
-0.042433753 0.997413396 0.002144359
-0.042376166 0.996818099 0.00216548
-0.041759849 1.001918875 0.002098511
-0.041663889 0.998953305 0.002100278
-0.041362836 0.997379516 0.002097531
-0.041343124 0.997969151 0.002091701
-0.041044866 0.997609808 0.002141957
-0.040987308 1.00088573 0.002170049
-0.040371006 0.999739172 0.002097328
-0.040275018 0.996351157 0.002096784
-0.039973984 1.001119154 0.002095451
-0.039954245 0.99643579 0.002094278
-0.039655979 1.000903946 0.002144783
-0.039598449 0.997740381 0.002169252
-0.038982164 1.000175634 0.002091821
-0.038886148 0.997096397 0.00209559
-0.038585133 0.997894776 0.002097127
-0.038565365 0.997628324 0.002096847
-0.038267092 1.000850522 0.002142788
-0.038209591 0.998816959 0.002166196
-0.037593322 0.999806439 0.002090281
-0.037497277 0.998965395 0.0020943
-0.037196282 0.999453054 0.002100909
-0.037176486 0.998765346 0.002094703
-0.036878205 0.998209835 0.002140969
-0.036204479 1.000333866 0.002102134
-0.036108407 0.997747613 0.002100855
-0.035807431 0.998523854 0.002094908
-0.035787607 0.997479963 0.002093255
-0.035489318 0.995412986 0.002143034
-0.035431874 1.000225925 0.002167927
-0.034815637 1.000823168 0.002093346
-0.034719537 0.999108508 0.002093232
-0.03441858 0.997446042 0.002094861
-0.034398727 0.997544707 0.00210058
-0.034100431 0.999000795 0.002137577
-0.034043016 0.998546925 0.002167983
-0.033426795 0.997730611 0.002088732
-0.033330666 0.997171192 0.002096462
-0.033029729 1.000164247 0.00209749
-0.033009848 1.000889304 0.002102185
-0.032711543 0.999123304 0.002140476
-0.032654157 1.000946102 0.00217034
-0.032037952 0.998047334 0.002096317
-0.031941796 0.998986747 0.002097251
-0.031640878 0.998779161 0.002097575
-0.031620969 0.999834845 0.002093967
-0.031322657 0.999655489 0.002140193
-0.031265299 0.997420167 0.002172163
-0.03064911 1.000732701 0.002097944
-0.030552925 1.001215271 0.002097549
-0.030252027 0.997107255 0.00210526
-0.02993377 0.996604995 0.002142224
-0.029876441 0.999332828 0.00216689
-0.029260267 0.997283261 0.00208776
-0.029164055 0.997337538 0.002098151
-0.028863176 0.999821069 0.002099414
-0.02884321 1.000122571 0.002093357
-0.028544882 0.99882957 0.002141539
-0.028487582 0.997803499 0.002164977
-0.027871425 0.999435568 0.002093738
-0.027775185 0.999149991 0.002102673
-0.027474325 0.998521963 0.00209895
-0.027155995 0.998761554 0.002147136
-0.027098724 1.001893938 0.002169845
-0.026482583 0.995700086 0.00208699
-0.026386314 0.99618212 0.002102916
-0.026085474 0.998061408 0.00210489
-0.026065452 0.997730805 0.002085813
-0.025767108 0.999286362 0.002144363
-0.025709865 0.996439939 0.002164045
-0.025093741 0.999243262 0.002091967
-0.024997444 0.99666296 0.002093712
-0.024696623 1.000543003 0.002098825
-0.024676572 0.999330799 0.002091165
-0.024378221 1.000569676 0.002141618
-0.024321007 0.997404548 0.002158411
-0.023704898 0.998485393 0.002092391
-0.023608573 0.998453027 0.00209686
-0.023307771 1.000485362 0.002093027
-0.023287693 1.000209464 0.002095468
-0.022989334 1.001269896 0.002140841
-0.022932149 1.001910522 0.002160594
-0.022316056 0.99929446 0.002090419
-0.022219703 1.001449301 0.002096065
-0.02191892 1.000252626 0.002096268
-0.021898814 0.998611124 0.002100779
-0.021600447 0.99881851 0.002134463
-0.02154329 0.999162573 0.002167414
-0.020927214 0.998133587 0.0020913
-0.020830833 0.999175902 0.002099533
-0.020530069 0.998154646 0.002092857
-0.020509934 1.000612083 0.002094285
-0.02021156 0.998118496 0.00213783
-0.020154432 0.998792897 0.002161077
-0.019538371 0.9985861 0.002095957
-0.019441962 0.997301575 0.002095657
-0.019141218 0.996401907 0.002100562
-0.019121055 0.997050937 0.002092014
-0.018822673 0.995712838 0.002142475
-0.018765573 0.99587895 0.002164093
-0.018149529 0.996136819 0.002085557
-0.018053092 0.99800726 0.002105211
-0.017752367 0.995298742 0.00210755
-0.017732176 0.998846671 0.002093095
-0.017433786 0.999377829 0.002142877
-0.017376715 0.997458509 0.00216902
-0.016760687 0.996173307 0.002087262
-0.016664222 0.997513064 0.002098322
-0.016363517 0.999183847 0.002092801
-0.016343297 0.998480752 0.002098325
-0.016044899 0.9979722 0.002138807
-0.015987857 0.999955259 0.002164862
-0.015371844 1.000003784 0.002092685
-0.015275351 0.999404472 0.002099769
-0.014974666 0.999973876 0.002093539
-0.014954418 0.999135529 0.002098342
-0.014656012 0.996219601 0.002136258
-0.014598998 0.997649308 0.002164383
-0.013983002 0.998153448 0.002094545
-0.013886481 0.999836153 0.00209567
-0.013585815 1.001377706 0.00209842
-0.013565538 1.000193836 0.002098832
-0.013267125 0.998766402 0.002142427
-0.01321014 0.998686343 0.002164173
-0.01259416 0.999351714 0.00209591
-0.012497611 0.998030782 0.002105466
-0.012196964 0.999335241 0.002100918
-0.012176659 0.996558827 0.002095357
-0.011878238 0.996774086 0.002138861
-0.011821282 0.997707931 0.00216337
-0.011205317 0.997996223 0.002093281
-0.01110874 0.999961407 0.002098634
-0.010808113 1.002034995 0.002098197
-0.01078778 0.997881444 0.002094458
-0.010489351 0.997675364 0.002141404
-0.010432423 0.996680188 0.002163935
-0.009816475 0.99891219 0.002092117
-0.00971987 0.999435276 0.002098804
-0.009419261 0.998834761 0.002099395
-0.0093989 0.999122436 0.002090226
-0.009100464 0.998269138 0.002138588
-0.009043565 1.000064782 0.002164783
-0.008427633 0.997822462 0.002086726
-0.008331 0.999613983 0.002100573
-0.00803041 0.99758217 0.002094983
-0.008010021 1.000674838 0.002097754
-0.007711577 0.997004318 0.002137362
-0.007654706 0.999860409 0.002164818
-0.00703879 0.996942169 0.00208533
-0.006942129 0.999034659 0.002098567
-0.006641559 0.997970303 0.002092903
-0.006621142 0.997307963 0.002087732
-0.00632269 0.996513278 0.002139432
-0.006265848 0.999284185 0.002167018
-0.005649948 0.999667636 0.002091877
-0.005553259 0.996130644 0.002098079
-0.005252708 0.998000008 0.002099162
-0.005232263 0.999920227 0.002091848
-0.004933803 0.998346126 0.002138609
-0.00487699 0.998698006 0.002158252
-0.004261106 0.999036726 0.002097273
-0.004164389 0.995649033 0.002096426
-0.003863857 0.998055417 0.002099757
-0.003843383 0.995909665 0.002094359
-0.003544916 0.998692372 0.002144493
-0.003488131 1.000019109 0.002160785
-0.002872264 0.998226333 0.002098621
-0.002775518 0.996670517 0.002099357
-0.002475006 0.998961512 0.002099519
-0.002454504 0.997689826 0.002096193
-0.002156029 0.997262624 0.002137799
-0.002099273 0.999198681 0.002161296
-0.001483421 0.9955913 0.002085188
-0.001386648 0.999947543 0.002104667
-0.001086155 0.998882718 0.00209315
-0.001065625 0.998197032 0.002091647
-0.000767142 0.999195899 0.002140837
-0.000710415 0.998850945 0.002159946
-9.45789E-05 0.997688703 0.002091886
2.22237E-06 0.995728106 0.002100147
0.000302696 0.999823235 0.002098758
0.000323255 0.998900039 0.002091309
0.000621745 0.997183403 0.002141578
0.000678444 1.0000531 0.002165877
0.001294263 0.998124259 0.002086519
0.001391093 1.001265654 0.00210212
0.001691546 0.998792262 0.002100293
0.001712134 0.998005566 0.002095045
0.002010632 1.000485371 0.002142194
0.002067302 1.003126465 0.002161381
0.002683105 0.997454036 0.002090606
0.002779963 0.998662539 0.002095383
0.003080397 0.999806955 0.002098835
0.003399519 0.997813658 0.002142761
0.00345616 0.998515399 0.002154514
0.004071948 1.000833075 0.002092016
0.004168833 0.998079514 0.00209858
0.004469248 0.997686213 0.002095825
0.004489892 0.997778207 0.002097021
0.004788406 0.999385132 0.002139604
0.004845019 0.999574092 0.002158634
0.00546079 1.002443667 0.002092427
0.005557703 1.000836126 0.002100081
0.0058581 1.0006313 0.002100156
0.005878771 0.997250715 0.002095505
0.006177293 0.996084997 0.002139968
0.006233877 0.997450169 0.00216758
0.006849632 0.999718148 0.002100546
0.006946574 0.997385569 0.002096959
0.007246951 0.99579473 0.002101933
0.00726765 0.999127636 0.00209754
0.00756618 0.997916778 0.002137848
0.007622735 0.998817911 0.002162088
0.008238475 0.998081155 0.002087448
0.008335444 0.999704347 0.002100225
0.008635802 1.001160703 0.002100752
0.00865653 0.999701318 0.002095313
0.008955067 0.998025967 0.002138577
0.009011594 0.999889344 0.002155278
0.009627317 0.999860355 0.002090224
0.009724314 1.000253462 0.00210055
0.010024653 1.000225088 0.002097066
0.010045409 0.995121024 0.002099147
0.010343954 0.999757357 0.002139055
0.010400452 0.997484639 0.002162067
0.011016159 1.000801987 0.002090892
0.011113184 0.997923135 0.002103932
0.011413503 1.001796797 0.002100265
0.011434288 0.99693683 0.002095181
0.011732841 0.996319679 0.002138885
0.01178931 0.997508936 0.002160526
0.012405001 0.997987613 0.002096365
0.012502055 1.000199911 0.002100354
0.012802354 0.997429282 0.002099289
0.012823167 0.998333425 0.00209584
0.013121728 0.997047467 0.002140024
0.013178169 0.998167554 0.002159875
0.013793844 0.998894791 0.002093589
0.013890925 1.001841785 0.00209914
0.014191205 1.000017813 0.002098962
0.014212047 0.996361932 0.00209744
0.014510615 0.997489405 0.002140996
0.014567027 0.998306574 0.00216533
0.015182686 0.998996311 0.002087634
0.015279795 0.996426686 0.002095341
0.015580056 0.998942104 0.002095909
0.015899502 0.996000544 0.002138594
0.015955885 0.99960933 0.002162837
0.016571528 0.999752003 0.002093366
0.016668665 0.997283697 0.002099353
0.016968907 0.999927831 0.002094978
0.016989805 0.998430167 0.002093494
0.017288389 0.997167461 0.002137683
0.017344744 0.996577878 0.002158918
0.01796037 0.997145334 0.002086911
0.018057536 0.996832101 0.002101238
0.018357758 0.999669955 0.002104758
0.018378684 0.998779965 0.002097861
0.018677276 0.999678854 0.002138234
0.018733602 0.999856315 0.002164389
0.019349212 1.001103605 0.002088871
0.019446406 0.998124315 0.002095671
0.019746609 0.998831918 0.002105042
0.019767564 0.996342586 0.002092004
0.020066163 0.998960932 0.002138766
0.020122461 1.000009991 0.002169922
0.020738054 0.998647302 0.002091023
0.020835276 1.000143891 0.002102781
0.02113546 1.001776709 0.002107527
0.021156443 0.997477792 0.002095692
0.02145505 0.996301716 0.002136422
0.021511319 0.999533372 0.002157672
0.022126897 1.000568168 0.002092221
0.022224146 0.997585918 0.002094825
0.022524311 1.004120101 0.002101219
0.022545322 0.997563163 0.002093234
0.022843937 0.997466459 0.002136511
0.022900177 1.001280338 0.002159554
0.023515739 0.996122302 0.002089346
0.023613017 0.997478281 0.002104064
0.023913162 0.999130284 0.002096745
0.023934201 0.996506764 0.002093874
0.024232824 0.998905846 0.00214038
0.024289036 1.000314286 0.002167647
0.024904581 0.997928674 0.002089903
0.025001887 0.998292138 0.002096608
0.025302013 0.998628184 0.002097373
0.02532308 0.996222716 0.002092683
0.025621711 0.998501085 0.002145337
0.025677894 1.000124388 0.002163367
0.026293423 0.997728911 0.002087419
0.026390757 0.997132798 0.00209479
0.026690864 1.000211553 0.002092179
0.026711959 0.99847405 0.002094475
0.027010597 1.000056102 0.002129473
0.027066752 0.997702024 0.002156717
0.027682265 0.997949425 0.00208754
0.027779627 0.997814913 0.002096139
0.028079715 0.998006597 0.002099422
0.028100838 0.996425775 0.002092482
0.028399484 0.998707201 0.002141294
0.028455611 0.998097318 0.002158557
0.029071108 0.99942173 0.00209278
0.029168498 1.000467495 0.002102956
0.029468566 0.999074124 0.00209771
0.029489718 0.998131026 0.002093427
0.029788372 1.001860481 0.002140289
0.029844469 0.99949828 0.002159272
0.03045995 0.998630955 0.002089386
0.030557368 1.000226752 0.002092569
0.030857417 1.0002842 0.002094911
0.030878597 1.000358804 0.002095799
0.031177259 0.998508398 0.002135407
0.031233327 0.999236094 0.002156807
0.031848792 0.998021597 0.002085342
0.031946238 0.998855921 0.002098209
0.032246268 0.997494998 0.002096854
0.032267476 0.997859967 0.002106826
0.032566146 0.999119728 0.002137614
0.032622186 0.998811711 0.00216323
0.033237634 0.996513424 0.002088432
0.033335108 0.999578204 0.002097114
0.033635119 1.002346354 0.002097244
0.033656355 0.994661287 0.002096856
0.033955032 0.995866091 0.002134243
0.034011044 0.998941582 0.002157005
0.034626476 0.999268472 0.002086457
0.034723979 0.999484789 0.002100867
0.03502397 0.998210874 0.002096624
0.035045234 0.997093686 0.002094068
0.035343919 0.996868858 0.002137059
0.035399902 0.999964764 0.002153925
0.036015319 0.998755922 0.002085317
0.036112849 1.000682748 0.002094712
0.036412821 0.999934071 0.002100539
0.036732806 0.998629582 0.002140758
0.03678876 0.999648834 0.002155376
0.037404161 0.997670116 0.002090843
0.037501719 0.999622979 0.002103137
0.037801671 1.000948851 0.002098958
0.037822993 0.997901073 0.002096884
0.038121693 0.998918756 0.002139798
0.038177619 1.000532884 0.002152673
0.038793003 0.99615944 0.002089306
0.038890589 1.001885554 0.002098106
0.039190522 0.998862778 0.002096332
0.039211872 1.000274381 0.0021003
0.03951058 0.998976269 0.002146922
0.039566477 0.997867077 0.00216913
0.040181845 0.997274003 0.002096725
0.04027946 0.996253327 0.002098435
0.040579373 0.998126936 0.002095651
0.040600751 1.000709552 0.002097561
0.040899467 0.999431312 0.002135761
0.040955335 1.001226969 0.00215583
0.041570687 0.999866041 0.002087291
0.04166833 0.997927695 0.002098024
0.041968224 1.001392184 0.002099692
0.04198963 1.001029593 0.002101561
0.042288354 0.999960201 0.002141129
0.042344193 0.997953057 0.00215798
0.04295953 0.999025897 0.002086877
0.0430572 0.999355751 0.002101889
0.043357075 0.999920986 0.002095625
0.043378509 0.99703223 0.002098113
0.043677241 0.999971517 0.002137037
0.043733052 1.00049365 0.002158655
0.044348372 0.99920375 0.002089336
0.04444607 1.000259731 0.002106737
0.044745926 1.000347074 0.002096619
0.044767389 0.997541691 0.002092055
0.045066128 1.001106413 0.002138776
0.04512191 0.999173402 0.002156314
0.045737214 0.998873634 0.002091532
0.04583494 1.000027674 0.002098626
0.046134777 0.999940987 0.002091398
0.046156268 0.998690716 0.002103544
0.046455015 0.995836353 0.002135386
0.046510768 0.999129978 0.002154506
0.047126056 0.999871705 0.002090435
0.04722381 1.000121858 0.002099238
0.047523628 1.000895972 0.002095977
0.047545147 1.002231291 0.002094
0.047843901 0.997354768 0.002135669
0.047899627 1.000596633 0.002154412
0.048514898 1.000363461 0.002089917
0.04861268 1.000678906 0.002100122
0.048912479 1.004027569 0.002098101
0.048934026 0.998194824 0.002099773
0.049232788 0.999586855 0.002136586
0.049288485 1.001280077 0.002154228
0.04990374 1.00008699 0.002088529
0.050001551 0.999914417 0.002101507
0.05030133 1.00072094 0.002091145
0.050322905 1.000486379 0.002092731
0.050621675 0.999033254 0.002135529
0.050677343 0.998935349 0.002158679
0.051292582 1.00200092 0.002089998
0.051390421 1.002783453 0.002099478
0.05169018 1.001063282 0.002105158
0.051711784 1.000098649 0.002095802
0.052010562 1.003353394 0.002139988
0.052066201 1.001793133 0.002159174
0.052681425 0.998058499 0.002094078
0.052779291 0.998503913 0.002097717
0.053079031 1.002260493 0.002095766
0.053100663 0.99872585 0.002096461
0.053399449 0.999164061 0.002132614
0.05345506 1.001303945 0.002165842
0.054070267 1.000631726 0.002092236
0.054168161 1.001854092 0.002101157
0.054467882 1.000037207 0.0021001
0.054489542 0.99998201 0.002096966
0.054788336 0.998291928 0.002137435
0.054843918 1.002873054 0.002160579
0.055459109 1.000018177 0.002091656
0.055557031 0.998973743 0.002098866
0.055856733 0.998725043 0.002098313
0.055878421 0.997665343 0.002094192
0.056177223 0.99733848 0.002141956
0.056232776 1.000266901 0.0021564
0.056847951 0.998999289 0.002098189
0.056945902 1.000238411 0.002097978
0.057245584 0.999070675 0.002101202
0.057267301 1.000757131 0.002096708
0.05756611 0.996953982 0.002136378
0.057621634 1.002950891 0.002154382
0.058236793 1.000998348 0.002094153
0.058334772 1.001321579 0.002097404
0.058634435 1.001627355 0.002115493
0.05865618 0.998130673 0.002100207
0.058954997 0.999643643 0.002131458
0.059010492 1.00131831 0.002158115
0.059625635 1.000106388 0.002093473
0.059723642 0.999488933 0.002100071
0.060023286 1.00128487 0.00209884
0.060045059 0.997976245 0.002091264
0.060343884 0.99833985 0.002136696
0.060399351 1.001661191 0.002156738
0.061014477 1.002826116 0.002090565
0.061112512 0.997516574 0.002099763
0.061412137 0.999232142 0.002101736
0.061433938 0.999384496 0.002092199
0.06173277 0.99926713 0.00213164
0.062403319 0.999655948 0.002089906
0.062501382 1.001241196 0.002102201
0.062800987 1.002274224 0.00210023
0.062822817 0.998875022 0.002092833
0.063121657 1.000929645 0.002133869
0.063177067 1.000988966 0.002164013
0.063792162 1.0004453 0.00208638
0.063890252 1.000930292 0.002104093
0.064189838 1.003021651 0.002095988
0.064211696 0.999954161 0.002092649
0.064510544 0.999145642 0.00213311
0.064565925 0.998873882 0.002155658
0.065181003 1.000087533 0.002094177
0.065279123 0.998374752 0.00209971
0.065578689 1.00012563 0.002117366
0.065600575 0.999246207 0.002093768
0.065899431 1.000037397 0.002132933
0.065954784 1.002467242 0.00215542
0.066569846 0.999117881 0.002096607
0.066667993 1.001426807 0.002097581
0.06696754 1.000243368 0.002093128
0.066989454 0.999984856 0.002089636
0.067288318 0.999752818 0.002139668
0.067343642 0.998024113 0.002154138
0.067958688 0.998550443 0.002089591
0.068056862 0.999341388 0.00210214
0.068356391 0.997171177 0.002097344
0.068378334 1.000510394 0.002095642
0.068677205 0.998572681 0.002139039
0.0687325 1.000123279 0.002159113
0.06934753 1.001093599 0.002090395
0.069445732 1.000244419 0.002101155
0.069745242 1.000411063 0.002095166
0.069767213 1.000651967 0.002095727
0.070066092 1.000507324 0.002135738
0.070121358 0.996747949 0.002156166
0.070736372 0.999913058 0.002083043
0.070834603 0.999506207 0.002102073
0.071134093 0.994841657 0.002099815
0.071156092 0.997643205 0.002103376
0.071454979 1.001976502 0.002140104
0.071510217 1.000274883 0.002152458
0.072125214 0.999791505 0.002090186
0.072223473 1.002467287 0.00209924
0.072522943 1.001251464 0.00210377
0.072544971 1.00308682 0.002096935
0.072843866 1.000123719 0.002134904
0.072899075 1.000619421 0.002158094
0.073514056 1.001532623 0.002090948
0.073612343 1.000640214 0.002104438
0.073911794 0.998783092 0.002101184
0.07393385 0.998214758 0.002093387
0.074232753 1.000310492 0.002141988
0.074287933 0.998781805 0.002156411
0.074902898 0.999385566 0.002087218
0.075001213 0.998337156 0.002097137
0.075300645 1.001830303 0.002098318
0.075322729 1.000374151 0.002093107
0.075621639 1.000133579 0.002142645
0.075676791 0.998157576 0.002157085
0.07629174 1.001730563 0.002089288
0.076390083 0.998376512 0.00210066
0.076689496 0.999447557 0.002094208
0.077010526 0.999770714 0.002138483
0.077065649 0.998272815 0.002156592
0.077680582 0.999784005 0.002091514
0.077778953 1.001134593 0.002099053
0.078078347 1.002115625 0.002106174
0.078100487 0.998660554 0.002097435
0.078399413 0.999315454 0.002137468
0.078454508 1.001428801 0.002162112
0.079069424 1.000229675 0.002093478
0.079167823 1.000366234 0.002097056
0.079467197 1.001230421 0.002097612
0.079489366 1.000459755 0.002105201
0.0797883 1.002863984 0.002137979
0.079843366 1.001501186 0.002153724
0.080458266 0.997064217 0.002095571
0.080556694 0.997755968 0.002105063
0.080856048 0.997788326 0.002094979
0.080878245 0.997403253 0.002096038
0.081177187 1.002685444 0.002135271
0.081232224 1.002024721 0.002155999
0.081847108 0.998817946 0.002088486
0.081945564 0.999652041 0.002093362
0.082244899 1.000995419 0.002096692
0.082267124 1.000591949 0.002096109
0.082566073 0.997723712 0.00213723
0.082621083 0.997417463 0.002159454
0.083235951 0.999718222 0.002085738
0.083334434 1.001648185 0.002099075
0.08363375 1.001857015 0.002099298
0.083656003 1.001256159 0.002100961
0.08395496 0.998478329 0.002139994
0.084009941 0.998440415 0.002155822
0.084624792 1.00032793 0.002088723
0.084723303 0.998268519 0.002099624
0.085022601 0.999339788 0.002102072
0.085044882 0.997118705 0.00209206
0.085343847 0.998208969 0.002132166
0.085398799 1.001345421 0.002157839
0.086013634 1.001588994 0.00209023
0.086112174 1.001675463 0.002099452
0.086411452 0.999414911 0.002099178
0.086433761 1.000044318 0.002096952
0.086732734 0.997221963 0.002134893
0.086787657 1.000939716 0.002154336
0.087402477 1.000814546 0.002087833
0.087501044 1.000389336 0.002110269
0.087800302 1.000250024 0.002095136
0.08782264 1.000065852 0.002091816
0.088121621 0.997874482 0.002133968
0.088176515 1.003694482 0.002158468
0.088791318 0.997974444 0.002085026
0.088889914 0.998133465 0.002105702
0.089189153 0.999619112 0.002094382
0.089211519 1.002849308 0.002105289
0.089510508 0.999129612 0.002135321
0.089565374 1.003467184 0.002155622
0.090180161 0.998644346 0.002089295
0.090278784 0.997155184 0.002100926
0.090578004 1.000391759 0.002092798
0.090600398 1.002024397 0.002096356
0.090899394 1.001965981 0.002144582
0.090954232 1.000527807 0.002162921
0.091569002 0.999680146 0.002097788
0.091667654 1.002227488 0.002096804
0.091966855 1.001010518 0.002106036
0.091989277 0.999814658 0.002093813
0.092288281 0.999269483 0.002135008
0.09234309 1.00037735 0.0021565
0.092957845 1.001847295 0.002094918
0.093056524 1.000243749 0.002103958
0.093355706 0.99785894 0.002098686
0.093378157 1.000828421 0.002096571
0.093677168 0.998183473 0.002135156
0.093731948 0.999130756 0.002156305
0.094346687 1.001773322 0.002096331
0.094445394 0.998686317 0.002102981
0.094744557 0.999901167 0.002097965
0.094767036 1.001339989 0.002097023
0.095066055 0.99792702 0.002134606
0.095120806 0.999744065 0.002158151
0.095735528 0.999630892 0.002088424
0.095834264 1.002823869 0.002095812
0.096133407 0.999764812 0.002093657
0.096155915 0.998910422 0.002092662
0.096454942 0.998550051 0.002133858
0.096509664 0.999660705 0.002151994
0.097124371 0.999959318 0.002089459
0.097223134 1.001926917 0.002101189
0.097522258 0.999023826 0.002101026
0.097544794 0.998872516 0.002099479
0.097843829 1.003879467 0.002138609
0.097898523 1.000547219 0.0021501
0.098513212 0.998868394 0.002097694
0.098612004 1.000894248 0.002095791
0.098911109 0.998114358 0.002094417
0.098933673 0.999627246 0.002094951
0.099232715 1.003002624 0.002139476
0.099287381 1.000137265 0.002156939
0.099902055 1.000014393 0.002085116
0.100000874 1.001226241 0.002107748
0.100299959 0.999052171 0.002100488
0.100322552 0.999586192 0.002100124
0.100621602 0.999389012 0.002134638
0.100676239 1.002049836 0.002156875
0.101290897 1.001454586 0.002089705
0.101389744 1.00106788 0.002098094
0.10168881 1.000360353 0.002102649
0.101711431 1.001692075 0.002097648
0.102010489 0.999905096 0.002128214
0.102065097 0.998963018 0.002156278
0.102679739 1.000281212 0.002087273
0.102778614 1.003796438 0.002102033
0.103077661 0.999630808 0.00209653
0.10310031 1.000640424 0.002094691
0.103399376 1.001188167 0.002133114
0.103453955 0.997370575 0.002156326
0.104068581 1.000114794 0.002102784
0.104167484 0.999050656 0.002094385
0.104466512 0.998565133 0.002099096
0.104489189 1.001931869 0.002102038
0.104788263 0.998956371 0.002131665
0.104842813 0.999893031 0.002158593
0.105457422 1.002554858 0.002089714
0.105556355 0.999693983 0.002099946
0.105855363 1.003933632 0.002093223
0.10617715 1.003473875 0.00214044
0.106231671 1.001057937 0.002150832
0.106846265 1.000878034 0.00209539
0.106945224 0.998387524 0.00209579
0.107244214 1.000916225 0.002104415
0.107266947 0.996806713 0.00209087
0.107566036 0.998679797 0.002135316
0.10762053 0.998331634 0.002155581
0.108235106 1.001206368 0.002085903
0.108334094 0.999358058 0.00209227
0.108633064 1.00060828 0.002101288
0.108655826 0.998565085 0.002090372
0.108954923 1.001100347 0.00213437
0.109009388 0.9977654 0.002155233
0.109623949 1.000476436 0.002089511
0.109722965 0.999824454 0.002102678
0.110021915 1.003087905 0.002094566
0.110044705 1.000722094 0.002099114
0.11034381 1.000094558 0.002132491
0.110398246 0.997718679 0.002152257
0.11101279 0.996761581 0.002082106
0.111111834 0.999196254 0.002098794
0.111410766 0.998753956 0.002097244
0.111433584 0.998965949 0.002096883
0.111732697 1.001387509 0.00213837
0.111787104 0.997168622 0.002157028
0.112401633 0.999548302 0.002093673
0.112500704 0.999605623 0.002104267
0.112799616 1.000933685 0.002098679
0.112822463 0.999085093 0.00209826
0.113121583 0.999242202 0.002134231
0.113175962 0.996243076 0.002155143
0.113790474 0.997435818 0.002088035
0.113889575 1.000471339 0.002108047
0.114188467 1.001203356 0.002097202
0.114211342 1.000734776 0.002101046
0.11451047 1.000692947 0.002139227
0.11456482 1.00281802 0.002154854
0.115179316 1.00137046 0.002085857
0.115278445 0.998752696 0.002096043
0.115577318 0.998821452 0.002101068
0.115600221 0.999582364 0.002096045
0.115899357 0.999215921 0.002136164
0.115953679 1.001690316 0.002153552
0.116568158 0.999544486 0.002087916
0.116667314 1.000139119 0.002097746
0.116966169 0.99948102 0.002091126
0.117288244 1.001704212 0.002135858
0.117342537 1.001038348 0.002152337
0.117957 1.002692536 0.002087868
0.118056184 1.000575878 0.002094687
0.11835502 0.999139784 0.00209497
0.118377978 1.001791043 0.00209667
0.118677131 1.001042504 0.002138523
0.118731395 0.998214867 0.002154931
0.119345842 1.001308148 0.00208834
0.119445055 1.000267547 0.002099951
0.11974387 0.998930882 0.002095694
0.119766857 1.001700125 0.002092831
0.120066017 1.003450836 0.002131071
0.120120253 1.000072854 0.002160427
0.120734684 1.001204775 0.002084556
0.120833924 0.998027232 0.002100023
0.121132721 1.000756127 0.002098111
0.121155736 1.000405658 0.002097774
0.121454904 0.999309607 0.002135992
0.121509111 0.999684619 0.002155938
0.122123526 0.999290835 0.002087795
0.122222794 0.996107389 0.00210269
0.122521572 1.000019117 0.00209656
0.122544615 1.00092548 0.002096016
0.122843791 1.000807907 0.00213255
0.12289797 1.000003398 0.002157859
0.123512368 0.997770537 0.002091366
0.123611664 0.999843332 0.00209185
0.123910422 0.999855971 0.002093672
0.123933494 1.001378001 0.002099596
0.124232678 0.997907129 0.002136484
0.124286828 0.999772919 0.00215409
0.12490121 1.000712386 0.002092458
0.125000534 0.999600332 0.002094359
0.125299273 0.999913858 0.002093464
0.125322373 0.997096991 0.002094103
0.125621565 0.998201277 0.002133306
0.125675686 1.002684463 0.002161121
0.126290052 0.999306407 0.002096069
0.126389404 0.999566661 0.002097678
0.126688124 0.998683462 0.002099653
0.126711252 1.000680838 0.002096792
0.127010452 0.998667718 0.002134668
0.127064544 1.003135127 0.002151851
0.127678893 0.999188503 0.002089391
0.127778274 0.999224676 0.002101155
0.128076975 0.998649489 0.002096818
0.128100131 1.00092098 0.002095323
0.128399338 0.998570146 0.002135492
0.128453402 1.002423169 0.002149575
0.129067736 1.003204486 0.002092705
0.129167144 0.998197053 0.002100925
0.129465825 1.00097231 0.002103067
0.12948901 0.998977383 0.002093004
0.129788225 1.000551799 0.002133395
0.12984226 1.001849592 0.002153734
0.130456577 1.000062579 0.002090269
0.130556014 1.000620501 0.002097561
0.130854676 0.998434839 0.002094309
0.130877889 1.002912833 0.002094558
0.131177112 1.002602553 0.002135028
0.131231118 1.002953732 0.002159617
0.13184542 1.001689053 0.002093786
0.131944884 1.000328607 0.002100334
0.132243527 0.998223045 0.002102783
0.132266768 1.000528921 0.002100942
0.132565999 0.999842559 0.00213236
0.132619976 1.001084716 0.002150923
0.133234261 0.998264657 0.002100612
0.133632377 0.999797506 0.002094971
0.133655647 0.996579928 0.00209415
0.133954885 1.000210916 0.002135888
0.134008834 1.000468552 0.002153587
0.134623103 0.996771464 0.002092977
0.135021228 0.998477551 0.002093899
0.135044526 1.000473904 0.002094374
0.135343772 0.998796277 0.002133025
0.135397692 0.99938779 0.002153581
0.136011945 0.999318292 0.002093069
0.136410079 0.999196078 0.002095261
0.136433405 1.003463732 0.002097777
0.136732659 0.996957217 0.002131363
0.136786551 0.99911958 0.002155817
0.137400787 0.999486519 0.002091108
0.137500364 1.003191475 0.002104818
0.13779893 1.000624501 0.002097884
0.137822284 1.001606429 0.002095368
0.138121545 0.997890968 0.002138908
0.138175409 1.001054065 0.002151509
0.138789629 0.999685425 0.002092731
0.138889234 0.999182973 0.002096762
0.13918778 1.000695106 0.002093118
0.139211163 0.998165473 0.002095694
0.139510432 0.999957219 0.002142405
0.139564267 1.000240397 0.002153772
0.140178471 1.000044021 0.002092078
0.140278104 0.999752356 0.002100149
0.140576631 0.999699991 0.002094521
0.140600042 1.000311711 0.00210121
0.140899319 1.000473447 0.002136179
0.140953125 1.002309938 0.002151749
0.141567313 1.001108828 0.002086659
0.141666974 1.001314814 0.002097854
0.141965482 1.000656866 0.002099674
0.141988921 0.998863787 0.002099524
0.142288206 1.002746278 0.002128852
0.142341983 0.995492085 0.002152403
0.142956154 1.000519449 0.00208912
0.143055844 1.000392712 0.00210301
0.143354332 1.00224334 0.002092498
0.1433778 0.998764146 0.002094806
0.143677092 0.998957499 0.002132605
0.143730841 0.998995823 0.002153566
0.144344997 1.001034401 0.002101633
0.144444713 1.000359157 0.002104845
0.144743183 0.998061095 0.002100693
0.144766679 0.999532867 0.002095871
0.145065979 1.000851743 0.002133381
0.145119699 1.000002146 0.002151843
0.145733838 0.998851712 0.002091743
0.145833583 0.997498308 0.002098437
0.146132034 1.000721878 0.002095252
0.146155558 0.998422065 0.002091083
0.146454866 1.002957367 0.002138846
0.146508557 0.99751637 0.002153635
0.14712268 1.000210239 0.002085206
0.147222453 1.001620963 0.002102288
0.147520885 0.998301365 0.002102999
0.147544437 0.996923198 0.002097146
0.147843753 0.999912527 0.002137321
0.147897416 0.99735673 0.002155312
0.148511522 0.997345391 0.002087644
0.148611323 0.999840018 0.002096792
0.148909735 1.001765297 0.002100681
0.148933316 0.9972003 0.002092327
0.149232639 1.001862174 0.002134745
0.149286274 1.001986852 0.002161289
0.149900364 1.003428652 0.002087271
0.150000193 1.00303705 0.002111114
0.150298586 1.000264557 0.002105465
0.150322194 1.002318971 0.002095358
0.150621526 0.99817822 0.002133428
0.150675132 1.000191161 0.002154368
0.151289206 1.000473582 0.002093724
0.151389063 0.999711 0.002104351
0.151687436 1.00040239 0.002089286
0.151711073 1.001679603 0.002095085
0.152010413 0.998722719 0.002130576
0.15206399 1.001016278 0.002156334
0.152678047 0.998476233 0.002095246
0.152777933 1.000674748 0.002101826
0.153076287 1.001362463 0.002096873
0.153099952 1.000878577 0.00209819
0.153399299 0.996893099 0.002133088
0.153452848 0.999135821 0.002154637
0.154066889 0.999782835 0.002090687
0.154166803 0.99770877 0.002101347
0.154465138 0.997009531 0.002091777
0.154488831 0.998917963 0.002101415
0.154788186 0.997725717 0.002133775
0.154841706 1.001353479 0.002154402
0.155455731 1.00112343 0.002086489
0.155555673 1.001711395 0.002100412
0.155853989 1.000712765 0.002100487
0.15587771 1.000474731 0.002096416
0.156177073 0.999754344 0.002134596
0.156230564 1.000125533 0.002147585
0.156844573 0.999371233 0.002092904
0.156944542 1.00098625 0.002104076
0.157242839 1.000229306 0.002099124
0.157266589 0.998564095 0.002103836
0.15756596 1.001084667 0.002141139
0.157619422 0.998387577 0.002156072
0.158233415 0.999797711 0.002091799
0.158333412 1.001549389 0.002101405
0.15863169 1.000339183 0.002099709
0.158655468 1.001346637 0.002092728
0.158954846 1.000815779 0.002130653
0.15900828 1.001257017 0.002157413
0.159622256 1.000666863 0.002095427
0.159722282 0.998864948 0.002109139
0.160020541 0.998584833 0.002094834
0.160044347 0.997096633 0.002090396
0.160343733 1.002521943 0.002137611
0.160397138 1.001423346 0.002159769
0.161011098 0.998507236 0.002092142
0.161111152 0.999935348 0.002101259
0.161409391 1.000780056 0.002096762
0.161433226 1.002072454 0.002097463
0.16173262 0.999377709 0.002130181
0.161785996 0.99867996 0.002150978
0.16239994 1.000098658 0.002085551
0.162500022 1.000394841 0.002104911
0.162798242 1.001068753 0.002097234
0.162822105 0.998586864 0.002096757
0.163121506 0.999480502 0.002135506
0.163174854 0.999477273 0.002152118
0.163788782 0.999978698 0.002098184
0.163888892 0.997717917 0.002105516
0.164187093 1.002987151 0.002097592
0.164210983 0.999681154 0.002104923
0.164510393 1.001472362 0.002127113
0.164563712 0.996649681 0.002148892
0.165177624 0.997858992 0.00209285
0.165277762 0.997793155 0.002110972
0.165575943 0.999097686 0.002091165
0.165599862 0.998418087 0.002096512
0.16589928 0.999754852 0.002134707
0.16595257 0.999674298 0.002157697
0.166566466 1.00125042 0.002085605
0.166666631 1.003043594 0.002100521
0.166964794 0.999853873 0.002099512
0.166988741 1.000472181 0.002093169
0.167288167 1.000676957 0.002130095
0.167341428 1.000282737 0.002152668
0.167955307 1.000249078 0.002090192
0.168055501 1.00025098 0.002093701
0.168353645 1.000075064 0.002097536
0.16837762 1.001125979 0.002097593
0.168677053 1.000649001 0.00212804
0.168730286 1.000392157 0.002153442
0.169344149 1.001076208 0.002094508
0.169444371 1.00245836 0.002100856
0.169742495 1.000903202 0.002101104
0.169766499 1.001415314 0.002097224
0.17006594 0.999636216 0.002129646
0.170119144 0.996858752 0.002157723
0.170732991 0.997184788 0.002095083
0.170833241 0.997788669 0.002100749
0.171131346 1.002574652 0.00209717
0.171155378 0.999869204 0.002104327
0.171454827 0.997876699 0.002137467
0.171508002 1.002895868 0.00215654
0.172121833 0.998368053 0.002089149
0.172222111 0.99847159 0.002110535
0.172520196 0.997805592 0.002090649
0.172544257 0.998727708 0.002103783
0.172843713 1.002204603 0.002129423
0.172896861 0.997987218 0.002151627
0.173510675 1.000054625 0.002084921
0.173610981 0.999227393 0.002096145
0.173909047 0.996636061 0.002094807
0.173933136 1.002604826 0.00210018
0.1742326 0.997756118 0.00212507
0.174285719 1.0010443 0.002155933
0.174899516 0.999355458 0.002090582
0.174999851 1.001861755 0.002101177
0.175322014 1.001131284 0.00209434
0.175621487 1.003456519 0.002126906
0.175674577 0.999997854 0.002153058
0.176288358 1.002732345 0.002087931
0.17638872 1.003208528 0.002101975
0.176686748 1.001886102 0.002095495
0.176710893 0.999378813 0.002099556
0.177010373 0.99894893 0.00213789
0.177063435 1.002415311 0.002154064
0.1776772 1.000964587 0.002093972
0.17777759 0.999643983 0.002099086
0.178075599 1.000072489 0.002092768
0.178099772 1.001929755 0.002094496
0.17839926 0.999808353 0.002130593
0.178452293 0.999953396 0.002160945
0.179066042 1.001158154 0.002099617
0.17916646 0.998312377 0.002098606
0.179464449 1.001580397 0.002096643
0.179488651 0.999919152 0.002098435
0.179788147 1.000507295 0.002133433
0.179841151 1.000635537 0.002160505
0.180454883 0.998626116 0.002090009
0.18055533 1.000160373 0.002100864
0.1808533 1.000504108 0.002098277
0.18087753 0.999288519 0.002098856
0.181177033 1.00144084 0.00213186
0.181230009 1.002388764 0.002154903
0.181843725 0.99974214 0.002088717
0.1819442 1.000238799 0.002096556
0.182242151 0.998335086 0.002094492
0.182266408 1.00115145 0.002098474
0.18256592 0.999427422 0.002134236
0.182618867 0.997624126 0.002164726
0.183232567 1.003726139 0.002089197
0.183333069 1.000731785 0.002103005
0.183631002 0.999822679 0.002100262
0.183655287 0.998722461 0.002097601
0.183954807 0.999059242 0.002132472
0.184007725 0.998792696 0.002153406
0.184621409 0.997055686 0.002091388
0.184721939 1.002779444 0.002099404
0.185019852 1.002161767 0.002098274
0.185044166 1.000980391 0.002094521
0.185343693 1.001607072 0.002136014
0.185396583 0.999084612 0.002151022
0.18601025 0.999745948 0.002095366
0.186110809 1.000209374 0.002099576
0.186408703 1.001608574 0.002095068
0.186433045 1.000737262 0.002100982
0.18673258 0.999357722 0.002133547
0.186785441 1.000917889 0.002153055
0.187399092 0.999832577 0.002092744
0.187499679 1.000381726 0.002095671
0.187797553 0.997695866 0.002089909
0.188121467 0.999755313 0.002134752
0.188174299 1.000719399 0.002149234
0.188787934 1.003724706 0.002092614
0.188888549 0.99819031 0.002105722
0.189186404 0.997572551 0.002099853
0.189210802 0.999381229 0.002097052
0.189510353 0.998023874 0.002133776
0.189563157 0.999761388 0.002152711
0.190176776 0.999855439 0.002094425
0.190277419 0.99971957 0.002098709
0.190575254 0.999661861 0.002097621
0.190599681 0.999908768 0.002098215
0.19089924 0.997764641 0.002133455
0.190952015 1.000124313 0.002152028
0.191565618 1.001461652 0.002092255
0.191666288 0.998300037 0.002096281
0.191964105 1.000852989 0.00209642
0.19198856 0.996437011 0.002098643
0.192288127 0.999039776 0.002128755
0.192340873 1.000854351 0.00215168
0.192954459 1.000628425 0.002095673
0.193055158 0.9985227 0.002097084
0.193352956 1.00204906 0.002095975
0.193377439 0.998161439 0.002092728
0.193677013 1.002677975 0.002130459
0.193729731 0.999478368 0.002151479
0.194343301 0.998531462 0.002090451
0.194444028 0.999563205 0.002102591
0.194741806 1.000527049 0.002094132
0.194766318 0.999460662 0.002098576
0.1950659 0.9981686 0.002125575
0.195118589 1.000134201 0.002153673
0.195732142 0.998482776 0.002092344
0.195832898 0.998109626 0.002097863
0.196130657 1.001247039 0.00209613
0.196155196 1.000443679 0.0020944
0.196454786 0.99830057 0.002131361
0.196507447 0.999711352 0.002155364
0.197120984 1.00006211 0.002091359
0.197221767 0.999447666 0.002093424
0.197519507 0.999806889 0.002102876
0.197544075 0.998740085 0.002090884
0.197843673 1.000443913 0.002132801
0.197896305 1.002024387 0.002152883
0.198509826 1.000851248 0.002096492
0.198610637 0.999524111 0.002098544
0.198908358 1.001088289 0.002101384
0.198932954 1.00227268 0.002095776
0.19923256 1.001226128 0.002128373
0.199285163 1.000043972 0.002153043
0.199898668 0.999003551 0.002087273
0.199999507 0.998625094 0.002099318