-0.22302150236297638 0.9993640908561522 0.0005889928516993598
-0.2224846291060203 1.000097457550084 0.0006529255370670999
-0.22163263972030714 1.0003863521030203 0.0005893488769958198
-0.22109574318028535 1.0007083713229543 0.0006532188797647568
-0.22024377731001046 1.0001231400547062 0.0005890833459133177
-0.21970685771975695 1.000658593428264 0.000652921545039231
-0.21885491466824938 1.0000516163425208 0.0005894368461644349
-0.21831797179402201 1.0004695236698165 0.0006529204680914647
-0.21746605225841079 0.9999955894008773 0.0005891732392851051
-0.21692908633349361 1.0000810071785236 0.0006528936455061789
-0.21607718984856952 1.0001008484501703 0.0005893014665343478
-0.21554020040866817 1.000079337428162 0.0006529622196851002
-0.21468832720590028 0.9998310860144107 0.0005891828773840326
-0.21415131494904927 1.0007341258109002 0.0006528773133814756
-0.21329946479605902 0.999910597754144 0.0005892265131695171
-0.21276242902285958 1.0001871704994496 0.0006527855239772562
-0.21191060215338978 0.999461444722808 0.0005890977420201318
-0.21137354356278593 1.0000989498912982 0.0006525714595550068
-0.21052173974445934 0.9995733844334309 0.0005890122923601604
-0.209984657637051 0.999824157430958 0.0006525675604287459
-0.20913287733461808 1.0002348222294404 0.0005891114088812271
-0.2085957721765226 1.000100974746061 0.0006526854268920486
-0.20774401469149342 1.0012069129110717 0.0005893169609177461
-0.20720688671690368 0.9989267167361316 0.0006523115941303875
-0.20635515228165213 1.000024078585829 0.0005892386088360126
-0.20581800079207824 1.00037772843525 0.0006526338207815373
-0.20496628987226898 1.0002785642154288 0.0005894085641868213
-0.20442911533154984 1.0001507441449848 0.0006523389752153438
-0.20357742723005248 1.0001314727534936 0.0005890939020824188
-0.2030402294058149 0.9995447835093013 0.0006525236270032551
-0.20218856481975847 1.0002741491097007 0.0005892840467492769
-0.201651343946196 0.9989848301520287 0.0006524221006085118
-0.2007997024099172 1.0010124445816515 0.0005896377330900657
-0.2002624580209158 0.9994068447646406 0.0006524003590590499
-0.19941083976815613 0.9988584828656812 0.0005889650407919246
-0.19887357256084215 1.0021335587448112 0.0006529210471984785
-0.19802197735831753 1.0005371909051566 0.0005893160226223581
-0.19748468710122324 1.0006661112461215 0.000652442728570933
-0.19663311494847627 1.0022974545400367 0.0005897523493545095
-0.19609580117594305 1.00022829264757 0.0006524220640082813
-0.19524425253863767 1.0007270617385071 0.0005892239787546302
-0.19470691571541465 0.999721338502668 0.0006522808930655429
-0.19385538989596576 0.998721284167523 0.0005889148543617041
-0.1933180297896797 0.9997747463139223 0.0006521317783611617
-0.19246652748612716 0.9998730629737567 0.0005893329281045072
-0.19192914432960606 1.0007098675523887 0.0006522251463688299
-0.19107766507719673 0.9990895210897619 0.0005892581260674796
-0.19054025840387112 1.0002006406193893 0.0006522121145201041
-0.18968880266781088 1.0005357475943504 0.0005892754470050876
-0.18915137294379747 0.9997639522687645 0.0006523834484709293
-0.1882999400255944 0.9999249115207419 0.0005888245863809224
-0.1877624874846333 0.9996274645085438 0.0006523796705705903
-0.18691107761666395 0.9995021574567385 0.0005890723992874488
-0.18637360155889837 1.000023127174245 0.0006520022914566669
-0.18552221520682535 0.9997885659971455 0.0005890054053143054
-0.18498471609836997 1.0002802101033357 0.0006526478597440843
-0.1841333527969841 0.9994105704719584 0.0005891902268639227
-0.18359583017263503 0.9994769585800072 0.0006524416088517146
-0.1827444903871455 0.9996996606522918 0.0005892001265767965
-0.18220694471210663 0.9996214509912846 0.0006523530073441846
-0.18135562797685148 0.9999656760267427 0.0005890046860230933
-0.18081805925203298 0.9996065621687203 0.00065251258599859
-0.179966765334635 0.9997265999859843 0.0005890044652529916
-0.1794291733267528 1.0007756613743999 0.0006524799547054049
-0.17857790292570455 0.9996615333753716 0.0005888481993799029
-0.17804028786713388 0.99970771289873 0.0006524124880744299
-0.17718904051540785 1.0008071792594615 0.000589158639583705
-0.17665140240706023 0.9988102200204889 0.0006520104165387702
-0.17580017810556928 1.0013268033585179 0.0005892410799758343
-0.1752625164813253 0.9996148497532583 0.000652610166355016
-0.17441131569618343 1.000230134374162 0.0005891468330080743
-0.1738736310207969 1.0003960044321025 0.0006526844830663999
-0.17302245328680024 0.9989074103736841 0.0005888173215247248
-0.17248474509506195 1.000225662593296 0.0006526568668133235
-0.17163359087695898 1.0002686321226097 0.000589404002142651
-0.17109585963453355 0.999238320507149 0.0006523257137370169
-0.17024472846666497 1.0000473156474514 0.0005890577432950927
-0.1697069741753694 1.0002002126342815 0.0006524551083592023
-0.1688558660568237 1.0000735356162667 0.0005892932678106063
-0.1683180882500892 1.0009308527838172 0.000652490815562521
-0.16746700364744052 1.0000724635608402 0.0005891490643641788
-0.1669292027895608 1.0014389671003316 0.0006526594423320017
-0.16607814123805467 0.9994879912128994 0.0005891622876529665
-0.16554031732948715 0.9987246433686343 0.0006524267524702174
-0.1646892788282134 0.9997425628983795 0.0005890731291503539
-0.1641514314037522 1.0001479414266394 0.0006524768803335954
-0.1633004164183748 1.0009801997037708 0.0005893815242419752
-0.1627625459432238 0.9984313694168238 0.0006525178466039091
-0.16191155400853355 0.9995794436689913 0.0005889362759275034
-0.1613736604836049 0.9995484851004554 0.0006526631923675504
-0.1605226915996031 0.9996183484069026 0.0005889926468151818
-0.15998477455877946 1.0007963794151566 0.0006528924997425073
-0.15913382918976451 1.0004100150465987 0.0005890795061450707
-0.15859588909825106 1.0011614012799672 0.0006530360051495943
-0.1577449667794678 1.0003663804354277 0.0005890724289179942
-0.15720700363863216 1.0004439390458815 0.000652944568364348
-0.15635610436917383 0.9990006693590411 0.0005888877953609342
-0.15581811771380671 0.9997484687288813 0.0006529952102180049
-0.1549672419602434 1.0005017819217628 0.0005893237225210334
-0.15442923225327831 0.9990352276611781 0.0006528033620328169
-0.1535783795508602 0.9992391126604312 0.000588877545096043
-0.15304034679320466 1.0006791499765093 0.0006531180757466508
-0.15218951714056353 1.000199400035923 0.0005892014809236858
-0.15165146086792447 1.0003010055731927 0.0006532832012462763
-0.15080065473072493 1.0012804475785857 0.0005894918700428544
-0.15026257540830557 0.9997432219046736 0.0006529655171023868
-0.1494117923217945 0.9989918434491457 0.0005888417786843095
-0.14887368994777717 0.9990153222885316 0.0006529084227786175
-0.14802293014478388 1.0001104880053768 0.0005890534487290363
-0.14748480402204223 1.0007383321965588 0.000653232786323074
-0.14663406773494528 1.0002251498724608 0.0005892239309090847
-0.14609591856196857 1.0007491721644604 0.0006536471627987651
-0.14524520532601484 1.0010681715625125 0.0005893928394975685
-0.14470703310189492 1.00031614288514 0.0006534926736836797
-0.14385634291617358 0.9997509582653966 0.0005890681437019675
-0.14331814717615998 1.0000409487253412 0.0006536705013205815
-0.14246748050724314 0.9995457197359537 0.0005890539888561886
-0.14192926171699582 1.0005137802784665 0.0006537897814645718
-0.14107861809785727 1.0006155990780197 0.000589207846823336
-0.14054037625692217 0.9994248872602605 0.0006533153055856387
-0.13968975592039393 1.0000729421812835 0.0005890701979626366
-0.13915149079639377 0.9993341104825864 0.0006535351350186064
-0.13830089351055533 0.9997882056152806 0.000588841180752801
-0.13776260487065883 1.000226254997011 0.0006535999036918724
-0.13691203110071407 1.000485684581058 0.0005892278826765428
-0.13637371941013043 1.0002193414059712 0.000653897131294547
-0.13552316869087547 0.9999451742950874 0.0005887767298590026
-0.13498483395005678 0.9999791982839836 0.0006537515621962071
-0.13413430628194503 0.9997948208809532 0.000589177701419538
-0.1335959480247766 1.0003353316141181 0.0006537382780709694
-0.1327454441049344 0.9999530406534453 0.0005889255808030906
-0.13220706256515768 1.0004454808666146 0.0006542527004632608
-0.1313565816946404 1.0002812791670703 0.0005890268406399172
-0.13081817710508403 1.0001347055979355 0.0006542803581044014
-0.12996771928525455 1.0009615926682491 0.0005893922994944309
-0.12942929164501038 1.0000743863306534 0.0006543627704931063
-0.12857885687632412 1.0002483834812113 0.0005888570664727949
-0.1280404057188207 1.000055432306425 0.0006544963293233325
-0.12718999469886075 0.9994793962235726 0.0005889733287812783
-0.12665152025874704 0.999492822354488 0.0006546022607842901
-0.12580113228902215 1.000848245162279 0.0005892650644190176
-0.12526263479912814 1.0002495068573853 0.0006546018283172283
-0.12441226987872546 0.999374751795771 0.0005887762148211476
-0.12387374933950923 1.0000311735841128 0.00065492175590577
-0.12302340770262567 0.9994679553335154 0.0005889168149311113
-0.12248486341377429 1.0008527174662 0.0006549953872357149
-0.12163454529278708 0.9995026387084387 0.0005890327859255336
-0.12109597795324589 1.0002192899452371 0.0006550551470588235
-0.1202456828829458 0.9995841022783019 0.0005889357712928728
-0.11970709249317224 1.0005484361641703 0.0006549080528046987
-0.11885682070593787 1.0006382378485412 0.0005893295236351513
-0.11831820703309859 0.9990812857921828 0.0006548576436300852
-0.11746795829655202 0.9995302905952997 0.0005890087454585918
-0.1169293211069089 1.0007685100317292 0.0006552953622538606
-0.1160790961199968 1.0002985591214997 0.0005890230718339801
-0.11554043564729 1.0000121002412596 0.0006553837295529021
-0.11469023371015821 1.0000303922277896 0.0005890551941330367
-0.11415155018812584 0.9997798696945422 0.0006549257166953667
-0.11330137130031694 0.9987737637283399 0.0005887727677316792
-0.11276266472805219 0.9995394700567616 0.0006552035220206154
-0.11191250912285358 0.9992460948715501 0.0005890256851301316
-0.11137377880322674 0.9991714462001241 0.0006555887701066611
-0.11052364671346772 0.9999118030939713 0.0005891265486266788
-0.10998489334315309 0.9992869025827145 0.0006554390411313494
-0.10913478453736793 1.0000934409907034 0.0005890831908775372
-0.10859600788262469 0.9997034453098013 0.0006556991035591332
-0.10774592212707393 0.9994207019583384 0.0005888048969962673
-0.10720712242300579 0.9993586624413138 0.0006557335203883827
-0.10635705994961056 0.9997910690293387 0.0005890060316340619
-0.10581823696384163 1.000194924174496 0.0006558051564515371
-0.10496819754068012 0.9999636486505008 0.0005889648392689327
-0.10442935103765194 0.9997338996787483 0.0006559008364694306
-0.10357933536412492 1.0000715108088587 0.0005890113357854092
-0.10304046557712354 1.0001864028231175 0.0006559635898939388
-0.10219047295383091 0.9999020302385695 0.0005889759048280679
-0.10165158011704989 0.9998751144759133 0.0006564411205848421
-0.10080161077773112 1.001145840434747 0.000589262062733423
-0.10026269465697624 1.0001770468161857 0.0006563519029798052
-0.09941274836834527 0.9994949556347577 0.0005887265572260854
-0.09887380919690258 1.0004205642881843 0.0006562608028539475
-0.09802388619179005 0.9998753330758154 0.0005891478329862782
-0.09748492327116764 0.9991622023669363 0.0006562874531093535
-0.09663502378240689 0.9989334189553942 0.0005887935488934862
-0.09609603781200349 0.9994716473811701 0.0006565571188384147
-0.09524616160539626 1.0000930829588464 0.0005891189882494683
-0.09470715235192984 1.001403369505623 0.0006564568237120861
-0.09385729942793289 1.0008339324329993 0.0005892597851861205
-0.09331826689140144 0.9998562696593418 0.0006563965038079002
-0.09246843701900245 0.9995316655805011 0.0005891995047828333
-0.09192938143132778 1.000904120969788 0.0006567875660817283
-0.09107957484244725 1.0005077245644296 0.0005889845992710875
-0.0905404955051381 0.9990994469640971 0.0006567834509720232
-0.08969071243215324 1.0002045199383103 0.0005892280988763322
-0.08915161004506444 0.999282101757098 0.0006569845204495478
-0.0883018502551426 0.9987632866386091 0.0005888972684384887
-0.08776272458544554 1.0004395548316483 0.000657260621113244
-0.08691298807813466 1.0004728029827468 0.0005890725749598916
-0.08637383912582663 0.9995029096004324 0.0006566002381516405
-0.08552412566829339 1.0013710922411125 0.0005893633287806551
-0.08498495366575298 1.0001475548374885 0.0006566133794044746
-0.0841352634921936 1.0003781705602859 0.0005889701835850914
-0.08359606820567933 1.0008062248211242 0.000656862125155836
-0.08274640131518565 0.9999817648697952 0.0005889138607831834
-0.08220718274515093 0.9992158847255156 0.0006568912837914215
-0.08135753890488895 1.0004612413637919 0.0005892429187830236
-0.08081829681941599 0.9997662889450856 0.0006566332309814052
-0.07996867672833644 1.0001541046176083 0.0005888989490441998
-0.07942941135979709 1.000850849600543 0.0006574700281543217
-0.07857981455223664 1.0003095201091532 0.0005888947110237369
-0.07804052590017818 1.0009278910651238 0.0006572596839910262
-0.07719095214194265 1.0008390530571147 0.0005890668745063561
-0.07665164044010453 0.9998353826926097 0.0006573520092046176
-0.07580208996493201 0.9995488899594227 0.0005892690665539567
-0.07526275497957613 1.000015263515351 0.000657024395159355
-0.07441322778746864 0.9991721508001331 0.0005887915977537231
-0.07387386951950248 1.0008025374014626 0.0006574178310104566
-0.07302436561136885 0.9995261262249089 0.0005889015505369517
-0.07248498405942883 0.9987909310647659 0.0006571232465243441
-0.07163550343435822 0.9995746267146398 0.0005889338243800761
-0.07109609813323914 1.0009244991340616 0.0006573635839452567
-0.07024664102451963 0.9999825855487742 0.0005894708834538389
-0.06970721267362023 1.0001533423463405 0.0006572487950811749
-0.068857778847509 0.9999636284843706 0.0005888489268332849
-0.06831832721491082 1.0011215326757745 0.0006574264773415625
-0.06746891667095378 0.9996200737700184 0.0005890748747123166
-0.06692944175529192 1.0002101509062682 0.0006571814968438385
-0.06608005449440127 0.9993231193918934 0.000588980690311828
-0.06554055629521827 1.0010092383266658 0.0006573234851209173
-0.06469119231739064 1.001711563749602 0.0005894947060768435
-0.06415167083514461 1.000316921553914 0.0006571159470823478
-0.06330232990755205 0.9993636867555769 0.000588905278394878
-0.06276278537461621 0.9990547467141764 0.0006570700431858245
-0.061913467730086 0.9994710645300717 0.0005891954168536289
-0.06137389991499731 0.9996747824911603 0.0006572757267453231
-0.06052460555353348 0.9995926254705653 0.0005890796416481378
-0.059985013990171865 1.000008568825754 0.0006575217567923649
-0.059135743377433686 0.999796245288791 0.0005890897433955053
-0.058596128529643465 1.0005043407009775 0.0006574211211087649
-0.057746881199970325 1.0003920430313402 0.0005890064992650401
-0.057207243069115066 0.9999272957139235 0.0006573355664997338
-0.05635801902341511 0.9998829978884735 0.0005887062430198058
-0.055818357609041414 1.000109102437991 0.000656820795029932
-0.0549691568468599 0.9997317451872344 0.0005890866443594096
-0.05442947214896776 1.000768400943729 0.0006575193840538017
-0.05358029467030469 0.9993017777856783 0.0005886191327152195
-0.05304058668889411 0.9995066972144729 0.0006575867796077942
-0.052191432494204895 1.0001149115967314 0.0005890920662001851
-0.05165170122882046 0.999549292942734 0.0006575068736272943
-0.050802570316741534 1.0000903527128344 0.0005890638168712641
-0.0502628157696563 0.9984938337652381 0.0006573876693380822
-0.04941370813973359 0.9992160610231475 0.0005891197189437727
-0.04887393030958265 1.001602418684796 0.0006577226475208123
-0.04802484596317838 0.9996363614040534 0.0005887212261138269
-0.04748504484905425 0.9995505679196659 0.0006574579503763901
-0.04663598378662317 0.999779496261485 0.0005893564123165282
-0.046096159388980595 0.9998157736366352 0.0006575222002768288
-0.045247121609612535 1.0000878229109487 0.0005891255821858692
-0.044707273928452196 0.9991584026398636 0.0006571100954281269
-0.043858259432149174 0.9994639971073703 0.0005887966327452467
-0.04331838800362675 0.9990490957800171 0.0006569172500046449
-0.042469397255141234 0.9985672937132383 0.0005885084200934697
-0.0419295025435531 0.9991802226629056 0.0006569303858594889
-0.04108053507904144 0.9993605884948554 0.0005890048101874144
-0.04054061708347945 0.9990369956384242 0.0006572458508460224
-0.03969167290203081 0.9983997015078444 0.000588606489574455
-0.039151731623405794 0.9992992749856369 0.000657313360268272
-0.03830281072502287 0.9978424373291775 0.0005887148266547507
-0.03776284616333214 1.0002689437858834 0.000657541259068663
-0.036913948548012235 0.9991466265180663 0.0005889678986922476
-0.03637396070280374 0.9996343083885767 0.0006568504245614507
-0.035525086371004294 0.9986962723639036 0.0005884237944855967
-0.03498507524273009 0.9991585533447231 0.000657100329481883
-0.0341362241949045 0.9982191599419494 0.0005889336302712568
-0.033596189783111186 1.000564817006728 0.0006568826924430362
-0.03274736201789387 0.9982568144796511 0.0005884355585822079
-0.03220730432349228 0.9986786645491786 0.000657009117007025
-0.03135849984043051 0.9989218094942844 0.0005888182936573273
-0.03081841886296388 0.9991892846583502 0.000656981325745395
-0.029969637896253214 0.9980985767585032 0.0005884622793004162
-0.02942953340289023 0.9981593839977635 0.0006573142389095036
-0.028580775719698 0.9985640535839673 0.0005885705587652654
-0.028040647942816577 0.9984440101766612 0.0006565501976441867
-0.027191913543142786 0.999386675940571 0.0005887130000203634
-0.026651762482742924 0.9991796574351284 0.000656701886358488
-0.025803051365679425 0.9979907459400809 0.000588830184062997
-0.025262877022669272 0.9987693206593021 0.0006568983983029445
-0.02441418918866879 0.9986307144767901 0.0005885394654241612
-0.02387399156441461 0.9983601813723706 0.0006568596643841234
-0.023025327245399643 0.9986785006000656 0.0005888395629269021
-0.022485106104340957 0.9995185755017888 0.000656845962882097
-0.021636465068391703 0.9994173372131061 0.000588918395514293
-0.021096220644267305 0.9992794458477097 0.0006567095477211816
-0.02024760289138107 0.9976608587620034 0.0005885362483574271
-0.019707335184193653 0.998832518336498 0.0006566091681698088
-0.01885874071437313 0.9990501640226895 0.0005888594510133899
-0.01831844972412 0.9984088443606168 0.0006567654494681955
-0.01746987877019314 0.9987637474086619 0.0005886102256967321
-0.0169295642635916 0.9999383363910747 0.000656816772031968
-0.0160810165931852 0.9981610644405055 0.0005886507063124321
-0.015540678803972696 0.9994575553486844 0.0006566815830075634
-0.014692154417085409 0.9984661778957528 0.0005889581384981204
-0.014151793344808539 0.9982763793751818 0.0006562682610391938
-0.013303292240074774 0.9980478183603628 0.0005884630283013826
-0.012762907884280139 0.9986760285933117 0.0006565597650258238
-0.011914430295897479 0.9993574530448173 0.0005885921437071157
-0.01137402242375174 0.9984452005669494 0.0006560202481672062
-0.010525568120705833 0.997162587143733 0.0005884004743540671
-0.009985136963678087 0.9974438895086781 0.0006562494066591198
-0.009136705943697894 0.9989762726314037 0.0005886739782518781
-0.008596251503604435 0.9987700687505204 0.0006562222634313977
-0.007747843999517903 0.9985092233500681 0.0005883912874421926
-0.00720736604398553 0.9996965085015629 0.00065630245916648
-0.006358981822509964 0.9988478309660492 0.0005884487618574563
-0.005818480584366625 0.9975625695705204 0.0006563848658259265
-0.004970119877874553 0.9989688595688152 0.0005886204204452909
-0.004429595124292973 0.9988798412544327 0.0006564156983303782
-0.0035812577013220343 0.9984342286853403 0.0005890793439212844
-0.003040709664219321 1.000343189236951 0.0006562599138568403
-0.002192395525222242 0.9990249225603415 0.0005888482739623634
-0.0016518242036909214 0.999461293677202 0.0006560632110393705
-0.0008035335805895253 0.9982678832741824 0.000588461349441766
-0.00026293874316252186 0.998429503402458 0.0006562375272267413
0.0005853285964211089 0.9981331310654654 0.0005888429289148546
0.0011259467169111304 0.9979682596710937 0.0006557812801843675
0.0019741905401456784 0.998412979757096 0.0005886179106745614
0.002514832176075288 0.9991188336860235 0.0006559461081951951
0.0033630527167008914 0.9978117187459744 0.0005887486571189694
0.00390371763614894 0.9998405447916279 0.0006556852686799606
0.0047519146608781876 0.9983068245569193 0.0005886717527202872
0.005292603096222592 0.997674469048443 0.0006553802539271924
0.006140776838341548 0.9991188574529114 0.0005893040518154033
0.0066814885562962445 0.9988237711529586 0.0006556105048020297
0.007529638782521539 0.9986013860350211 0.0005885761999702625
0.008070374016369897 0.9988404920354124 0.0006557975642021475
0.008918500959076751 0.9983159173659858 0.0005884593129297933
0.009459259476898296 0.9973957094599121 0.0006553601378084719
0.010307362902798626 0.9984364699642937 0.000588708726372284
0.010848144470855914 0.9987729678388533 0.0006554177489223572
0.011696225079809261 0.9979714402190918 0.0005886865281158836
0.012237029930020071 0.9980605855121603 0.0006554101121240537
0.013085087023986556 0.9989028459677041 0.0005886950004301189
0.013625915390548471 0.9980289148803358 0.0006552356043777834
0.014473949200997191 0.9988418125035917 0.0005884471662965984
0.01501480085107687 0.9998354456617928 0.0006555290565277026
0.01586281114426634 0.998684830356848 0.0005887384254772613
0.016403686311150523 0.9974710720156102 0.0006552450116166909
0.017251673088443636 0.9987327370341926 0.0005887002225301658
0.017792571771224175 0.9994380259032684 0.0006552082746506659
0.018640535265906994 0.9994276125071286 0.0005890014344842196
0.019181457231297827 0.9985444202821938 0.000655594147010804
0.020029397210086987 0.9982633464418832 0.000588558750181153
0.020570342690461985 0.9992685826992013 0.0006550488374884643
0.0214182593866422 0.9987974934290617 0.0005887931503069841
0.021959228149171395 0.9989288996313057 0.0006554618861737385
0.02280712133036677 0.9981999793395618 0.0005887042560322093
0.023348113609699794 0.9997546057730708 0.0006548296315267189
0.024195983274999486 0.9985927662261076 0.0005885298673360236
0.024736999069773447 0.9990752754997662 0.0006549223375958764
0.025584845452007426 0.998383874880678 0.0005883507059915663
0.0261258845298471 0.9997737294087985 0.0006549234927699502
0.026973707395276575 0.9978197323698965 0.0005884548573180582
0.027514769524259464 0.9982043840674113 0.0006547771682941595
0.028362569339456564 0.9988375021204982 0.0005887146914670573
0.028903654984333116 0.9988000897965724 0.0006547364786151886
0.029751431516464505 0.9982930852297427 0.0005885868032551736
0.030292540443497273 0.9988504810666834 0.0006546186750095236
0.031140293460644494 0.9986362305925753 0.000588958787922752
0.031681425903570926 0.9988154706345586 0.0006544658369897232
0.03252915540436637 0.9996186635431135 0.0005888359048375868
0.033070311364099325 0.9994391113280657 0.0006548089132236933
0.03391801734718279 0.9991430793602231 0.0005888779584284983
0.034459196824627725 0.9994650038932419 0.0006547098513250468
0.03530687952373531 0.9991797829806369 0.0005886992618213715
0.03584808228470138 0.9992264737976324 0.0006542220856459032
0.03669574146837072 0.9989124863037937 0.0005886944648110481
0.03723696774477503 0.9984500471355077 0.0006540624449555751
0.03808460341254802 0.9990168315597391 0.0005884472086831645
0.03862585273873265 0.9999066802464647 0.0006545412893843387
0.03947346535581717 0.9989341040946939 0.0005887414989282729
0.04001473819835155 0.9978373738781036 0.0006540175684392898
0.040862327299997156 0.9985905230356861 0.000588621990516643
0.041403623658425204 0.9992926811838276 0.0006541262184504098
0.04225118924417445 0.9986156049978031 0.000588907202336984
0.042792509118498856 0.9990097631030984 0.0006545402808597274
0.043640051421185086 0.9991663282398137 0.0005888154551216932
0.044181394579027256 0.9985666042755718 0.0006542050081644257
0.0450289133658178 0.9997915482344608 0.0005890081300254457
0.045570280039555655 0.9989560133483077 0.0006538386633822741
0.04641777530954237 1.0001178923413936 0.0005890390679704782
0.04695916549871981 1.0002668852565983 0.0006541717702785194
0.04780663725281152 1.0014868214011907 0.0005892762081618662
0.04834805049267743 1.0002578502925479 0.0006539272901793353
0.04919549919744424 1.0003699731410285 0.0005891515779829974
0.04973693595320583 0.9993845072214294 0.0006539855984684246
0.05058436114162423 1.0004845117176429 0.0005890396933667975
0.05112582141327948 0.9997652008304149 0.0006536017480976628
0.051973223085346104 0.9991426226877527 0.0005890702240585302
0.052514706873353134 1.000257680886777 0.0006538941124408118
0.05336208502907067 1.001152461141325 0.0005891692563305406
0.053903592333426786 0.9995052028874736 0.0006535453581024941
0.05475094697324797 1.0014599757501688 0.000589157184686246
0.055292477793955186 1.000404555377765 0.000653796460315308
0.05613980891788338 0.9993441569386705 0.0005890208555616655
0.0566813627879128 0.9994260645762921 0.0006530641643446327
0.05752867086206068 1.0004629058138177 0.0005892003790407261
0.05807024824707696 0.9997438796031606 0.000653731165514924
0.058917532805785246 1.0001367839332598 0.0005890144048221427
0.05945913370760536 1.0004929314466955 0.00065351684410339
0.060306394749509815 0.9996139311154155 0.0005888459485656654
0.06084801916813376 0.9998857515262551 0.0006531294060981603
0.06169525669368711 0.9998704900788039 0.000588812458798184
0.06223690462820741 0.9993432319220521 0.000653050734518704
0.0630841186378671 0.9994163517074717 0.0005888658622984961
0.06362579008828106 0.9997270619525852 0.0006530332804899065
0.06447298058249981 0.9997258334234407 0.0005888796313288796
0.06501467508178393 0.9995862846800371 0.0006530425360138981
0.06586184252622439 0.9998041373551179 0.0005887877662964095
0.06640356054049334 1.0003745809883413 0.0006528929912266735
0.06725070446949354 0.9994759866843334 0.00058878040844114
0.067792446000567 0.999884686651588 0.0006529431547555553
0.06863956641412625 0.9997969716585173 0.0005886990192686138
0.0691813314610954 0.9996668667942552 0.0006524843954482488
0.07002842835830625 0.9986699147510457 0.0005885495932473845
0.07057021692116905 0.9993398298849792 0.0006525649936769183
0.07141729030202812 0.9992504472922974 0.0005890532965493479
0.07195910191558141 0.9994031379321604 0.0006526996478889185
0.07280615224575268 1.0007454479875408 0.0005889643412902019
0.07334798737565507 0.9995227772137649 0.0006525692902206332
0.07419501395755476 0.9997154214402858 0.0005887886517095454
0.07473687283572872 1.0004205629417906 0.0006526276582893921
0.07558387590173475 1.0006823915098815 0.0005890551133540204
0.07612575829489288 1.0003180785149821 0.0006523721844494883
0.0769727378450039 0.9998740706377306 0.000588732828826715
0.07751464328975999 0.9995904486401858 0.000652227208974073
0.07836159978827305 1.0000737815173126 0.0005888458389615579
0.07890352874983364 0.9985392876385942 0.0006520635299488045
0.07975046173199762 1.0017984072271942 0.0005893021151086112
0.08029241421036204 0.9996104593540526 0.000652091593455729
0.08113932344334426 0.999741288558196 0.0005890474261921467
0.08168129967043569 0.9993314491469913 0.000652064993784366
0.08252818538797699 0.9997368786790797 0.0005890002220253762
0.08307018466393856 0.9997110395639218 0.0006522276629269958
0.08391704733124614 0.9986586488749564 0.000588757593504069
0.08445907012401221 1.0004394354916564 0.0006520450213736143
0.0853059092749707 1.0003387493497968 0.0005892055108243648
0.08584795558408587 1.0013909084408 0.0006522240279209674
0.08669477098677278 1.0004066895423576 0.0005887743843501645
0.08723684104415952 0.9997147230328345 0.0006519728051142049
0.08808363293095277 0.9994714351492229 0.0005888204531756742
0.08862572603857188 1.0008529216679172 0.0006521098541333805
0.08947249487513007 0.9995470043884732 0.0005887479684367068
0.09001461149910028 0.9988551685059657 0.0006519561448674004
0.09086135658647941 0.9988324392026283 0.0005890046629872797
0.09140349695962868 0.9997764541564746 0.0006520874736643806
0.09225021852974856 0.9996117271164537 0.0005886114040312499
0.09279238241879284 1.0008050368560033 0.0006519109260100626
0.09363908047392586 1.0009297087723028 0.000588937717419995
0.09418126741275046 1.0004456719461132 0.0006519595922401172
0.09502794218572792 0.9995666724833034 0.0005888658507649175
0.09557015287327886 1.0014241642094233 0.0006523281547656935
0.0964168041294525 0.9989814930917936 0.000588487911100736
0.09695903833335251 0.999319676157507 0.0006516047540928795
0.09780566607272165 0.9987897712156855 0.0005886214319459814
0.09834792379342616 1.0011899691666508 0.0006520448519916994
0.09919452778452642 0.99980374836452 0.0005887350021034623
0.09973680878783853 0.9998080270328453 0.0006516399602503909
0.1005833897287037 1.0007091994854191 0.0005888108706961276
0.10112569424791218 0.9983359384955239 0.0006513568421767296
0.10197225144050578 1.0007399511522581 0.0005890474870624762
0.10251457970707634 1.0011491204281784 0.0006515405009260611
0.10336111338377493 1.000593343491768 0.0005890005078298575
0.10390346516714999 0.9996408365825523 0.0006516099838430105
0.10474997509466885 1.00110229810322 0.0005890955360532412
0.1052923501620171 1.0005532339570498 0.0006514050851547875
0.10613883703930158 1.0000375458372095 0.0005889857130826086
0.1066812356225455 0.9998413951788426 0.0006512223978773597
0.10752769875065092 0.9995471852839389 0.0005887465702175691
0.10807012108261915 0.9995995801015033 0.0006516612614624517
0.10891656069437279 0.9997482044444032 0.000588885575256894
0.10945900607612202 1.0008146755078549 0.0006513410089787159
0.11030542240526672 1.000308710327445 0.0005888603867377567
0.11084789153528618 1.0009710271972851 0.0006514234344294975
0.11169428434944671 1.0003853516318741 0.0005889523082099386
0.11223677699490509 1.0004038879580472 0.0006511545332452064
0.11308314606079337 1.0008546155856852 0.0005890512257155677
0.11362566198931745 1.0004736902809448 0.0006514358978791228
0.11447200800542608 1.000428023105381 0.0005889996966828746
0.11501454744984585 1.0003484010478139 0.0006511015837986778
0.11586086971632001 0.9992837671772512 0.0005887664795976747
0.1164034329099195 0.9995935983332882 0.0006509149238226363
0.11724973165958916 0.9993317421012011 0.0005889450968111291
0.11779231790433187 0.9998471660022799 0.0006513037889501676
0.11863859337139393 0.9998539879757609 0.0005890822758760126
0.11918120336395077 0.9999004544641166 0.0006511108601899638
0.120027455083196 0.9996751975484268 0.0005890198873710252
0.12057008882356968 1.0000983541124775 0.000650918297141901
0.12141631702600972 0.9998700789109705 0.0005888455459355678
0.12195897381798204 0.998145087557852 0.0006509219829984441
0.12280517873599281 0.9995353231854958 0.0005887751375696956
0.12334785927851044 1.0003329185511933 0.0006509737523005506
0.12419404044734215 0.9991090855041912 0.0005886214686621765
0.1247367447385841 1.0000593117688856 0.0006510368932242116
0.12558290239197487 1.000561522803118 0.0005887277214732768
0.1261256297334512 0.9999681085363672 0.0006506672400200433
0.12697176410332423 1.0003135996399386 0.0005891498853747724
0.12751451519352486 0.9999974367443649 0.0006508979376022806
0.12836062581421545 0.9998445707452821 0.0005889882549485861
0.12890340065268902 1.0002694415490077 0.0006507819553653383
0.12974948752510937 1.0000681791715254 0.0005889323862306263
0.13029228564710138 1.0004278900371486 0.0006506341868305426
0.13113834946928668 0.9993948495342296 0.0005886946410094153
0.13168117110717503 1.0008716416728891 0.0006509903408733239
0.13252721118109143 1.000267591998606 0.0005889661616657357
0.13307005656724868 0.9989385489213837 0.0006507601009236938
0.13391607289152993 0.999424050675912 0.000588699793171675
0.13445894156166105 1.000671890254229 0.0006507838318181078
0.13530493460242388 1.000484050817588 0.0005887976557364372
0.13584782702218945 0.9994621750874636 0.0006506484020081459
0.13669379654705657 1.0006788163873785 0.0005889289840167348
0.13723671248180835 1.000702418703664 0.0006507990623786319
0.13808265825840324 0.9993504450157874 0.0005888611613842274
0.13862559747576597 1.0004152057217672 0.0006505384865003296
0.13947151996975257 1.0000132307043883 0.0005891182281962164
0.14001448293583962 1.0005497550365001 0.0006505061548927364
0.14086038168109924 1.0004411434113007 0.0005889996663413418
0.14140336793070674 0.9986141608474776 0.0006502735584086463
0.14224924339153774 0.9992369671449484 0.0005891288201593304
0.1427922533907804 0.9993332689494336 0.0006502808803514645
0.14363810510288708 0.9996434874295647 0.0005885867276946617
0.14418113885085404 1.000247043054406 0.0006506696573615969
0.14502696681468916 1.000708018946301 0.0005891190316327132
0.1455700238452664 1.0002593814441103 0.0006508591369483353
0.14641582852558307 1.000436250614297 0.0005888010348593146
0.14695890930534006 0.9998236633632261 0.0006506189970914887
0.14780469046885222 1.000192499114087 0.0005889107974377117
0.14834779429884293 0.998957409315058 0.0006503270544987469
0.1491935521806543 0.99968830884005 0.000588715559672617
0.14973667975891658 1.0014220410823393 0.0006507485310069104
0.15058241389200097 1.0000446977076154 0.0005890223751472343
0.15112556521944498 1.0006801178330378 0.0006504365245141104
0.15197127560380572 1.001176550096707 0.000589012610729175
0.1525144502143121 1.0005247053592503 0.0006506192307413131
0.15336013731424422 1.000002622240509 0.0005888627042695559
0.15390333567347625 1.0001546526572265 0.0006506673959519696
0.1547489990255909 0.9984312173152892 0.000588721339362297
0.15529222066697912 1.0006868139238645 0.0006506199651717672
0.15613786073694022 0.999854821620708 0.0005887413077350754
0.15668110612614328 1.0001575118704749 0.0006503724149489556
0.1575267224482869 1.001620310497929 0.0005890609053271849
0.15806999158667168 0.9996351294938542 0.0006500046545955142
0.1589155841591808 1.0005548509828788 0.0005889169582403118
0.15945887658108404 0.9997779780453435 0.000650374773741355
0.16030444563724408 0.9997513563653306 0.0005890265135905619
0.16084776204161244 1.0003028138074272 0.0006501361376560923
0.16169330734859075 1.0003862032466104 0.0005887426232870426
0.1622366470360248 0.9988455128822733 0.0006502581412834911
0.16308216905994008 0.9983856211993976 0.0005883583911848373
0.16362553249609846 0.9999198710257385 0.0006503912250404059
0.16447103077174216 1.0005172047153241 0.0005887998139570893
0.16501441749005608 0.9996670863064442 0.0006503957918433283
0.16585989248172525 0.9993758101118166 0.0005885961101006773
0.16640330294967498 0.9994140674953943 0.0006503449702399885
0.16724875419216376 1.0001895328289931 0.0005889844180993481
0.16779218840974863 0.9999458659501417 0.0006503675760859138
0.1686376159035131 1.0001680800690536 0.000589090409878
0.16918107340461574 1.0000591413722038 0.0006503443341700963
0.17002647761485976 0.9989205785412921 0.0005887862151748001
0.1705699588646894 0.9986348994975534 0.0006502094045658996
0.17141533909292303 0.9997114032204826 0.0005885464381505572
0.1719588438595565 0.9989245670664016 0.0006502311241040543
0.17280420080381695 1.000612834794235 0.0005889051315928912
0.17334772931872067 0.9995290744228748 0.0006500841628932704
0.17419306251516362 1.0003547546661682 0.0005887351435308055
0.17473661431267828 1.0008931343124128 0.0006507216867375963
0.1755819242269684 1.0010888031366685 0.0005889900130190887
0.17612549977320668 0.9998768303525305 0.0006504761936203011
0.17697078570548438 0.9995485152140539 0.0005887466843434136
0.17751438476761905 1.000537579245542 0.0006501818379348217
0.1783596474163783 0.9997195695735669 0.0005887692075098732
0.1789032702276927 1.0000927057008342 0.0006504165529270558
0.17974850912726956 0.9990590465990975 0.0005884944709823727
0.18029215522210507 1.0004982795702515 0.0006505598783611813
0.1811373708386189 0.9999255566562124 0.0005887500444223817
0.18168104068263347 1.0005137760909186 0.0006505740099362436
0.18252623231759033 1.0005972047242828 0.0005889880140579727
0.18306992567659108 1.0000781585581386 0.0006506383363442661
0.18391509402802883 0.9998710256961633 0.0005889167062162039
0.18445881113621 0.9991584589688237 0.0006499758346091678
0.18530395573892275 0.9999289576489845 0.0005886995894138017
0.18584769613062235 0.9999355555327691 0.000650299809477474
0.18669281721789419 0.9994305225603658 0.0005886759543366109
0.18723658159115075 0.9998251454652016 0.0006504108830061602
0.18808167892924352 1.000038263882995 0.0005889363298560384
0.18862546658556312 0.9997085380293784 0.0006504014171019321
0.18947054040775954 0.9993957718332407 0.0005888632709898959
0.19001435204563677 0.9999030053034696 0.0006503687198504923
0.19085940211910887 1.0014816962239037 0.0005890491351753074
0.1914032370395944 1.0007340975244448 0.0006504822532899659
0.19224826382954738 1.0013251893255326 0.0005888254579998605
0.1927921224992133 0.9992100288833375 0.0006499618647867051
0.1936371253080634 1.0004101861095795 0.0005888477904143881
0.19418100749362566 1.001000886901807 0.0006503361373572258
0.19502598701986817 1.0001231427850725 0.0005886283031256512
0.1955698929536993 1.0003043407939651 0.0006499194767466643
0.19641484849792876 0.9990793623508434 0.000588818485631085
0.19695877794856642 1.00024179999349 0.0006501438846145156
0.19780371020836726 1.0003317551420556 0.0005890606845964943
0.19834766340818533 0.9999633365744199 0.0006499346690544592
0.1991925716873387 0.9990218368034454 0.0005888364254882353
0.19973654840214294 0.9995335690764883 0.0006497750721972354
0.20058143339868803 1.0005314279174893 0.0005887075655985061
0.20112543386176185 0.9989344670403723 0.000649757588028826
0.20197029487765947 1.0005308339672228 0.0005890325817303113
0.20251431885526472 1.001078514316127 0.0006501460002540697
0.20335915658809797 0.999880373962794 0.000588946684174268
0.20390320431579312 1.000202626924844 0.000649785762284846
0.20474801806661666 1.0001363783536081 0.0005887279420083238
0.20529208931020548 1.0004178234705672 0.0006498355435769195
0.20613687954513268 0.9997054322828932 0.0005886108639905986
0.20668097477073388 1.0009811632044783 0.0006500498703814197
0.20752574125648202 1.000083207756775 0.0005888158458674951
0.20806985976514625 0.9991810460506306 0.0006494801035114156
0.20891460273454532 1.0000671142459703 0.0005888026773257023
0.2094587452243104 1.0008179936181953 0.0006497885761903649
0.21030346444452838 0.9994591566730255 0.0005892837315337528
0.21084763021872277 1.0000342169044145 0.0006496392285877885
0.21169232592259168 0.9988407079013057 0.0005888131460296779
0.21223651521313514 1.0003573731505642 0.0006494689767318783
0.2130811874015631 1.0001254067972392 0.0005885658963099169
0.2136254006732088 0.9991316403330205 0.000649283304193032
0.21447004911290976 0.9995729346547703 0.0005885796385338885
0.2150142856680759 0.9995980407901267 0.0006493584033297042
0.21585891059051762 0.9999709138244566 0.0005889071056729665
0.21640317112814955 0.9991108434713133 0.000649229025013727
0.2172477720690363 0.9999063066362079 0.0005887762716534781
0.21779205612301666 0.999893236244882 0.0006490380726681746
0.21863663354755233 0.9993185315087095 0.0005884522784986023
0.21918094158218082 1.0013030223943635 0.0006492998668028011
0.22002549525890167 1.001907407648011 0.0005891294592410813
0.22056982657613844 1.000062950755877 0.0006488991304934296
0.2214143567374177 0.999063463378462 0.0005885773573870592
0.22195871157100555 1.000246372767541 0.0006489323216786933
0.22280321821502555 0.9998007046378367 0.000588878597936119
