-0.23317708799490935 1.0010358603135574 0.00483818622047613
-0.23247177722855702 0.9972905869587161 0.004250975660467308
-0.23216259133132486 1.006412048542642 0.00459066829543982
-0.23216234610163156 0.9977631752499736 0.004302798622645186
-0.2317881671368465 0.9992432779574874 0.004835209680795641
-0.23108287127074584 0.9957840800777176 0.0042547519918670305
-0.23077369142711043 1.0018662967782428 0.00458458333924709
-0.2307734201212952 1.0052868650079996 0.004306037710635128
-0.2303992462787836 0.9979166559315836 0.004839594678341338
-0.22969396484818425 1.0017637251170581 0.004254503875356597
-0.22938479152289867 1.0008100888982379 0.004584733872400129
-0.22938449437333475 0.9990563981642325 0.0043029744695268985
-0.22901032542026667 0.9949348125201268 0.004837171539421416
-0.22830505842562263 1.0058677762248578 0.0042617907632789805
-0.22799589162004782 1.0059812336848795 0.004592168987448506
-0.2279955686253743 1.0027473400143287 0.004308521559709973
-0.22762140456174973 1.010750479526235 0.0048510794832595594
-0.2269161524682642 1.0027775593505044 0.004254468845094946
-0.2266069917162888 1.0094160014827995 0.004593011946588504
-0.22660664287832333 1.0053174654787453 0.00430859686750585
-0.22623248370368823 1.0008633241197422 0.004845817110057682
-0.22552724604479443 1.000533276101338 0.004260194920979369
-0.2252180918125298 1.0000230216249288 0.004588588137044128
-0.22521771689662273 0.998633400489578 0.004300759832989035
-0.2248435630775465 1.0125500413886428 0.004852748758307898
-0.22413833962132196 1.0046883065960839 0.00425696880207504
-0.22382919190831538 1.0015192826304038 0.004587534891390322
-0.22382879114866228 0.9912516971945832 0.004297069222701915
-0.22345464221902955 1.0009369876941823 0.004848774803740883
-0.2227494336639662 0.9901372988131952 0.004247196759823113
-0.22244029200410093 0.9996107968315044 0.004587430688186908
-0.22243986540115657 0.995107157332321 0.004302925745954833
-0.22206572136096805 1.0012623041079096 0.004858482424319605
-0.22136052724094918 1.0030986749591906 0.004258882114731524
-0.22105139210125277 1.000835306117734 0.004592445565652656
-0.22105093965365086 1.0026900358036508 0.00430582437091521
-0.22067680050290653 0.9993099928606796 0.0048520214627334884
-0.2199716212826826 1.006617407355748 0.0042599471945589384
-0.21966249219749376 0.9975634305586116 0.004582160502577994
-0.2196620139056904 0.9957800226324351 0.004301530055631143
-0.2192878796443896 1.007278384313848 0.0048557276135271655
-0.2185827148605764 0.999346864074964 0.004255398082415234
-0.21827359229373475 0.9983087742992776 0.004588079678612492
-0.21827308792444455 0.9948192265990776 0.0043039142731630745
-0.2178989587849618 1.0027994057551968 0.004851850874739027
-0.21719380843755937 1.0065208797474972 0.004258621821678092
-0.21688469238997574 1.0043756759485933 0.004593078658641353
-0.21688416217693884 0.9974692327852623 0.0043011445268544505
-0.2165100379273557 1.0039083378112612 0.004857259471438125
-0.21580490248020362 1.0056911443972134 0.004260279146763542
-0.21549579248530856 1.0050164391784606 0.004593122514377731
-0.2154952364289784 1.004590326638531 0.004308801294553415
-0.21512111706883877 0.9941329496737746 0.0048501127544450535
-0.2144159960571866 1.0028398010211503 0.00425548753651567
-0.21410689258245771 0.9979938291764852 0.004590143320680092
-0.21410631068101793 1.0004168808710152 0.004303651996556317
-0.21373219644315247 1.0013626543323917 0.004851014825515125
-0.21302709009937543 1.0040988839371239 0.004259066625740516
-0.2127179926786987 0.9973684473393967 0.004591861685963219
-0.21271738493351222 1.0003240029520606 0.0043054337896576275
-0.21234327558463553 0.9981845175327929 0.004853607671295484
-0.2116381836768138 0.9987886941367692 0.004255425925694314
-0.2113290927749397 0.9993113335651226 0.004594125317547809
-0.2113284591860065 1.0037365194942112 0.004308406710597779
-0.2109543547261186 1.0083177337145715 0.004865599437182308
-0.21024927771945806 1.0028476948968055 0.004257093511249971
-0.20994019287118068 0.999073492963182 0.004592381065282965
-0.20993953343804606 0.9961972924668391 0.004304128904268321
-0.2095654338685098 0.9959270454605732 0.004854532959720198
-0.20886037129644103 0.9977159769457828 0.00425463729875377
-0.20855129296742167 1.0079333652509148 0.004598498394399695
-0.20855060768963085 0.9988456128799489 0.004301780072420227
-0.2081765130090847 1.0007781693704116 0.004862342731284883
-0.20747146533908528 1.0001241689788063 0.004264181283378761
-0.2071623930645708 0.9992077941338317 0.0045979187240076415
-0.2071616817092945 0.9939934673991186 0.004298439834927552
-0.20678759238339842 0.994672041034666 0.004856337911674356
-0.20608255891606825 1.0023697048619435 0.004261564185954872
-0.20577349315990365 1.0025049925448695 0.004604050414603209
-0.20577275596133404 0.990897435737588 0.0042989164421516285
-0.20539867152533556 1.0064244239158695 0.004866861786208717
-0.20469365295962066 1.007321270324819 0.0042646307815585194
-0.20438459325614464 0.9957460987777308 0.00459450754274816
-0.20438383021337359 1.0021421698114976 0.00430540211416698
-0.20400975066727267 1.00391862944493 0.004870959763528053
-0.2033047465361509 1.006516841783499 0.004256881660890565
-0.20299569335238563 0.9996320943404113 0.00459733267163859
-0.20299490446541313 0.9992759755496124 0.004305885640598266
-0.20262082980875573 1.0042843546530476 0.004867848024505746
-0.20191584011267844 1.0055409802930584 0.004259364404782194
-0.20160679344862661 0.9972813095332634 0.004597841216921499
-0.20160597871745267 0.9928714429369818 0.00429892333372442
-0.2012319089502388 0.9932985665513462 0.004860295982540887
-0.20052693415577813 0.9977863720673152 0.0042507343691749536
-0.20021789354577843 1.0015249960127972 0.00459986075434155
-0.2002170529704017 0.9948148048658905 0.004301315239301044
-0.19984298832546335 1.0029880999958942 0.004861683039881529
-0.1991380281988751 1.0005989752796194 0.004257246721263787
-0.198828993641564 0.9980164645026623 0.004596537563080806
-0.1988281272219865 1.0061204566969773 0.004309582872235034
-0.19845406746603556 1.0084496682185404 0.004877559599364396
-0.19774912177586076 1.004673328989337 0.0042543465505560036
-0.19744009373734958 0.9961539686909842 0.004599332836200443
-0.1974392014744808 0.9990385791177552 0.004302014232593416
-0.19706514660751862 0.9983410520897548 0.004865314798756143
-0.1963602158180496 1.0036541299551913 0.004254969081695992
-0.19605119383359057 1.0008784081358328 0.004598286617742097
-0.1960502757269751 0.9991791392591123 0.004303231760293214
-0.19567622574945712 0.9951479017040752 0.004862676177077754
-0.19497130939457713 1.0022113625455757 0.004258313152226923
-0.19466229392983156 0.9922596976713381 0.004596677460533188
-0.19466134997855988 0.9952371128212045 0.0042990469882969624
-0.19428730512422623 1.010653989578129 0.004873204558863396
-0.19358240343812955 0.9955523107053849 0.004251717728560826
-0.19327339402698068 0.9928906345360111 0.004598569378723286
-0.19327242423059943 1.0037302872932314 0.004306507323192395
-0.1928983842657093 1.0089467308876043 0.0048687072143561196
-0.1921934970151152 1.0031538146908803 0.004258778969710773
-0.19188449412276895 1.001256364181075 0.004602779171256239
-0.19188349848263897 0.9981848997436398 0.004305016474877284
-0.19150946340673694 1.004905191931148 0.004872096649606813
-0.19080459105775677 1.0021446419596178 0.004256157664234478
-0.1904955946842158 0.9995158946558204 0.004608782981428278
-0.190494572735588 0.996980876878756 0.004303099323669179
-0.19012054254867541 1.0029446077198776 0.004867095136820298
-0.189415684634287 1.008031346162811 0.0042577571728930575
-0.1891066947804568 1.0081620039851256 0.004606777562328065
-0.1891056469871728 0.997591721219762 0.004297762774989872
-0.1887316219234432 1.004794542879897 0.0048713487388399946
-0.188026778677384 1.0064847152375596 0.00425816752295121
-0.1877177948771532 1.0020125291760908 0.0046051753875917
-0.1877167212396671 0.9996075270229147 0.004303656764006864
-0.18734270106447218 1.0044378459851517 0.004871572165419548
-0.18663787225482237 1.0023848532375343 0.004255708966447425
-0.1863288949738496 0.9886510610111205 0.004595170664726452
-0.18632779549216139 1.0044568117067616 0.004303807954981571
-0.18595378020595524 1.0023668687386462 0.004868368706515611
-0.1852489662970112 1.0039837063691939 0.004257768751532165
-0.18493999506963518 0.9997137874859715 0.004604243755080466
-0.18493886974374618 1.007735698567442 0.004306085589035854
-0.1845648593474383 0.9989616004958916 0.004871316830072442
-0.18386006033965815 1.0080734746344036 0.004263416072802986
-0.18355109516542076 0.9925157244559758 0.004600368942941552
-0.18354994399578572 0.9967683905381195 0.004300585828950896
-0.18317593872266014 1.002376912474579 0.004868522396626556
-0.18247115391709384 0.9987011427858559 0.004255381049259412
-0.18216219526256988 0.9994272483553377 0.004604174919379916
-0.18216101824782527 1.000056043305411 0.004301350437607067
-0.18178701786368914 1.0038002866406428 0.004875891717978329
-0.1810822479601935 1.0033792885997606 0.004256106177269736
-0.18077329535881356 1.0015816421785555 0.004602399581142821
-0.1807720925007743 1.0008497164031835 0.004305229930602525
-0.18039809700471812 1.001740845007214 0.004873857347366676
-0.17969334153717648 0.9984455320113729 0.004252859038560624
-0.17938439545505186 0.9910008779914793 0.004604702530481896
-0.1793831667523591 0.9981738872562276 0.004301401532149418
-0.17900917637993996 1.001472148352897 0.004876230644433841
-0.1783044355789126 0.9932744396939123 0.004249877244172166
-0.17799549555129554 1.004488637049676 0.004613035077761067
-0.1779942410039439 0.9948946587214152 0.004301399620875858
-0.17762025552142302 0.9937874456054312 0.004868573925711672
-0.17691552962155416 1.0072021736815995 0.00426229673697889
-0.1766065956466257 0.9973793842869125 0.004609549090058991
-0.17660531525689294 1.0089339436814042 0.004309889126295703
-0.17623133466199795 0.9934190727325535 0.00487738842517054
-0.17552662319899254 1.0053802416194693 0.004256359756870153
-0.1752176962094388 1.0003523789655844 0.004609934625454444
-0.17521638950893248 0.9953125216522916 0.004299497042201352
-0.17484241403631165 0.9975352308449903 0.004877327016276335
-0.1741377172420922 0.9997424199297237 0.004253196555006084
-0.1738287963056771 0.9969975759578179 0.004600872167747197
-0.17382746399380267 0.9973664884923763 0.0043020537928848135
-0.1734534931777947 1.003947061332226 0.004879152143155724
-0.17274881081907517 0.9984913127809955 0.004253407778397516
-0.17243989640192078 0.9976689202642239 0.004600544436981541
-0.1724385382458422 1.004471600377366 0.004307347833362419
-0.17206457231927777 1.0035093681602372 0.004877570674589613
-0.171359904861264 0.9984329580006782 0.004259140454666808
-0.17105099649815908 1.0010756203514903 0.004606651736910669
-0.17104961249879125 0.9960367137594198 0.0043008185901367195
-0.17067565169359147 1.0056579113375947 0.004877835121461051
-0.16997099890436368 1.000334749383716 0.004254655645731866
-0.16966209659394735 1.0033738014543188 0.00461109634322928
-0.16966068675037604 1.0055002766746395 0.004308758631708954
-0.16928673083507453 1.0099227207816446 0.004878813361195454
-0.16858209248134665 1.0031527455904425 0.004257118355526276
-0.16827319669064106 1.0030547441747668 0.004607614174849171
-0.16827176100196084 1.0002766840069217 0.004300462962578171
-0.16789780997746573 1.0031226463906948 0.004881629052145452
-0.1671931865239909 0.9981259753545507 0.0042546369369603
-0.1668842967873375 1.006710490071858 0.0046079694451878535
-0.16688283525490988 0.9967933349658683 0.0043026682582035765
-0.1665088893508713 1.0033832626296346 0.0048806881042616455
-0.16580428056663515 1.0027690986844155 0.004255325226480131
-0.16549539688312304 1.0005970665310486 0.004607644019785983
-0.16549390950694942 1.003280595046647 0.004305209971087164
-0.16511996849235436 0.9997633827414122 0.004880534243277898
-0.16441537414361812 1.0031891723787842 0.004261539175142043
-0.164106497445028 0.9997488780992542 0.004606570396807267
-0.1641049839918196 0.9993788924139347 0.004300379072353978
-0.1637310476342915 0.9967511288226453 0.004882421347027074
-0.16302646818717323 0.998225192747989 0.004250221548769178
-0.1627175975412663 0.9930925634916367 0.004603191199360745
-0.16271605824385915 0.9957045499437912 0.004305313584092969
-0.16234212700905926 0.9969292048178722 0.004878708887438431
-0.16163756222936207 0.997666682540339 0.004257234340153666
-0.16132869763841814 1.0016400696267609 0.004603843990533876
-0.1613271324968082 0.9971032813830257 0.00430196953700737
-0.16095320615054232 1.0083081944287626 0.0048835308709950604
-0.16024865627155088 1.0027382775463731 0.004253124924278901
-0.15993979773420372 0.9986427290445427 0.00460543958075536
-0.15993820674839299 1.002032685029568 0.004301723782786212
-0.15956428552440197 1.0030315048107918 0.0048780762974830845
-0.15885974984853385 1.0002117378927942 0.004256698927992612
-0.15855089782999196 1.0014883966260946 0.004604809217314673
-0.15854928099997778 0.9972153915368054 0.004303790758625504
-0.15817536466633908 0.996484978165807 0.004873581566987846
-0.1574708438911781 1.0002481140059207 0.004253909252676739
-0.15716199792623026 0.9949871295447137 0.00460145708664284
-0.15716035525292682 0.9944695266270601 0.004299331863673535
-0.15678644380782214 1.0083654683333554 0.004885247848661506
-0.15608193793473052 0.99778538223332 0.004250915784734441
-0.1557730980229267 0.9992379512236237 0.0046007620297407095
-0.155771429737797 1.0057900397816637 0.00430642206198678
-0.15539752318213584 1.0084837062951868 0.004886089194749005
-0.15469303151126076 1.0019013808020858 0.004258859870059025
-0.15438419858528438 0.9993915012431108 0.004595427060748472
-0.15438250398983655 1.0044588613148229 0.00430392596273832
-0.1540086023236189 1.003496833890082 0.0048852159611457065
-0.15330412555344958 1.0070761324854536 0.004262415692935095
-0.15299529868106995 1.0008139109600822 0.004604404309729202
-0.1529935782409666 0.9996665976443787 0.004302130213390198
-0.1526196816979326 1.0028132537826864 0.004882495612396188
-0.15191521959700469 1.0000629269500199 0.004254987788095335
-0.1516063987768555 1.0005731854128885 0.00460126453653697
-0.1516046524925514 0.9956834243070735 0.004300689065415083
-0.15123076084032652 1.0024332727870648 0.004879601653048299
-0.15052631363964625 1.002604681830493 0.004255608927040409
-0.15021749887309918 0.9943896267928166 0.004598137359689292
-0.15021572697787633 1.0021598248768013 0.004304804734089005
-0.1498418402141848 0.9948909978210478 0.0048781739320730355
-0.1491374072166319 1.0042220528561943 0.004264289377063269
-0.14882859896979292 1.0065060472655083 0.00460714195447678
-0.14882680122991587 0.9998346629713235 0.004300679205728095
-0.1484529193561233 0.9947288029846267 0.004879174006726408
-0.14774850125882075 1.004827769855799 0.004262410929130858
-0.14743969906648932 0.9987631626719 0.004597306917125948
-0.14743787548195542 1.0032427257494911 0.004301074208067948
-0.14706399849806043 1.0055423326654398 0.004886017306606358
-0.14635959530192041 0.9990302959637068 0.004253984110962953
-0.1460507996283916 1.0000820341078445 0.004598100303021949
-0.14604894973490445 0.9960796797606976 0.004298459616996859
-0.14567507787192005 1.0021803048477318 0.004881917700840985
-0.1449706893450174 1.0032026532295322 0.004255405959204573
-0.14466189972372442 1.002550004090178 0.004596791207721088
-0.1446600242193199 1.0006964572497754 0.0043036635108819705
-0.1442861570134031 1.0022171427912743 0.004881215380285223
-0.14358178292154763 1.0011180626013603 0.004255456763117344
-0.14327299982087358 0.9963944540815537 0.004589812541755044
-0.1432710984709047 0.9968815374077652 0.00430290500953646
-0.14289723638771681 1.0049597646227297 0.0048869508611021325
-0.1421928769641892 1.0041826033912011 0.004265999330969114
-0.14188409991711456 0.9988912015195411 0.0045961661008555475
-0.14188217272339898 0.9940366911771124 0.004296951522740303
-0.141508315530108 0.9953087146547398 0.0048809496969778295
-0.14080397100683614 0.9999379444130402 0.004254380390589915
-0.14049520001335555 1.0018155540366356 0.004594864013138982
-0.14049324720872391 0.9990396622908565 0.004304380319095527
-0.14011939490396766 0.9982809527666984 0.004885624596855644
-0.1394150650494777 0.9956808667991728 0.004252973407967961
-0.13910630057525783 1.007908506852613 0.004599666274342816
-0.13910432146076346 0.9950533826777038 0.004299548253425683
-0.13873047404499664 1.0113183002199513 0.004892679946139927
-0.13802615909303279 0.9983856460634545 0.004256292805895997
-0.1377174006710434 1.0039141495286914 0.004595823667711636
-0.13771539571234825 0.9944125515684067 0.004298713037076302
-0.13734155342021848 1.009944653714227 0.0048935692414278555
-0.13663725266910492 0.9989067793753651 0.004254410619801153
-0.1363285007677398 0.9926167285405386 0.0045855667491538936
-0.1363264701976732 0.997737659291084 0.004301524685890792
-0.13595263256170154 0.9953975811050731 0.0048825215777090385
-0.13524834671175187 0.9993767570808931 0.004255912216011058
-0.1349396008639808 0.9954607907359483 0.004590449528975192
-0.13493754445016748 0.9964616612897288 0.004304696878125105
-0.13456371193601524 1.0004885326596058 0.004884284701755563
-0.13385944075484885 0.9913985404123242 0.004255798867474823
-0.13355070096022179 0.9938633581680386 0.004583949206947306
-0.13354861870175228 1.0017213343506126 0.004304095206928802
-0.13317479107704425 1.004891574151808 0.004890005413169455
-0.1324705347979485 0.99885008293298 0.004254028135406594
-0.13216180152212406 1.0050146020442157 0.0045928635633960815
-0.1321596931870772 0.9950514993334526 0.004298789692416936
-0.131785870451812 0.9991906208234812 0.004882592596734544
-0.13108162884059277 1.0004186315196366 0.0042553623157101685
-0.13077290161790964 1.0070280209343587 0.00459138881097538
-0.1307707674395715 0.995108842175441 0.004301149480667989
-0.1303969495937505 1.005292722539857 0.004893407328935306
-0.1296927228827816 1.0010298414915975 0.004257030865108559
-0.12938400171460604 1.0009096523379717 0.004583144187117088
-0.12938184169161104 0.9999452751195445 0.004303471080279853
-0.12900802896760877 0.9999550850728574 0.0048867941256973595
-0.12830381692588128 0.994761193303607 0.004252528757412822
-0.12799510181130244 0.9980690208194144 0.004586848133381353
-0.12799291617602648 0.9957173370166981 0.004298637001201188
-0.12761910810909183 1.0001255205720607 0.004887845377957303
-0.12691491050286424 1.0040186681840557 0.0042582941365912185
-0.1266062023727493 1.003351178050018 0.0045865949911850145
-0.12660399042852077 1.0086044498882558 0.004309760698407141
-0.12623018748386097 1.0048810717980978 0.004889360086812622
-0.1255260045455085 1.0039834153748513 0.004256156389844186
-0.1252173024689903 0.9975143365680279 0.004578885388389825
-0.12521506468101506 0.9952693625197695 0.004300156913826786
-0.12484126662579945 1.0064676570864428 0.004895334895372051
-0.12413709858815276 1.0012543803792484 0.004258980542143468
-0.12382840256523128 1.0019331393784485 0.004586131542040907
-0.1238261391654305 0.9948134279048366 0.004299682323796857
-0.12345234599965772 0.995893144278043 0.004886516554273702
-0.12274819263034159 0.9973092373995577 0.004250737882642316
-0.12243950266238042 1.0012064312379418 0.004581001509101213
-0.12243721341837954 1.001830307687303 0.004306920981586763
-0.12206342514159621 0.9984790023281374 0.004891137319859334
-0.12135928667344127 0.9988395264095354 0.004257898570898456
-0.12105060275816867 1.009707829996132 0.004586790955331678
-0.12104828790324973 1.0000141960657987 0.004302401101939389
-0.12067450451636398 1.0032779242831873 0.004890126045977906
-0.11997038071654094 0.9979932951112471 0.0042531562873701825
-0.11966170331961554 0.9982028667167095 0.004578234686463819
-0.11965936215528927 0.9995051161631584 0.004301395673157321
-0.11928558389022362 1.0011842268479538 0.004891881981786096
-0.11858147475872978 1.0069132897355306 0.0042590951581017045
-0.11827280341585653 1.004738606035802 0.0045764993556714545
-0.11827043663970471 0.9983636880563279 0.004301872484825552
-0.11789666303170668 1.0026523780110617 0.004890244846704968
-0.11719256880137403 0.9995035524954469 0.004255278099938395
-0.11688390351255293 0.996002464268236 0.004571764676278536
-0.116881510892199 0.9972962379064885 0.004299498843882989
-0.11650774240647445 0.9928484216877301 0.00488831090318767
-0.115803662378357 1.004937651144809 0.004259753118457807
-0.11549500360924934 0.9955865401452704 0.0045678251455985265
-0.11549258537752394 1.0005947270853504 0.00430461952095904
-0.11511882154841159 1.0020292386745764 0.004890218029853841
-0.1144147564219121 0.9991580419579642 0.0042582775766779254
-0.11410610417114893 1.009661082598271 0.004579913462548308
-0.11410365962910873 0.9951188709071993 0.00429788911504354
-0.1137299009227253 1.001531230771618 0.004893255499722708
-0.11302585046410092 1.007271905444774 0.004260976290077421
-0.11271720426648177 1.0101049934287338 0.004579304704556082
-0.11271473388114828 0.992400930594911 0.004300733887976468
-0.1123409800633002 1.0008599885298886 0.00489229699102193
-0.11163694450628976 0.9978508894983606 0.004254641895249905
-0.11132830436272276 0.9950880814154888 0.004567949537184878
-0.11132580836647321 0.99477919802659 0.004301052979104356
-0.11095205943852206 1.010052088162281 0.004898184091084082
-0.11024803854984215 1.0021969246968245 0.004258425795261073
-0.10993940492508045 1.0040660882875738 0.004570544960412888
-0.1099368826189675 0.9994854055317849 0.004300840797092795
-0.10956313881283576 1.0044762251526036 0.0049015005287001085
-0.10885913259248911 1.00842434293275 0.004267825898716376
-0.10855050502177417 1.009015032815919 0.004574945148988473
-0.10854795710338294 1.0045740635030904 0.004307384322620066
-0.10817421795431882 1.0046404597863072 0.0048968042125583115
-0.10747022663513066 1.0081026879033175 0.004266886188517722
-0.10716160511801785 0.9958691673002841 0.004567838843512218
-0.10715903135587723 0.9978925314720913 0.00430323556196954
-0.10678529732863253 1.0008603970583307 0.004891666003344854
-0.10608132067732219 1.008212966043061 0.004260485566298897
-0.10577270521380341 1.0009013449492166 0.0045680736473380475
-0.10577010584120217 0.9957007591691063 0.0043013886639052664
-0.10539637670294623 1.0026957174654838 0.004897080654305353
-0.10469241471951103 0.9991023351998991 0.0042518828535309736
-0.10438380577525028 1.0045362795432848 0.004570129506345823
-0.10438118009278696 1.003503557101146 0.004306153594101817
-0.10400745584534013 0.995962737480399 0.004895056246958742
-0.10330350876306613 1.003545676294016 0.0042576221487019205
-0.10299490587194668 0.9986652009557354 0.004564054399181965
-0.10299225457765715 0.9984150624371906 0.0043014188020761195
-0.10261853521874299 1.003780811667443 0.004904865555687343
-0.10191460280570767 1.0023310218254189 0.004258512843740283
-0.1016060059686431 1.0046832443060039 0.0045698002885617185
-0.10160332906298208 0.9946940730054985 0.0043021486297331185
-0.10122961436022605 0.9929570824976266 0.00489141166149192
-0.10052569684835463 1.003042877873971 0.004254551669531324
-0.10021710653054268 0.9968877116408844 0.004564270333088251
-0.10021440331547637 0.9966039822019211 0.004301128428388249
-0.09984069373499517 0.9963409673752133 0.00489483718735837
-0.09913679089099618 1.001909762253399 0.0042534128231824595
-0.09882820662633093 1.0083266976136065 0.004566668314609453
-0.09882547779989181 1.0000011837866964 0.004305736444615049
-0.0984517731097643 0.9984190750480771 0.004896579840801744
-0.09774788493364314 1.0033472394487422 0.0042560061501876675
-0.09743930672302466 0.9928336869570491 0.0045609862007250455
-0.0974365520523861 1.0035155707342958 0.0043065406488810645
-0.09706285225124736 0.9953915266449188 0.004895004910706301
-0.09635897897719554 1.006283713621913 0.004260299313793729
-0.09605040681972106 1.0079224838716494 0.004564266286825476
-0.09604762653771104 0.9948408256201923 0.004297429705577404
-0.09567393162510564 0.9986642200694231 0.004896618272013034
-0.09497007301893165 1.004255091976704 0.004261095808999896
-0.09466150738116792 0.998520292975272 0.004562847670373894
-0.09465870078929584 0.9901173325532304 0.004294750784623331
-0.09428501099987477 0.998158040760036 0.004898341743593103
-0.0935811670615732 0.9977513254110264 0.004253805375636754
-0.0932726074774116 0.9996388197290311 0.0045643099832149625
-0.09326977527416602 1.0026973729767859 0.00430409873025661
-0.09289609014135783 0.992935624631473 0.004894468063901939
-0.09219226110467288 0.9981058621884451 0.0042537992852462155
-0.09188370757319717 0.9958253980665582 0.004556167868681917
-0.09188084975949096 1.0052319470020525 0.004307230586040117
-0.09150716951567153 1.000716371284736 0.00490161688506687
-0.09080335514777256 0.9976544311003643 0.004259761978200917
-0.09049480813555487 1.0027029659359499 0.00455762135282752
-0.09049192401198525 0.9972445553392643 0.004301816993176327
-0.0901182488904393 0.9964768357575602 0.00490210411927734
-0.08941444919041681 1.0006237390551427 0.004258458043846733
-0.08910590823224858 1.0079322606004524 0.004557963248635308
-0.08910299849685543 0.9965516084373215 0.004304314348356559
-0.08872932803237644 0.9997692388791818 0.004904896602128986
-0.08802554323260564 1.0011022584974292 0.004253867754766619
-0.08771700832803685 1.0026288915577253 0.004557165175487492
-0.08771407274798548 0.9987214936185704 0.00430146197805319
-0.08734040740669015 1.0031711427724688 0.004902741647797447
-0.08663663727479717 1.0033892238851503 0.004256078683177436
-0.08632810888902828 0.9974987697765588 0.004550395461361955
-0.08632514723376516 0.9962228568182641 0.004299215738042505
-0.08595148678054977 0.9951068368588497 0.004907942905942683
-0.08524773131789415 1.0003923831803958 0.0042575471866253
-0.08493920898435843 1.0027844445059146 0.004554920637542883
-0.08493622171863535 1.003541574893824 0.0043068779944777855
-0.08456256615531756 1.0027607304298618 0.004907750653170839
-0.08385882536099383 0.9982548154223834 0.004254251475927147
-0.08355030908105483 0.9999373294568946 0.004551912038928238
-0.0835472959706749 1.0028089479858313 0.004304490810162526
-0.08317364529680062 1.0047320174691625 0.004909845862235985
-0.08246991940363808 0.9991344690734885 0.004256753408085193
-0.08216140964341254 1.0036102782853618 0.004550392983890262
-0.08215837045599983 0.9920269771570279 0.0042961629602767705
-0.08178472467111432 1.0026516037736988 0.004906901854100293
-0.08108101344582691 1.0054315280777253 0.004257971950275558
-0.08077250973965353 1.0037213552335877 0.004550363919403135
-0.08076944494132476 0.9940707729333582 0.004299828651405054
-0.08039580404542802 0.995795839499908 0.004901702190341624
-0.07969210795458788 0.9980889397964637 0.004253223093556534
-0.07938360983543909 1.0022966906309205 0.004547424266645355
-0.07938051919336431 1.0018881910354966 0.004307610663613137
-0.07900688318691108 1.0026231135038066 0.00490528827493409
-0.07830320199768755 0.9997199458837931 0.00425375097254703
-0.07799471039779679 1.0046435714650936 0.004549579659812553
-0.077991593677325 1.0057275971220518 0.004308264994169015
-0.07761796256213563 0.988203729819852 0.004897732238369039
-0.07691429603987639 0.9967728222105164 0.004249939473169314
-0.07660581049449319 0.9982679558342313 0.004549788452628759
-0.07660266816310468 0.9992637481963499 0.004299719701517328
-0.0762290419359939 1.0002203331238733 0.0049076167610806985
-0.07552539008252064 1.0022969276887377 0.004254503138163704
-0.07521691059027877 0.9941088700607797 0.004543891739847208
-0.07521374241514422 0.9967629432629697 0.004300328967796719
-0.0748401213098522 0.994913202889142 0.004907282667884895
-0.0741364841251649 1.0016083966903573 0.004254570264834083
-0.07382801115218104 1.010023861573225 0.004552877790898821
-0.07382481690001441 1.003034697717605 0.0043106051302965066
-0.0734512004522461 0.9922915806526466 0.004901314199932328
-0.07274757816871728 1.0028631029373591 0.004258077186099678
-0.0724391112479666 0.99923254402382 0.004544334036800823
-0.0724358913848846 1.005858323700043 0.004307436218939321
-0.0720622798265598 0.99753254939439 0.004905661207016935
-0.07135867221090882 1.0060503036109567 0.004259907582321308
-0.07105021134466302 0.997051104166414 0.004542837870875118
-0.07104696563692414 0.9931603889249843 0.004298094012182031
-0.0706733592008735 1.0042659962774911 0.004913890338934915
-0.06996976625309766 0.9972892789903901 0.004252192730227507
-0.06966131190702071 1.0079495526015916 0.004552228762583206
-0.06965804012270382 1.0026220412859597 0.004305547245598581
-0.06928443857473178 0.9997356558308766 0.0049141791298944444
-0.06858086029574191 1.0074915783456204 0.004258138198465298
-0.06827241200280629 1.003570788096372 0.0045457061242487285
-0.06826911460666452 1.0034431662246908 0.004303896529770983
-0.06789551794950091 1.0055312502290354 0.004918176472069052
-0.06719195480450287 0.9944275913182867 0.004252319054341504
-0.06688351256470856 1.0022599712065927 0.004541376756335464
-0.0668801890924442 1.0008745207456737 0.004302120729624042
-0.06650659709143804 0.9974308015467851 0.0049091701089986305
-0.06580304884760255 1.0041894228375194 0.0042631192334754795
-0.06549461266094955 1.002937275998372 0.004541349126821973
-0.06549126334448374 0.9965125852482979 0.004303182941658958
-0.06511767646529767 1.0087449135714026 0.004920128107226946
-0.06441414288979137 1.003017617480337 0.0042581096716546255
-0.06410571275719054 1.0051072309522444 0.004546773308182988
-0.06410233782935393 0.9988067778555257 0.004304668366196958
-0.06372875584051953 1.0010997702232811 0.004918633063358489
-0.06302523693198021 1.0029925116270024 0.00426163898680478
-0.06271681331954823 0.9973856685415456 0.004539914281710747
-0.06271341231422412 0.9996208823692091 0.004304126468467963
-0.06233983521483323 1.0075422977467328 0.0049196627553007395
-0.06163633097462446 1.0028704644861988 0.004257789235690317
-0.06132791341533381 1.0012940868336 0.004540577845461636
-0.0613244867990943 0.9979323239095947 0.004302490711664452
-0.060950914589146934 1.0115910967601478 0.004922221435695967
-0.060247425017268715 0.9942577559792177 0.0042483749826817685
-0.05993901397723608 1.0037003032614733 0.004541630049285099
-0.059935561284873984 0.9984383560544322 0.004299706242745337
-0.05956199373017592 0.9965051333844277 0.004917093127447466
-0.05885851905945755 1.003688904292002 0.0042595324028860985
-0.05855011407393249 1.005329264013962 0.004549686678862916
-0.05854663553600403 0.9984836831724186 0.004301063287803399
-0.0581730731049437 1.0049107466879978 0.004922325758156209
-0.05746961356730767 1.0013761256709939 0.004254846013244182
-0.0571612141706289 1.006356848007655 0.004544818440399369
-0.057157710021783714 1.0018562528012493 0.004306906364586982
-0.05678415247971282 0.9944741408137543 0.0049158929727032424
-0.05608070761040734 0.9954275656548669 0.004251588987593825
-0.055772314732528486 1.0030699249122 0.0045425148056175094
-0.0557687845066539 0.9973368603455438 0.004301323630236365
-0.055395231853571106 1.004323475319884 0.0049233846864487315
-0.05469180165350702 1.0026312792727152 0.004255521701550913
-0.054383414828316747 1.0026277743193763 0.004540044563771135
-0.05437985899152409 1.004558933315215 0.004307204747627096
-0.05400631122788481 0.9980778167509334 0.004917734887282082
-0.05330289569615127 1.0041556845601498 0.004261992770299102
-0.0529945153897636 1.001849025406238 0.00454229291381217
-0.052990933476394275 1.0043832449571732 0.004306376849333094
-0.052617390602653934 1.0016745478400144 0.004926647179887768
-0.051913989738340105 0.9927184047454306 0.004249139621957719
-0.05160561548646001 1.0059516467778842 0.004540948573879082
-0.05160200772843382 0.9980358085111106 0.0043035994575546166
-0.051228469744592414 0.994561798412106 0.004917119360959176
-0.05052508424619292 0.9960851145757006 0.004252018383426051
-0.05021671558315373 1.0003673264047888 0.004548043892746653
-0.0502130822142135 1.005438843686008 0.004308799118709549
-0.0498395491184507 0.9931981252189067 0.004916725523845057
-0.04913617828974532 0.9995340239397347 0.004259296246508809
-0.0488278161450587 0.9924278803850374 0.0045335646859113905
-0.04882415669862894 1.000208325619163 0.004304387112560364
-0.04845062849230898 0.9967343196505101 0.004918442862579262
-0.047747272332389575 0.9919646052584475 0.004253498995055892
-0.047438916240844266 1.00306897934187 0.004539675134250472
-0.04743523118304438 0.9928858067812302 0.004302709629113396
-0.047061707867533525 1.0010045294867487 0.004921675544071976
-0.04635836637503383 0.9996434888694754 0.004252687980185321
-0.04605001680229112 0.9967035418770095 0.004533992605377197
-0.046046305668369314 0.9959633799012075 0.0043027602583876135
-0.04567278724184723 0.9945973766433652 0.004926983863949369
-0.04496946088288395 0.99480992096636 0.00425184385375732
-0.04466111689944026 0.9887240565931018 0.004530984441778515
-0.04465738015369425 0.9947610881041976 0.004299979284673495
-0.04428386661616093 0.9924196048528808 0.004918853682342052
-0.043580554925983624 0.9977058370137619 0.004250572547672466
-0.04327221746134523 0.9925064210107604 0.00453106343842104
-0.043268454638564435 0.9904846338938659 0.00429697746472249
-0.04289494599047464 1.0052945895373602 0.004928707020188131
-0.0421916489690833 0.9896975437944474 0.004246005524866818
-0.041883317557583524 0.9985571381122913 0.004540502936337721
-0.04187952889060398 0.9955520873157325 0.004298465540626332
-0.0415060251319577 0.987138833564448 0.004921969097203064
-0.04080274301127213 0.9985602719130062 0.004252000462862525
-0.040494417653371785 0.9965086289892078 0.004537668849031498
-0.04049060337638366 0.9981660352650212 0.004304866113337767
-0.04011710450717955 0.9961719744904969 0.004923965317525257
-0.03941383751957767 0.9936864045124398 0.004250594845878271
-0.03910551821481864 0.9983008150473078 0.0045370189773094
-0.0391016778607991 0.9949195765386398 0.00430093707412975
-0.038728183880585104 0.9832592748817177 0.004920822167963029
-0.03802493156267735 0.993157245887129 0.004253430711659964
-0.03771661831197047 1.000288504407812 0.004540009571258443
-0.03771275234521454 1.000243058365621 0.004300761716608479
-0.037339263255806956 0.9975572961781174 0.0049258657496434365
-0.03663602560577433 0.9957727271929809 0.004251749479315353
-0.036327718873870055 0.9943500409580753 0.004540543700945162
-0.036323826830539474 0.9907570297486543 0.0042961547820913985
-0.03595034263012066 1.0076056996998777 0.004935699569364357
-0.035247119648421275 0.9927125147007503 0.004248811422812166
-0.034938818970113736 0.9908711909971047 0.00453317238678818
-0.03493490131586441 0.9888055918353786 0.004295886463149683
-0.034561422004434364 0.9996862121974678 0.004932095944011297
-0.033858214155815976 0.9943981552353149 0.004258518547589052
-0.03354991953201332 0.9938378351018393 0.004539659098440247
-0.033545975800734595 0.9876827738537757 0.004295896687202783
-0.03317250137874807 0.9949948341264839 0.004927045685856839
-0.03246930819846023 0.9917134709095743 0.004250465987645915
-0.032161019628257 1.001466609201092 0.004541265982104162
-0.032157050285150035 0.9953689827125108 0.004300762468154291
-0.03178358075306177 0.9887582936279338 0.004924369142107513
-0.031080402241559904 0.9994541642580158 0.0042519573590964555
-0.030772120190612002 0.9919351167568559 0.0045365554673922935
-0.03076812477047497 0.9869182833621344 0.004294569102965299
-0.030394660128286313 1.0008387824847709 0.004936147599952256
-0.029691496750320866 0.9992128477711886 0.004252023552929676
-0.029383220286400266 0.9939794355032484 0.004537624811953374
-0.029379199255799904 0.9902368438676175 0.0042937586205858665
-0.029005739501689175 0.9939231066988006 0.004929193584670716
-0.028302590792962427 0.9922091685199275 0.004250438385885677
-0.027994320848299847 0.9996321397704148 0.0045393489647730665
-0.027990273740215343 0.9937835474611425 0.00429920368256358
-0.02761681887600288 1.0003670744938333 0.004933782017595315
-0.026913684835153953 0.9968381728926643 0.004252250610698199
-0.02660542094454353 0.9975993780741303 0.004543250233185706
-0.026601348225995025 0.9922041089572529 0.004297477615208581
-0.026227898250772003 0.9927828355152906 0.004935328306448843
-0.025524779343912223 0.9974612754737475 0.004255249709384524
-0.025216521040781825 0.9906565824839365 0.004540413471085805
-0.025212422710865212 0.9971184046029115 0.004300161020466462
-0.024838977625541128 0.9950756455286023 0.00493257855727588
-0.02413587338655917 0.990891619745993 0.0042494202463746016
-0.02382762160359494 0.9977093133945564 0.004539468557956432
-0.0238234971957354 0.9907667912844922 0.004296876358049142
-0.02345005699985483 0.9908009576354054 0.004927464164217664
-0.02274696742920073 0.9955280301569642 0.004251379840790931
-0.02243872169892509 0.9985220722577367 0.004540776148956587
-0.02243457168015084 0.9956812586840127 0.004297303192906488
-0.022061136373713115 0.9870621793633716 0.004929035655476212
-0.021358061937508964 0.9942888760764333 0.004249128249476495
-0.02104982226083006 0.9973664560542875 0.004542143299050689
-0.021045646165475773 0.9913523681846397 0.004297414769192545
-0.02067221574848224 0.989615321340605 0.004932491287137841
-0.019969155980150526 0.9965263290661047 0.004251693174240293
-0.019660922357068355 0.9947195230251988 0.004545373851188102
-0.019656720650800708 0.996532790241819 0.004301256794163739
-0.019283295122795942 0.9935543704906811 0.004940584238161099
-0.01858025002370562 0.9921437746221877 0.004248795679278248
-0.018272022918973327 0.9906075617880913 0.0045405210867073735
-0.018267795135216147 0.9962446559681382 0.004298786847075342
-0.017894374497109646 0.9978630307077846 0.0049359513448157906
-0.01719134453155574 0.9956928740067763 0.004255324161830485
-0.01688312301612246 1.0011000876238383 0.004545365105512859
-0.01687886962099583 0.989262796942141 0.0042941729984593965
-0.01650545387142335 0.9940809579054887 0.0049378282796487165
-0.015802438573747267 0.9974878214302471 0.004250119137919362
-0.015494223577569317 0.9922830233996843 0.004538006763568219
-0.015489944105866016 0.991786674624667 0.004294854635070255
-0.015116533245737055 0.9888453731319056 0.004935348271708994
-0.014413533082050114 0.9976089030278756 0.004254625972278679
-0.014105323673354885 0.9908713711752482 0.004536888766289753
-0.014101018590736203 0.9919278607355768 0.004299275892535094
-0.01372761262005076 0.9899631904538594 0.004941773326375098
-0.013024627124697064 0.9942553411193252 0.004249816414717913
-0.012716424236168004 0.999635626126309 0.004546284605442945
-0.012712093075151643 1.000459054586163 0.004308036004227217
-0.01233869199345362 0.9932404704119832 0.004934414952570558
-0.011635721168249465 0.9937637267070052 0.004250166152709115
-0.011327524332408993 0.992982491481083 0.004542987225481265
-0.011323167560476577 0.9984644169796721 0.0043001317950962185
-0.010949771368222746 0.9869555707178281 0.004937006943871928
-0.010246815676099585 0.9967672327113097 0.0042520730547827125
-0.00993862489431127 0.9954415781793866 0.00454629074439821
-0.009934242045801511 0.9931473894635314 0.004305270314328216
-0.00956085074299187 0.9916995455821878 0.004939292897275823
-0.008857909718288417 0.9965881746500692 0.004251711600061646
-0.008549724990096836 0.9926642874571963 0.004542525226897864
-0.008545316530216951 0.9881508603960112 0.004297450406135034
-0.008171930116850154 1.002793562701536 0.004943077564987769
-0.007469004227504801 0.9925010924991526 0.004249211433500688
-0.007160825551546387 0.9897980259535172 0.004543955603619513
-0.007156391015087138 0.9944085801905468 0.004297243490972232
-0.006783009490708436 0.9954689324650602 0.0049499375502460394
-0.006080098270149055 0.9872213281727036 0.00424355636156011
-0.005771926114356811 0.9969108419167614 0.004546231543444368
-0.005767465500412072 0.99704695606387 0.00430649517148939
-0.005394088865932982 0.9973904255631103 0.004942436639304266
-0.004691192312793309 0.9996397247196794 0.004255382676346804
-0.0043830262105977996 0.9904864145015965 0.004540309097888451
-0.00437854021856765 0.99187596908702 0.0042958468103391125
-0.004005168240246685 0.9955438439703514 0.004947906969095991
-0.0033022868206434293 0.9962099867256687 0.004254489575128582
-0.0029941267725000754 0.9865910636688902 0.0045432989036555725
-0.00298961470298309 0.9924736502668944 0.0042942990678154725
-0.002616247614560389 0.9885758590359883 0.004936760401684342
-0.0019133808637431045 0.9900689573751956 0.004253028916557673
-0.0016052268687410645 0.9837714556669492 0.004539908093555153
-0.0016006891883080243 0.985889478520712 0.0042921078980425595
-0.0012273269888740928 0.986534187882647 0.004942811887851558
-0.0005244753725040667 0.9946493390042815 0.004255681062987985
-0.00021632742973249857 0.9885100485073156 0.004544147370549031
-0.00021176367363295867 0.9910358072952511 0.004295585509066436
0.0001615936368122035 0.99296119258903 0.004946935944645225
0.0008644305853071003 1.0012733993906007 0.004254926469196295
0.0011725724731156703 0.9975782732527626 0.004550216869734743
0.0011771618419516017 0.986143950144133 0.004296460939191029
0.0015505142615903525 0.9971151623480703 0.004947860162561124
0.002253336077001559 0.9971481651983988 0.004253815111273818
0.0025614719112133943 0.9895081156311097 0.0045477507377691285
0.0025660873570814147 0.9904998622077836 0.004299714373887071
0.002939434888184796 0.9956977988260701 0.004951151536644852
0.003642242034357305 1.0074166568680738 0.004256362796363295
0.003950371814972405 0.9882047216731578 0.004544231527307465
0.00395501287175648 0.9875071687143232 0.004293015956625024
0.004328355513871092 0.9913593392557191 0.004949087269832057
0.005031147526051764 0.9951580190012591 0.004256105806052542
0.005339271253070129 0.998782277493743 0.004552650985044573
0.005343938153600902 0.9936773889189479 0.004299854237152918
0.005717276139103315 0.9932249914964236 0.004947132176458387
0.006420053482499363 0.995485044194851 0.004251461784409112
0.006728171157284561 0.9928285586488542 0.004549522678586786
0.006732863669185463 0.9867096986049552 0.004297699854444051
0.007106196764335537 0.9897344476564783 0.004945866023674946
0.0078089594407632565 0.9955238079342296 0.004251678146033587
0.008117070594926864 0.9952997841073964 0.0045525667932160225
0.008121789184770023 0.9907020611519637 0.0042958342062216276
0.00849511715719119 0.9890872150572666 0.004944573768702785
0.009197864932457715 0.9926221107468213 0.004249442861393809
0.009505970033024587 0.9906315304815256 0.0045511449423917705
0.009510714698990341 0.9940280099237528 0.00429905358019457
0.00988403778333156 0.9946837351122485 0.004947119710569264
0.01058677088935804 0.9888263164304644 0.004245234878408572
0.010894869936783598 0.9971185059386733 0.004553534749201046
0.010899640214574902 0.9962509670083026 0.004302709433776882
0.011272958408563783 0.9926790445687247 0.004950099852110895
0.011975676380599773 1.000375618043475 0.004254468751153663
0.012283769374881322 0.9931730328772683 0.004553689955879276
0.012288565497783566 0.9815620115896664 0.0042896070543622855
0.01266187903425008 0.9933562134957018 0.0049464643277519595
0.013364582337952824 0.9924380194396503 0.0042495257854382055
0.013672669278640333 0.9939554647250636 0.004552200643489383
0.013677491012458631 0.991606106578849 0.004294337265606711
0.014050799659936376 0.9893285436279307 0.004951334797719033
0.014753487830102703 0.9945808749379711 0.00424952575618427
0.01506156871582991 0.9981812559729214 0.004557784508916523
0.015066416527133697 0.9956060082835217 0.004302400575030807
0.015439720285622672 0.9921659795633918 0.004951653523272677
0.01614239378700303 0.9899527035214251 0.004245485190755576
0.016450468620041646 0.9912001267362911 0.0045561769960822986
0.016455342042718257 0.999897951290263 0.004304754174549957
0.016828640911308968 0.9899968890882862 0.004949216724344716
0.01753129927870018 0.9850040320466996 0.0042440179936588975
0.017839368058594793 0.9973479330745788 0.004559851059992728
0.01784426755784807 0.9995436223320358 0.004302606862355323
0.018217561536084424 0.9935677479895285 0.004952530691562884
0.018920204770391948 0.9918288680614168 0.004247327249700574
0.019228267496692517 0.9887087569175798 0.004553252844102953
0.01923319284014724 0.9908510341151635 0.004295631479010596
0.019606481929395497 0.9899589171718542 0.0049526143373936436
0.020309110727750386 0.9932924676873205 0.004251841114874475
0.02061716740045153 0.9874083495116797 0.004555469469457574
0.020622118354367558 0.9941632049265349 0.004297075339367418
0.020995402554626372 0.9923266809548713 0.004954877913126648
0.021698016219897573 0.9961421045325063 0.004257363719224817
0.022006066837638408 0.9923903425630004 0.004556189109189868
0.022011043869952118 0.9925388596626964 0.0042953781225500125
0.02238432318031267 1.0034367908343114 0.004964769764098542
0.02308692217680059 0.9997469926492192 0.004253777384410704
0.02339496674185284 0.9934665744465078 0.00456156947110106
0.02339996915179654 0.9949140538443133 0.004298553084493133
0.023773243805998965 0.990553144380054 0.004949309986775728
0.02447582766803963 0.9907704573607172 0.004248734138301508
0.024783866180405987 1.0027161619502298 0.004565009377579212
0.024788894666471606 0.9872935693515276 0.00429324026423648
0.02516216443168526 0.9837399410466487 0.0049509308591427865
0.025864733625850796 0.9953981450068309 0.004259175915013595
0.02617276561850371 0.9899968201719945 0.004562241362255138
0.026177820182056166 0.9930121051109031 0.004297485738513088
0.026551085057371557 1.0002967462792065 0.004967523045288719
0.027253639117542562 0.9921021558739842 0.004246222262113655
0.027561665521807298 0.995353241446926 0.004567589990455409
0.02756674569718598 0.9893441104504972 0.004297593563747095
0.02794000544931906 0.9921405774355376 0.004959330688215738
0.028642545074901 0.9984917198220594 0.004250924545328084
0.028950564959452297 0.9982348573890394 0.004565754489817913
0.02895567097948515 0.9985235742841553 0.004307613655640864
0.029328926075459432 0.9882404356855008 0.004955990151913869
0.03003145056568462 0.9914465774574532 0.004250003920481486
0.030339464863664033 0.9924309378284194 0.004566202788371933
0.030344596493705467 0.9901979394198877 0.0042961841379970936
0.030717846701599803 0.993821574816786 0.004957828262578165
0.0314203560578345 1.0001404007511143 0.004258949159062094
0.03172836430221718 0.9883128083221692 0.004565438467793485
0.03173352200929003 0.9921863574467954 0.004294098421188925
0.03210676732637795 0.9920012587308615 0.004962667900558832
0.03280926201564297 0.9917558357035827 0.004247636613787062
0.03311726373940406 0.9953578014917752 0.004570021086113049
0.033122447292043944 0.9884720171054794 0.004295402742021962
0.03349568795206424 0.9947096584785927 0.004961075350632313
0.03419816750642928 0.9945678132623014 0.0042541497839119315
0.03450616364316576 0.9956085427597222 0.0045686541758619475
0.03451137280626426 0.993839652183559 0.004299303096890487
0.034884608344919896 0.9966442016012803 0.004956838545553766
0.03558707346378503 0.9948406977964704 0.0042516108851647525
0.035895063081260795 1.0027284928447209 0.004572945458314684
0.035900298321394075 0.990602942221866 0.0042966744920944835
0.036273528971060266 0.9957521459541786 0.004962169632711767
0.03697597895547949 0.9901729864803759 0.0042472429151238925
0.03728396251936121 1.0007522101331359 0.004578830388756441
0.037289223603693245 0.9876531770725507 0.004292758380446186
0.03766244959629249 0.9947195839134075 0.0049618540030954925
0.038364884447629366 0.9919450917780853 0.004248897069775056
0.03867286242402837 0.9953265066788417 0.004571025469703256
0.03867814911882306 0.9924945056788225 0.004294454509891762
0.039051370221523364 0.9895096463503952 0.004957622410651605
0.03975379040544053 0.999959372071142 0.00425577027998601
0.040061761861217945 0.9890164555402977 0.004569696267636447
0.040067074633043376 0.994063960311028 0.004297498566089891
0.04044029061483444 0.998443927059246 0.004964903656703491
0.04114269589622415 1.000058667598092 0.004251800580136117
0.041450661764974264 0.986494873943255 0.004572643678938267
0.04145599991579729 0.9940939463911981 0.004297636130415596
0.04182921124052073 0.9939166779028425 0.004966194112581901
0.042531601853579896 0.9987246422909379 0.004251716606444221
0.04283956120307468 0.9890375786344926 0.0045731179892008565
0.04284492543138185 0.9960085532381303 0.004297833652307233
0.04321813186575161 0.9997081418998073 0.004969930988159537
0.043920507345274355 0.9979975287165987 0.004253519534216695
0.04422846064116971 0.9906521648966351 0.004572306207930928
0.04423385071277153 0.9944233675875046 0.004300121843974281
0.044607052490982485 0.9957809064843564 0.004967104073740838
0.045309412836968814 0.9973957728770969 0.004252236077022532
0.04561736054538414 0.9926828701093974 0.004582008295690173
0.04562277622790134 0.9972659290081883 0.004298764597538865
0.04599597288429356 1.0096012117617539 0.004977758067228918
0.04669831879432456 1.0022120596505304 0.004257093214235611
0.04700625998302645 0.9896706180690292 0.004571192629477887
0.04701170174303115 0.9993596004449687 0.004304096676427569
0.047384893509524434 0.9912627728988262 0.004967412439161985
0.04808722428510818 0.9985901849321387 0.004254017992005999
0.04839515942067144 0.9896728386747661 0.004574717868373574
0.04840062702533032 0.9938270018038797 0.004297074100357102
0.048773814134756656 0.9890200784060026 0.004965084574648508
0.04947612977771348 1.0027805192935353 0.004256702348566513
0.04978405932488318 0.9905998656551209 0.004575312670803416
0.04978955253955064 0.9985223378237827 0.004300543246603791
0.050162734760897026 0.991388697649329 0.004968021577100417
0.050865035735069224 1.0040737051468445 0.004255625955900775
0.0511729587629836 0.9995475580588136 0.004581619831246095
0.05117847782230456 1.0015954280004629 0.004304254024788948
0.05155165515375268 1.0026369289939077 0.004976411265561808
0.05225394122630826 0.9988548211324769 0.0042549580966304784
0.05256185820107863 1.0034701269138069 0.004587450019449403
0.05256740333788912 0.999950543729978 0.0043039969300847905
0.0529405757789849 0.9989088997018528 0.004972049762133688
0.0536428467175473 1.008244132556643 0.004258819556974844
0.05395075810392949 0.9931561339808709 0.004584358766507101
0.05395632861927879 1.002886982322244 0.004306195244993207
0.05432949640421712 1.0026739960308069 0.004974872873691681
0.05503175267490574 1.0031067892328285 0.004258220253726187
0.055339657542482636 0.992257967136055 0.004580209948531704
0.055345254134408606 0.9942886610429013 0.0043004092210475
0.055718417030357494 0.9985550005803174 0.004972060537585472
0.056420658167052926 0.9953664026334368 0.004252810409894347
0.05672855698103578 1.0073676562566527 0.004590282512500939
0.05673417964953842 0.991093379312602 0.004297193452840276
0.05710733742366722 0.9992205781039253 0.004972537132553244
0.057809563659202805 0.9938442735378671 0.004254306476504977
0.0581174568847921 0.990396561170199 0.004580492182103487
0.05812310493183759 0.996689724937852 0.004302366722725479
0.05849625804844537 0.9995178751087015 0.004974590774046506
0.05919846961610313 1.0029096926891248 0.00425667324542201
0.059506356322437094 0.9991753113544283 0.004590535349073642
0.0595120304469674 0.9983068617577122 0.004304808980134388
0.059885178674131664 0.9952552012820819 0.004980172447765508
0.06058737510734486 1.0026384055735758 0.004258207089727824
0.0608952557600794 0.9967275037217027 0.004588802288917485
0.06090095572881182 1.004341851613285 0.004306688378849417
0.06127409906698732 1.004556241755131 0.004977326579227406
0.06197628059903663 1.0025207722184832 0.004257963621175986
0.06228415519863254 1.001814630717713 0.00459671996495214
0.06228988124439638 1.0045606879910174 0.0043089418738922105
0.06266301969267361 1.0121994894244288 0.004987483007671276
0.0633651860911865 1.0007245854072016 0.00425473635355467
0.06367305510284428 0.9995533582929074 0.004587900793551769
0.06367880652578606 0.9976186064616137 0.004303812328281471
0.06405194031835991 0.9939584139601204 0.0049745716859149825
0.06475409204808683 0.9988510331689453 0.004254920073581377
0.0650619545409447 1.0005125808633848 0.0045917621790544285
0.06506773204091587 0.9955435385280063 0.004301404877993419
0.06544086071076015 1.0036574904765114 0.0049830274268491915
0.06614299753932856 1.0053256004211502 0.00425752749065411
0.06645085397858701 1.0009651067851555 0.004596544299263068
0.06645665732321504 0.9982163949586647 0.004302184200347853
0.06682978133690186 1.0018967485806027 0.004979062991468322
0.06753190303147574 1.0069477098420188 0.004261840405371484
0.06783975388189059 1.004198211747101 0.004592972050753644
0.06784558283834485 0.9987153351630851 0.00430221202881106
0.06821870196258815 0.9991609056282187 0.004977214147078189
0.06892080852317291 1.0006742995178115 0.004254096856950773
0.06922865331998831 1.0027262941728514 0.004596322506644429
0.06923450812064402 0.9941505206979822 0.004304844693546665
0.0696076223549884 1.0027374096880304 0.004978682924611383
0.07030971448052595 1.0059019104242775 0.0042603559147828835
0.07061755275899688 1.0015117796344766 0.004594545272748852
0.07062343340248844 0.9984451981083196 0.004303135336832911
0.07099654298021926 1.0063197131435129 0.00498730999305675
0.07169861997131226 0.9990623507257889 0.004253607584272818
0.0720064526627532 0.9945816970335473 0.004595640109358498
0.072012358918073 0.9945908881070475 0.004301947430954872
0.07238546337307492 0.9982699968983187 0.00497875235788977
0.07308752546346214 1.002929520730971 0.004258154152338708
0.0733953521003982 0.9986104050644773 0.004597546813912588
0.07340128420037217 0.9959788385720434 0.004304673444813513
0.07377438399876121 1.0055997082166745 0.0049801469569021265
0.07447643095561203 1.0027289113748437 0.004256264412772225
0.0747842515380405 0.9981729689603401 0.004597792069603483
0.07479020971504724 0.9982552221184706 0.004300924010082109
0.07516330462353936 0.9964438946225241 0.004975756070269137
0.07586533691296507 1.003061257117523 0.00425942960950594
0.07617315097704906 0.9990511143351493 0.004602356287043828
0.07617913499689166 0.9990439427789093 0.004306982468238619
0.07655222501730316 1.0039726758631864 0.004984247236368632
0.07725424240420681 1.0068756022311847 0.004260476574715082
0.07756205088171622 0.9957019837495867 0.004595544559518271
0.07756806051202148 1.0009624747502976 0.004306398230972843
0.07794114564298946 0.9974558229167495 0.004977269557417253
0.07864314789544584 1.0076862246187894 0.004260334773735052
0.07895095031935853 1.0010015829230303 0.004598625992530483
0.07895698579432064 1.0069726739924714 0.004311317084271208
0.07933006603539104 0.9943536603062806 0.0049752641648941965
0.08003205338759573 0.9980057737018273 0.004252337968055046
0.08033984975700083 1.0005841536129845 0.0046007140925860565
0.08034591107571032 1.0006453261538102 0.004309068248314757
0.08071898666062326 1.0028233459936329 0.004979602680829168
0.0814209588797429 0.996380364968261 0.0042525510690940545
0.08172874919555398 1.0029011025690127 0.004600196324245268
0.08173483659174963 0.9925292825782619 0.004297565383484359
0.08210790728630955 1.0030331512298505 0.004984293157518201
0.0828098648361905 0.9976539784183528 0.004253833548480228
0.0831176490997684 0.997308173085825 0.004597548666028713
0.0831237618740488 0.9977215974339089 0.004303040897920181
0.08349682767961929 0.9981169228989465 0.004980471249391956
0.08419877032788496 1.0006445380205835 0.004257136328691053
0.08450654853786613 0.9943692479575448 0.004598977959655298
0.08451268738872386 0.9955142348092947 0.004300496635162042
0.0848857483048515 0.9994461073269608 0.004979113040305016
0.08558767581957942 1.0006759019501361 0.004256600446523729
0.08589544797550844 0.9968246498028565 0.004596676933449834
0.08590161267056828 0.9941687776785523 0.004298193122238531
0.08627466869770715 0.9974350922680658 0.004976850804535675
0.08697658131127388 0.9930949646071588 0.004253571366699281
0.08728434741315343 0.9916132965566692 0.0045960503242555035
0.08729053795286745 0.9907011582816915 0.004305903645274879
0.08766358932339345 1.001707915514199 0.0049825109492975615
0.08836548680296834 1.0028283720064866 0.0042623586262328615
0.08867324731690975 0.9959087387260431 0.0046044758532869795
0.08867946346799727 0.9960290556136638 0.004300615466571339
0.08905250994907975 0.9997216194755015 0.004980921967147869
0.08975439229375466 1.0119691934315334 0.004262403372363946
0.09006214675591831 0.9962709142220443 0.004601314146408409
0.09006838874938694 0.9944087739971403 0.004301206030685059
0.0904414303419354 1.004161704403431 0.004984310981908866
0.09114329825201854 1.0029176059423623 0.004260905375411226
0.09145104619401603 1.0020499291607052 0.004602554975142196
0.0914573140325956 0.9935015461764121 0.004301577258518774
0.09183035096671086 1.0095619979522477 0.004982593329765407
0.092532203743713 1.0015639264085592 0.0042532499277073855
0.09283994563165834 0.9984461848517642 0.004601196076698334
0.09284623954772542 0.9965188117741691 0.004302179887176843
0.09321927136002194 0.9978518492864918 0.004982247341324844
0.09392110923540746 0.996154623581321 0.0042536649668407905
0.09422884553496193 0.9940374211751707 0.004598842062160043
0.09423516482956984 0.9920506603447093 0.004297456012386231
0.09460819198616365 1.0023696134845452 0.004982396487332927
0.09531001472710192 1.0069543210918366 0.004261223827843954
0.09561774497306234 1.0023088060616971 0.004605532104128266
0.09562409011141426 0.9954169012865716 0.004299590663713879
0.09599711237856388 0.9947511987826831 0.0049806173430870645
0.09669892021788554 1.0017520987981352 0.0042600247704201784
0.0970066444116128 0.9976899741110898 0.004598785889457125
0.09701301562654407 0.9992252382251288 0.0043059104835451115
0.09738603300379475 1.002731551407299 0.004988283320123368
0.09808782571003542 1.0037850403445217 0.004265731224343723
0.09839554385016594 1.000094594894702 0.004603502394450895
0.09840194090929799 0.9965309284076521 0.004300573343446918
0.0987749533966504 0.9941459612405247 0.004981698424955008
0.0994767312021853 0.9930585066646619 0.004253892909223176
0.09978444375346954 1.0003629537501162 0.0046045891947107745
0.09979086619114241 1.0042345558705508 0.004317215802911594
0.10016387402279213 0.9994881551580458 0.004980460127138962
0.10086563715954104 1.004276859206163 0.00425879534576595
0.10117334319111453 0.9998327686208438 0.004605690873047696
0.10117979147344158 0.9947854713173854 0.004299339611367828
0.10155279441519235 0.990672303003105 0.004976674021863589
0.10225454265169093 1.0003793270125014 0.004257867712496728
0.10256224262920956 1.0043534478781708 0.004605756500396943
0.1025687169885714 0.9930037812931236 0.004306594566727386
0.10294171504042458 1.0094729395794275 0.004988452202523006
0.10364344814383811 1.0003816194300452 0.0042599612149296015
0.10395114206776271 0.9951638186044882 0.004600121361743319
0.10395764227041582 0.9929983184257467 0.0043013198519427755
0.1043306354337343 0.9982289559768236 0.00498116772087752
0.10503235363553527 1.0054397379738955 0.00425863716793353
0.105340041505405 1.003975472028109 0.004602994117547905
0.10534656755226024 0.999454208048005 0.00430697213700204
0.10571955605851245 1.0050530203474646 0.004986972779282265
0.10642125912722702 1.0054615523641592 0.0042644625565364915
0.1067289414087113 0.9963328386455393 0.004599480407522983
0.10673549306739005 1.0007185688415288 0.0043072842783547114
0.1071084764513681 1.0011952390080574 0.004979357410677645
0.10781016461892419 1.002000507184558 0.004260665354643366
0.10811784084726174 0.9971872084171759 0.00460370644082178
0.10812441835014397 0.992251663103569 0.004300879698763054
0.1084973970770544 0.9963438445844283 0.004976846011737459
0.1091990701097078 0.9962482956987636 0.004257094339402937
0.10950674028536216 0.9950409506936277 0.004597869037918692
0.10951334363198839 0.9932856647702611 0.004300988840848101
0.10988631747036413 0.9955805331647369 0.004974180339325371
0.11058797560231311 1.0010383278979738 0.004257695462783775
0.11089563972391261 0.9954773022640211 0.004606562891773972
0.11090226891428756 0.991711865896283 0.004301371180340849
0.11127523809559635 1.0075539135303202 0.004991644105658501
0.11197688109400486 0.9941930913347493 0.004253292907321433
0.1122845391615576 0.9963494693077505 0.00459962810635475
0.11229119419658673 0.9950175459476094 0.004305156395832839
0.11266415848799659 1.0018277951797048 0.004978144769684997
0.1133657865852466 0.998082025020222 0.004263074051649031
0.11367343859919991 1.0069990847089325 0.004607678970174898
0.11368011971171654 0.986074590114225 0.0043003730841736304
0.1140530791141383 0.9989471011160002 0.004976493082006017
0.11475469207648563 1.0005764182628545 0.004256724867197515
0.11506233850341434 0.9944083155247163 0.004604032745568672
0.11506904499401571 0.9980000967344893 0.004304822644880512
0.11544199950699395 1.007985616967268 0.004980717556842248
0.11614359756818009 0.9972681252510053 0.004255723543805591
0.11645123794150937 0.9945912962981415 0.00459927612017206
0.11645797027540539 0.9975678377855468 0.00430655416858461
0.11683091989939419 1.0043056998521689 0.004979427157583917
0.11753250306032997 0.9966728658862468 0.004255550026841136
0.11784013737960979 1.0012996637058988 0.00459845184830174
0.1178468955581593 1.0029571809744307 0.0043066005388764815
0.11821984052462506 0.9953773544919201 0.004971952580486846
0.11892140901723029 0.9974384225340793 0.004256312048651921
0.11922903681770482 0.9972410433748785 0.004600647632721898
0.11923582084000373 0.9955881757650507 0.004305311176650891
0.11960876091793614 0.9982833844057967 0.004976119660568819
0.12031031450892475 1.0030977506575514 0.004263327632755573
0.12061793625489439 0.998009156755003 0.004598661773524737
0.12062474635467879 0.9935496388674917 0.004304756829911882
0.12099768154407785 1.0020160850141127 0.00497447829975713
0.12169922000061921 1.001596494887925 0.004259226344603398
0.12200683569390026 0.9972318448617663 0.00459739558230461
0.12201367163743271 0.999581558554596 0.004308790832378268
0.12238660193602266 0.9955030184799114 0.004971281388672034
0.12308812549231367 1.0101583406695205 0.0042640905657459725
0.12339573559766197 0.999673861040575 0.004600659884763833
0.12340259691973188 1.0030601375692703 0.004313410620835682
0.12377552256170896 1.0110933204559474 0.004978460220031574
0.12447703098446355 1.0051323069248643 0.00426281641579553
0.12478463503530428 1.0066800867097156 0.004604027431941439
0.12479152220203105 1.0019172258204063 0.004310245240485488
0.1251644429545646 0.9970502971513178 0.004970083437167852
0.1258659364757026 1.0025572477276936 0.0042642388226313875
0.12617353447294657 1.0017646332226622 0.004599255593086901
0.12618044748342072 0.9976843206378158 0.004308009542742285
0.12655336334742026 0.9988977198745043 0.004971886075796593
0.12725484196694162 0.996833487078093 0.004255532579916673
0.1275624339110443 1.0024486960705703 0.00459776287574025
0.12756937276617464 1.0093000796938316 0.004311485895696002
0.12794228397310656 0.9961955299777392 0.004964749403567984
0.12864374745909152 0.9988333701285786 0.004258627859478462
0.12895133334959744 0.995186163121692 0.00459925291824545
0.12895829804892855 0.9994077025050945 0.004309708760646399
0.12933120436550813 1.0043005556776077 0.004971799891825126
0.13003265295078598 1.0074385677932804 0.004260799259024929
0.1303402327881479 0.9992502093295365 0.004600963909005792
0.13034722356314887 0.9982270357316748 0.0043095009812912375
0.1307201249916485 1.0011610148360959 0.004972778345986433
0.13142155844248044 0.9957366494463876 0.004254152504144483
0.13172913269145417 0.998899479519704 0.004595179933880001
0.13173614884544804 1.0025231026894332 0.0043145289017323075
0.13210904538359602 0.9960110297182054 0.004964190266897423
0.13281046393326404 1.003781190632764 0.004261518819526087
0.13311803212909648 0.9960517754794779 0.004596629033067763
0.1331250741277472 0.9983450670873961 0.004309073818293854
0.13349796577645168 0.9951772864627706 0.0049637116276089145
0.1341993694254139 0.9968197519827824 0.004257515923381203
0.13451399941004638 0.9942499901907376 0.004307313482648646
0.13488688640213797 0.9942586519738226 0.004965586485581902
0.1355882749175638 1.0038692321906408 0.004262242111932159
0.13589583100574734 0.991499645888999 0.004587965799020924
0.13590292469143606 0.9954453832023125 0.004308540284927561
0.13627580679499363 0.991327316986829 0.00495882585209351
0.13697717994268882 1.000724848505711 0.004258549351009917
0.1372847304443005 0.9935453934772115 0.004591963579466896
0.13729184997418997 0.9957901986135494 0.004309649535501762
0.13766472718784928 0.9997200962331246 0.004968127931213778
0.1383660854343806 0.9969866102491781 0.004256780374010207
0.13867362988148738 1.0039501670417583 0.004596678151702109
0.1386807752569439 0.9944172550557002 0.004307581239691566
0.13905364781308013 0.997935077041536 0.004969249002962019
0.13975499092607774 1.0011970299510478 0.004264676967743692
0.1400625293195851 1.004411510801474 0.004595288302390061
0.14006970053833356 0.9883161480910936 0.004305569186769413
0.14044256820639123 0.9971496167074052 0.0049593533808918
0.14114389641822492 1.0026793584008107 0.004261735064143389
0.14145142875768282 1.0024253546566353 0.004597204855783737
0.14145862582063273 0.9985586905142853 0.004312853148969145
0.14183148859924688 1.0031934443198212 0.0049692127351216135
0.14253280191037482 0.9965591381537883 0.004255770595958833
0.14284032866189725 0.9951226938059315 0.004585897743794298
0.1428475511029319 1.0024688186772288 0.004313551677099509
0.14322040922447773 1.0026650426914472 0.00496393687328357
0.14392170740115842 1.0035644570581321 0.004262051214425296
0.14422922810044772 0.9903308013054597 0.004587142162621579
0.14423647638523107 0.9978267786377087 0.004309735830114886
0.14460932961687797 1.0050044694563547 0.004969195578685865
0.14531061289285557 1.0010176815284217 0.0042631737494734446
0.14561812753763728 0.9983510201293392 0.004588632640273682
0.14562540166662075 1.000410413114896 0.004314732692580628
0.14599825000973363 0.9955147506763836 0.0049536035058213345
0.14669951838454734 1.000427672572042 0.0042599356945248745
0.147007026975735 0.9954720584443701 0.004585811099451151
0.14701432694937466 0.9994001428992019 0.00431304211669051
0.14738717063587534 0.9935525822731925 0.004953021498678639
0.1480884238762445 0.9936240461130973 0.004254262235126919
0.14839592641383273 0.9926599838257534 0.0045855177002471605
0.14840325223212858 0.9935579333110255 0.004304909994738186
0.14877609102918643 0.9971129162453952 0.004955094858433491
0.14947732936793626 1.0082999882518258 0.004270668299298429
0.14978482585193045 0.9991103316255441 0.0045949590303971085
0.14979217751351825 1.0034747691303005 0.004312191759013014
0.15016501142204208 0.9972304552935389 0.004949276277222126
0.15086623485872258 1.0100839057457693 0.004266080557885797
0.15117372529002818 1.0009548987353494 0.004586058435900064
0.15118110279581742 1.0013225424740142 0.004312849381692275
0.15155393204818243 1.0011984286878308 0.004954137326120598
0.15225514035132517 1.0010955862714042 0.004262894733580343
0.1525626247276705 0.9951639749752099 0.0045794883134379245
0.1525700280781166 1.0061823310822005 0.004323302207627667
0.15294285244149217 1.0083612203000663 0.004960776433531924
0.15364404584302233 0.9962852565049062 0.004259155787549274
0.15395152416622362 1.0008835118049364 0.004588225783305521
0.15395895336041576 0.9959738819584549 0.004311615825903003
0.15433177283343968 0.9888158357494974 0.004939374388109919
0.15503295086860008 1.0036850042168246 0.004265102965720971
0.15534042360432135 0.9920658113605099 0.004581889674413161
0.15534787864271493 0.996409805228511 0.004312056512787675
0.15572069345912598 1.0020562581065877 0.004950343869816549
0.15608041231307787 0.9981231415903081 0.0051645364563313026
0.15642185635983913 1.0020225575482744 0.0042607017663553156
0.15672932304241907 1.0002281735886784 0.004584234128176404
0.15673680392455935 1.0043124973942263 0.004319904627263818
0.15710961385198163 1.001933456272933 0.004952418560135669
0.15746932967913516 1.004552258249617 0.005167275456895575
0.1578107618515336 1.0040121881078308 0.00426905124412487
0.1581182224805168 0.9994061038506324 0.004585769216000145
0.15812572920731327 0.996905631651438 0.0043093946622797035
0.15849853424483729 1.0043168725840377 0.0049467358673303445
0.15885824704519244 1.0028635714594676 0.005165738140759924
0.15919966734368346 0.9972910450762906 0.004260308094810657
0.15950712238336498 1.0017004922924608 0.004582681266890814
0.15951465448870294 1.0024404398098707 0.004315164518784319
0.15988745463769294 0.9994414061016235 0.004943374757405617
0.16024716441124973 0.9925382650303053 0.005155500430552856
0.16058857283583064 1.0028414808946495 0.00426529688072147
0.16089602182191812 0.996839687100717 0.004578451895025835
0.16090357977100211 0.9943166188255095 0.004311337872743157
0.1612763752629238 0.9952711504509479 0.004937872108565527
0.16163608177639616 1.0088493316598817 0.005162130538564746
0.16197747832707238 0.9904945821991439 0.00425557153882528
0.16228492126047125 1.000292843582743 0.004581381930370638
0.16229250505330128 0.9926173467787658 0.0043104575386821355
0.1626652956562349 0.9920195414806899 0.0049335603331933965
0.16302499937619494 1.0099144371318687 0.005162510432528497
0.16336638381831142 1.0055643852710825 0.004268347858565999
0.16367382069856898 0.9995141302178129 0.004580592264831002
0.16368143033560045 0.9965444194139926 0.004314492863188036
0.16405421604817969 0.9984722128942269 0.004939080199738031
0.16441391674225223 1.0053432501730801 0.0051578733362921455
0.16475528931000588 0.9969519442112207 0.004261836769906001
0.1650627201366667 1.0029980276759902 0.004580144943034535
0.16507035561789962 0.9954256616535447 0.0043132766981218325
0.16544313644103534 0.9898400542884983 0.004931227825761587
0.1658028341078541 1.0015106514848335 0.005155819779400037
0.16614419433649447 0.9964505799257496 0.004261185684499534
0.1664516195738563 1.0028425393314473 0.0045783813065771155
0.16645928089974404 1.004322278656409 0.0043169881957327684
0.16683205706672163 0.9989135400491093 0.004936509943519854
0.16719175147345594 1.0019498201813195 0.005153732302488098
0.1675330998277335 0.9992940461545625 0.0042627167700789136
0.16784051901240674 1.006642175371125 0.004583446697513372
0.16784820618249796 0.9951933593547783 0.004309230842947032
0.1682209774595773 0.9992659763180812 0.00493289690984723
0.16858066883951323 0.9899579134433241 0.005146087432546392
0.16892200531897253 1.001161184578007 0.004263767023252814
0.16922941845095987 0.9978784577093787 0.004575455950858543
0.16923713146479713 1.0041645691462622 0.004317052876273291
0.16960989785243294 1.0044890626282343 0.004935149622498776
0.16996958620602595 1.0010826228885041 0.005148274410343965
0.17031091081112243 1.0004719574922094 0.004262538564481559
0.17061831788814677 0.9933047125791546 0.00456880715414362
0.17062605674664155 1.0017727466150508 0.004313791218237108
0.1709988182448345 0.9993796044520992 0.004933336052138266
0.1713585035716278 1.0023268735828892 0.005147382982653181
0.1716998163028169 0.9972759102160084 0.004258779548497053
0.17200721732624719 1.0026338954732694 0.004575331145910639
0.17201498179565533 1.0022465127214524 0.0043178490839892395
0.17238773863814424 1.0020659726024173 0.004930322912700611
0.17274742093768508 0.9937656699772864 0.005142156696955822
0.17308872132885006 1.0062453996010605 0.004267579574658229
0.17339611676434222 1.0019667643601025 0.004569664739278552
0.173403907078864 0.998957868420409 0.00431622469028438
0.17377665926383054 1.0016365641475036 0.004931844380230053
0.17413633830374237 0.9949455076058087 0.0051437344988948626
0.17447762681963636 1.0023955596467027 0.004263688573369346
0.17478501620289535 1.0022611319862562 0.004572727725867663
0.1747928323616179 1.000286663830813 0.004322143082125948
0.1751655796562321 0.9901998153245987 0.004922110582564332
0.17552525566979965 1.0032356518177188 0.005142778948405525
0.17586653231178354 0.9994432494497262 0.004268935284262297
0.1761739156414485 0.9918059878347509 0.004566349283169888
0.17618175764346233 1.0000668884382806 0.004317633039940528
0.1765545000486337 0.9921820561953096 0.004921177489437921
0.17691417326868758 0.9934123478661482 0.005139451749769106
0.17725543780393344 0.9985522475068735 0.004267537064077706
0.17756281507863808 0.9990703595538054 0.004568731330102189
0.1775706829257615 1.004445169808083 0.004316313828959307
0.17794342044148936 0.9931968959087065 0.004921489641136094
0.17830309063383673 0.9945783864032754 0.005133883474655883
0.1786443432956279 1.0004618936201843 0.004263441785975174
0.1789517145167331 0.9999611515807816 0.004570086853263366
0.17895960820851542 0.9956005757039524 0.0043202465790210505
0.17933234083525315 1.0077216333648267 0.004930573808497499
0.17969200800034674 1.0071575372249775 0.005140623699820152
0.18003324832120562 1.0100884751047385 0.004271180820268156
0.18034061395483353 1.001713634250878 0.004566971718904293
0.18034853349035984 1.0023238861054231 0.004319876685627782
0.1807212614600313 0.9975439744895224 0.004921515091426694
0.18108092536685944 1.007905628436115 0.005139148655344664
0.18142215381244467 1.000172116291234 0.004260668658214263
0.18172951339292856 0.9992200217885784 0.004566772378701767
0.18173745853937362 0.9993561782394067 0.004317674128384361
0.18211018185288697 0.9972868264778468 0.004917721130232353
0.18246984273200859 1.0076683037728456 0.0051378455370834145
0.18281105930459454 0.9980128658015283 0.004260077266200834
0.1831184128319371 1.0001337821616332 0.004571693869214393
0.18312638382212754 1.0094683958781294 0.004324335322341334
0.18349910224574262 0.9996674126956545 0.00491892898186599
0.18385876009806587 0.9973035861234042 0.005132456160831301
0.18419996479674444 1.0026543962995766 0.004268059289518454
0.184507312269124 1.0014310495396048 0.00456024919838792
0.1845153091035172 0.9960734299583122 0.00431087405271299
0.18488802263859827 0.9992921470068147 0.004916860740098991
0.18524767746412316 0.998241528996113 0.005134070670872083
0.18558887028753074 1.001733127631134 0.004264198126512895
0.18589621170722442 1.007405830929001 0.004569039403974268
0.18590423438581638 0.9969034669494261 0.004312863530735189
0.18627694303145392 0.9940826052321017 0.004912487638970802
0.18663659483063316 1.006946813827439 0.005131031568194511
0.18697777531356122 0.9970174989544892 0.004267997681100449
0.18728511114531946 0.9924182900228821 0.0045562488355044145
0.18729315966811555 1.0004870342345067 0.0043171527983818635
0.18766586342339872 1.0061517614166484 0.004915976607446054
0.18802551219623773 0.9879922514607202 0.00511848961928497
0.18836668080525837 1.00918722278116 0.004271128452302232
0.18867401058341987 1.003355349888168 0.00456578826009205
0.18868208471803882 0.9965795036627526 0.004317251545701512
0.18905478404954043 1.0020742539167613 0.004915931352762382
0.1894144295618396 0.987182939151244 0.005116299925405351
0.18975558629695014 1.0022582306394392 0.004269441540786281
0.19006291002197032 0.9958361202916519 0.004556788355245585
0.19007100999988324 0.9955621991332271 0.004320320227506932
0.19044370444194067 1.0056829386182946 0.0049108849777991116
0.1908033469283523 1.0018981348653626 0.005124388136294948
0.19114449178864729 1.000001850597871 0.004264833701829452
0.19145180945961532 1.003255613738455 0.00456066376506573
0.19145993528172767 0.9961521762814448 0.004318021655237821
0.19183262483479632 0.9972767981648067 0.004910499114789678
0.19219226429440958 0.9986233212528199 0.005124587744474461
0.19253339681376963 1.0008132682506765 0.00426420453318139
0.19284070889771035 1.0003586886293194 0.004558437579475165
0.19284886056448158 0.9968006966769268 0.004314919693412689
0.19322154522765198 0.9998615012476666 0.004908777251266153
0.19358118166046687 1.0014602443573493 0.005117745835352195
0.19392230230637492 1.0034842902816365 0.004269979206634146
0.19422960833581077 0.997555847616164 0.004551768856267355
0.19423778584678075 0.9976678409654589 0.0043162338013806945
0.19461046562050763 0.99786528918449 0.004908972965157376
0.1949700992593548 1.0020514350758303 0.005119199572132965
0.19531120779806668 0.9985060483171802 0.004264148518702656
0.1956185077739058 0.9966899464266346 0.004552585343241545
0.19562671089579453 0.9970313536537396 0.004317506556950367
0.19599938601336328 0.9924511841069218 0.004903429569208109
0.19635901662495667 1.0005595043095488 0.005113678704696528
0.19670011282410255 0.9994031307215526 0.004265746307762923
0.1970074072120062 0.9956186100624758 0.004553114864252758
0.19701563617763895 0.9996928827367166 0.0043154885752496736
0.1973883064053108 0.9948656370979895 0.004901092224711645
0.19774793399146937 1.0025762387798185 0.005119545817958377
0.1980890183157943 0.9949599439561705 0.004264017883526962
0.19839630664919308 0.9989938911264424 0.004554111792259825
0.19840456146039287 0.9929909518024259 0.004313110720566498
0.1987772267986205 0.9965762382362255 0.004898890513214853
0.19913685135752665 1.0052485277024497 0.005112755490692966
0.19947792380658064 1.0016463344789772 0.004266820330667095
0.19978520608774622 0.9994681510802155 0.004557876892119567
0.19979348650940665 0.9977485697147981 0.004316100783662276
0.20016614719193024 1.0070745834310115 0.004909804255330855
0.20052576872312852 1.0062729476940717 0.005118283398105736
0.2008668292987305 0.9974575125201011 0.004272425718620275
0.2011741055262967 0.9978549698276548 0.004547315106800273
0.20118241179125107 0.9832888238566421 0.004305731807251383
0.20155506781716245 0.9940034845633758 0.004902628696874327
0.20191468608873037 1.0000974462406607 0.005110530754497215
0.2022557343252191 0.9980968260094432 0.00426387976148755
0.2025630049643971 0.9970505800582289 0.0045486115580513605
0.202571337074005 1.0008362314023116 0.004319172806012662
0.20294398820956405 0.9981522589675068 0.0049004712878216354
0.20330360345478765 1.008398512122607 0.005110963160680848
0.20364463981645814 1.0005235748013754 0.004266330561148057
0.20395190440249214 1.0015157344719885 0.004559220260468574
0.20396026235630416 1.0032190279364823 0.004320096729721018
0.2043329086024197 1.001905178466641 0.004900893976456685
0.2046925208217558 0.9968815085760165 0.005108223774019833
0.20503354530769718 1.0030395118717672 0.004268614864852388
0.2053408038396817 0.9942150904877098 0.004545118439523024
0.20534918740531793 0.9929791081121716 0.0043117707529714755
0.2057218289957294 0.9975770593849648 0.004903451246305522
0.20608143818690222 1.0019607082782065 0.005105976466600185
0.20642245033373036 1.0019660125046972 0.004268888606695075
0.20672970327823484 1.0035341976022993 0.00455153209750654
0.20673811268716236 1.0014454463191143 0.004318373053356005
0.207110749388131 0.9898819657698739 0.004895089591335274
0.2074703555529595 1.0001490312152927 0.005110992312324713
0.20781135582588023 1.0084752983051688 0.004269181470292827
0.208118602716788 0.9970882674756106 0.00454836148865278
0.20812703796991627 1.0002607679208357 0.004318542364015989
0.20849966978053122 1.0012027519797835 0.004899992502810569
0.2088592729190168 0.9995634114161374 0.005098614881106443
0.20920026131711927 1.0057930945834608 0.004272388743351961
0.20950750215488304 1.0132046082352162 0.0045549690146394215
0.20951596301983955 1.0028071876632485 0.004319252656089836
0.20988859017384232 1.000198952057267 0.004896858543799592
0.21024819028507408 1.0025742404314861 0.005103566138299384
0.210589166342697 1.005909349751004 0.00427078623891099
0.210896401592528 1.0015709958140204 0.004550372517330823
0.21090488830122922 0.9954138484151989 0.004319451211837508
0.21127751056669797 1.0006090370717737 0.00489646349637834
0.21163710765113136 1.0030027013360137 0.005100403446230796
0.2119780718348469 1.0013842468986085 0.0042726074319912495
0.21228530103017032 0.9995258605942307 0.00454769957397515
0.2122938135835284 0.9991062242243722 0.004317408779074728
0.21266643095955362 0.9930775534366847 0.004891158282162642
0.2130260250162805 0.9998990683756275 0.005097715175997554
0.21336697732654136 0.9980166006602578 0.004265712906425292
0.21367420046826804 1.003768239769944 0.004553098317356264
0.21368273863299692 1.0014822458104837 0.004322031701851545
0.21405535135149842 0.9918058036766424 0.004891611767262012
0.21441494238324593 1.003695942471537 0.005098211706888478
0.21475588235302995 1.0050680016874598 0.004269505956667933
0.21506309990727393 0.9978189058079083 0.004546373757052127
0.21507166391484134 0.9964008832082593 0.004320512138339141
0.21544427174480948 1.0023869978921724 0.0048942635637552155
0.21580385974930322 1.0084324310296722 0.005098947074419325
0.216144787844269 1.002277860820908 0.004268471501114557
0.21645199934537435 0.9970112158772148 0.004548525405704251
0.21646058919668576 1.0032659302044433 0.0043228462037248755
0.21683319213812058 0.9950470440789204 0.004890658688219651
0.21719277734773573 1.0056009646494506 0.005096794097091926
0.21753369286984672 1.0081061406714262 0.0042714567827887
0.21784089831735534 0.9976933287705648 0.004542723131954041
0.21784951424660903 1.0024707261153303 0.004318795529373465
0.21822211253006538 0.9976495110883884 0.004893102181063393
0.2185816947133403 0.9999375684934921 0.005093170462390778
0.21892259836199662 1.0009023766558867 0.004266209039826443
0.21922979775499765 0.9966780147779875 0.004536869749878333
0.21923843952936295 0.9977771725487073 0.0043155667978569965
0.21961103292292103 1.0019843480854442 0.00489460165974813
0.21997061207939758 0.9912084402110376 0.005089883709150868
0.22031150385369108 0.9976473130127846 0.00426684982386523
0.22061869719309538 0.9983186281934378 0.004545077824841073
0.22062736457792198 1.0010907549289392 0.00432549596970729
0.22099995331577668 0.9942999554311693 0.004889857658474534
0.2213595294459076 1.0007919921820205 0.005093472106558602
0.2217004088792688 0.998102584132291 0.0042687288510863996
0.2220075966316485 0.999490275775222 0.004542443115068878
0.22201628986022115 1.0020636405467536 0.004325415865026871
0.22238887370863233 1.005257025681399 0.004889198967031689
0.22274844681151215 1.0063922004671078 0.005092371592005573
0.22308931437051055 1.0025380830427355 0.0042714744165468985
0.22339649606929082 1.0011072914834316 0.004537931944904768
0.22340521514252032 0.9976629727223149 0.004315105236636784
0.22377779410057985 0.9970106865759844 0.004893334635805103
0.22413736417756944 0.9963910441028831 0.0050858043220948276
0.22447821986265773 1.0010882499781188 0.004268986714068687
0.22478539550738855 0.9997265480512368 0.004539994750650653
0.2247941401915341 1.0000204313272496 0.00432027160879291
0.22516671449388956 0.9987474671708133 0.004892232839379184
0.22552628154362672 0.9950873622087799 0.005081793162584835
0.22586712488914634 0.9960438277877305 0.004269482921437042
0.22617429494548627 0.9994345480338863 0.004541157672434146
0.22618306547337852 0.9962820511850504 0.004321291521418997
0.2265556348871993 1.0130430167918756 0.00489555773445287
0.226915198909684 1.0016753002630407 0.005083659055322092
0.2272560303808408 0.9930893312411656 0.004271914148288137
0.227563194383584 1.0017078757674502 0.004539099678936876
0.22757199052284705 1.0026509392609324 0.0043222060181354795
0.2279445552791468 0.9991699895932394 0.00489222654109262
0.2283041162757413 1.011039672715182 0.00508936120062349
0.22864493540641853 1.0010103584853016 0.004264498182740337
0.22895209382213713 0.9974191434287162 0.004540508137856952
0.2289609158060557 0.9974334530635597 0.0043220391161007355
0.22933347567200246 0.9974130320783201 0.0048865458076580905
0.22969303364088772 1.0083555927603218 0.005085552170340765
0.23003384089765758 0.9973094110718169 0.004264123186894387
0.23034099325977944 0.9983018296643745 0.00453419596228008
0.23034984108744538 1.0026100344703188 0.004318591408950137
0.23072239606485812 0.9935117629340063 0.004887881249321227
0.23108195100740045 0.9966921856655312 0.005077192238349939
0.23142274592369344 0.9998790300840331 0.004265700467992772
0.23172989269742175 1.0011588965075733 0.004539685619208
0.2317387661369139 0.9975954098203524 0.004321193655403755
0.23211131645771377 1.0078434496656834 0.004895056312731867
0.23247086837391315 1.0062979118582038 0.0050844379902807895
0.23281165141629606 0.9985133064035402 0.004266336123517441
0.2331187916703136 0.9926534792529893 0.004528744512063109
0.23312769141921308 0.9982316465680372 0.004321736682642648