-0.14971388 0.999306058 0.001381583
-0.149361387 0.999112566 0.001380226
-0.149327683 0.999875005 0.001453221
-0.149078868 0.999376484 0.001381274
-0.148324967 1.000396796 0.001381969
-0.148121752 0.999723113 0.001384245
-0.147972502 0.999831732 0.001381061
-0.147938755 0.999806782 0.001452688
-0.146936053 1.001211087 0.001383147
-0.14673283 0.999600314 0.001383031
-0.146583618 0.997458243 0.001380266
-0.146549826 0.998321188 0.001451987
-0.145547139 1.000774563 0.001381391
-0.145343907 0.999586422 0.00138288
-0.145194734 1.002010003 0.001382145
-0.145160898 1.000080526 0.001452969
-0.144158226 0.999370348 0.001381654
-0.143954985 1.001694667 0.00138113
-0.14380585 1.000435194 0.001380856
-0.14377197 1.001559639 0.001452604
-0.142769312 1.000480513 0.001381425
-0.142416966 1.001794066 0.001382784
-0.142383041 1.00219745 0.00145434
-0.141380399 1.001261796 0.001382502
-0.14117714 0.999917767 0.001380655
-0.141028082 0.998902952 0.001381288
-0.140994113 1.001594442 0.00145399
-0.139991485 0.999454316 0.001381262
-0.139788217 0.996352659 0.00138565
-0.139639197 1.001704576 0.001382084
-0.139605185 0.999696345 0.001452846
-0.138602571 1.000509878 0.001381941
-0.138399295 0.998087697 0.001379592
-0.138250313 1.000172397 0.001381314
-0.138216256 0.998663854 0.001452799
-0.13796772 1.001109464 0.001382376
-0.137213658 0.99883946 0.00138116
-0.137010372 0.999412996 0.001384146
-0.136861429 0.997875042 0.001379766
-0.136827328 1.001397353 0.001453591
-0.136578827 1.000713074 0.001382308
-0.135824744 1.000049474 0.001381523
-0.13562145 0.998142577 0.001382695
-0.135472545 1.002446958 0.001382557
-0.1354384 0.999862723 0.001452238
-0.135189934 1.001004856 0.00138169
-0.134435831 0.997513143 0.001380595
-0.134083661 0.999387022 0.001380814
-0.134049471 0.999166495 0.001452566
-0.13380104 0.999886099 0.001381371
-0.133046917 1.000900151 0.001381812
-0.132843605 1.001414899 0.001383508
-0.132694777 0.998209549 0.001380847
-0.132660543 0.999889699 0.001452959
-0.132412146 0.997647273 0.001380868
-0.131658004 1.000061339 0.001382013
-0.131454683 1.001233378 0.001382086
-0.131305893 0.999387593 0.001381054
-0.131271615 0.996905459 0.001452493
-0.131023253 0.999025466 0.001381256
-0.13026909 1.000524751 0.001381413
-0.13006576 1.001215243 0.001384097
-0.129917009 1.000131038 0.001381253
-0.129882687 0.998749267 0.001452704
-0.12963436 1.000735592 0.001380354
-0.128880176 1.000007153 0.00138145
-0.128528125 1.000147746 0.001381067
-0.128493758 0.998509343 0.001452067
-0.128245466 0.999734072 0.001380909
-0.127491263 0.998180155 0.001380843
-0.127287915 0.999029243 0.001383503
-0.127139241 1.002578878 0.001381296
-0.12710483 1.00008535 0.001453316
-0.126856573 0.99952152 0.001381343
-0.126102349 0.999344286 0.001381804
-0.125898993 0.999484214 0.001382668
-0.125750357 1.000928845 0.001382364
-0.125715902 0.99991489 0.001453032
-0.125467679 1.000636822 0.001381661
-0.124713436 1.001066846 0.001382727
-0.12451007 0.998195181 0.001382749
-0.124361473 0.999782498 0.001381167
-0.124326974 0.999249894 0.001453187
-0.124078786 1.001319276 0.001382557
-0.123324522 1.000298946 0.001382206
-0.123121148 1.002513001 0.001384093
-0.122972589 0.999470058 0.00138137
-0.122938045 1.002776214 0.001454747
-0.122689893 1.001739019 0.001382256
-0.121935608 0.999218986 0.001381237
-0.121732225 1.000800135 0.001382151
-0.121583705 0.999821045 0.001380999
-0.121549117 1.000702459 0.001453479
-0.121300999 0.996916387 0.001381629
-0.120546695 1.000669125 0.001382382
-0.120343303 1.00072965 0.0013842
-0.120194821 0.999491479 0.001380422
-0.120160189 1.00596548 0.001455207
-0.119912106 0.998317277 0.001381211
-0.119157782 1.003251796 0.001383624
-0.118954381 1.001787052 0.001385307
-0.118805937 0.997570647 0.001380266
-0.11877126 1.001736603 0.001453923
-0.118523212 1.001147352 0.001382405
-0.117768868 1.001557435 0.001383278
-0.117565458 1.000356501 0.001383964
-0.117417053 1.002587368 0.001382046
-0.117382332 1.002316666 0.001455465
-0.117134319 0.99631638 0.001380996
-0.116379954 0.999650387 0.001382317
-0.116176536 0.999851772 0.00138384
-0.116028169 0.999214122 0.001381299
-0.115993404 1.000574114 0.001453731
-0.115745426 0.999047209 0.001381801
-0.114991041 0.999115506 0.001381831
-0.114787614 0.997009241 0.001382479
-0.114639284 1.000613607 0.001382036
-0.114604475 1.00066732 0.001454192
-0.114356532 0.998197895 0.001380774
-0.113602127 0.999404913 0.001381426
-0.113398691 0.997911617 0.001381762
-0.113250401 0.998426386 0.001380838
-0.113215547 0.997058703 0.001452189
-0.112967639 1.001318442 0.001381881
-0.112213214 0.999132138 0.001381265
-0.112009769 1.005871333 0.001386301
-0.111861517 0.997425201 0.001380128
-0.111826619 1.001441527 0.001455034
-0.111578745 1.000186102 0.001382042
-0.1108243 1.000475091 0.001381915
-0.110620846 1.001730503 0.001384724
-0.110472633 1.001438344 0.001381901
-0.11043769 0.99958204 0.001454139
-0.110189852 1.000311203 0.001382122
-0.109435387 1.000704053 0.001382393
-0.109231924 1.002995019 0.001384042
-0.109083749 0.998456568 0.0013806
-0.109048762 0.999857918 0.001453921
-0.108800959 1.001690408 0.001382163
-0.108046473 1.001886951 0.001383604
-0.107843001 0.999829183 0.001382236
-0.107694865 0.999223836 0.001381308
-0.107659834 1.002167878 0.001454646
-0.107412065 0.998461083 0.001381008
-0.10665756 0.998619615 0.001380945
-0.106454079 0.99949006 0.001383511
-0.10630598 1.00015515 0.001381381
-0.106270906 1.001771794 0.001454701
-0.106023172 0.997134539 0.001380662
-0.105268646 1.000382218 0.001382068
-0.105065156 1.000107317 0.001382989
-0.104917097 1.000824744 0.001381933
-0.104881977 1.000537379 0.001455402
-0.104634278 0.998722782 0.00138098
-0.103879733 0.999594773 0.001380965
-0.103676234 1.000355513 0.001382934
-0.103528213 1.000350403 0.001382973
-0.103493049 1.000696618 0.001455568
-0.103245385 1.001953239 0.001382804
-0.102490819 1.000752036 0.001382669
-0.102287312 1.000818749 0.001382478
-0.102139329 1.000713936 0.001380888
-0.102104121 1.003539918 0.001455948
-0.101856492 1.000409496 0.001381899
-0.101101906 0.999324921 0.001382277
-0.10089839 0.999705664 0.001383122
-0.100750445 1.000439857 0.001381747
-0.100715193 0.999734136 0.001454783
-0.100467598 0.995800727 0.001379425
-0.099712992 1.000220257 0.001381864
-0.099509467 1.000452557 0.001383224
-0.099361561 1.001668253 0.001382023
-0.099326264 0.99989386 0.001454984
-0.099078705 0.999659845 0.001382311
-0.098324079 0.998978472 0.00138122
-0.098120545 0.999635861 0.00138221
-0.097972677 0.997205919 0.001380237
-0.097937336 0.999883721 0.001454926
-0.097689811 0.998914662 0.001380632
-0.096935165 1.002737446 0.001382736
-0.096731622 0.999483666 0.001383297
-0.096583793 1.000787529 0.001381204
-0.096548408 0.998360747 0.001454801
-0.096300918 0.99875775 0.001381865
-0.095546252 1.000602234 0.001381426
-0.095194909 1.000789383 0.001382403
-0.095159479 1.000840511 0.001455443
-0.094912025 0.999021891 0.001381653
-0.094157338 0.999206123 0.001381567
-0.093953777 0.999310312 0.001382458
-0.093806025 1.001454112 0.001381072
-0.093770551 0.999589153 0.00145566
-0.093523131 1.001075866 0.001382605
-0.092768425 1.000573441 0.001383007
-0.092417141 0.997398194 0.001380159
-0.092381623 0.999243355 0.001453955
-0.092134238 1.000969947 0.001381802
-0.091379511 0.997221912 0.001381139
-0.091175933 0.999692092 0.001382989
-0.091028257 0.999159938 0.001380833
-0.090992694 0.999604272 0.001454896
-0.090745344 0.998101031 0.001381134
-0.089990598 1.00019224 0.001381413
-0.089787011 0.998600693 0.001383141
-0.089639373 0.998032166 0.00138037
-0.089603766 0.997373814 0.001454554
-0.089356452 1.000056951 0.001381615
-0.088601684 0.997307636 0.001380459
-0.088398088 0.997702948 0.00138238
-0.088250489 0.999313834 0.00138073
-0.088214838 0.998538163 0.0014556
-0.087967558 0.999979388 0.001380886
-0.087212771 0.998932343 0.001381477
-0.087009166 1.002832867 0.001384272
-0.086861605 0.998956601 0.00138072
-0.08682591 0.998882845 0.001454975
-0.086578665 0.997712028 0.001380481
-0.085823858 1.000364986 0.001381814
-0.085472721 1.000166083 0.001380924
-0.085436982 0.999447467 0.001454872
-0.085189771 0.999048699 0.001380198
-0.084434944 1.00023927 0.001382781
-0.084231321 1.000892969 0.001384097
-0.084083837 1.0016578 0.001382478
-0.084048053 1.000391303 0.001455089
-0.083800878 0.997923686 0.001380848
-0.08304603 0.998889964 0.001380842
-0.082842399 1.001991981 0.001383198
-0.082694953 1.001902972 0.001382824
-0.082659125 1.000800408 0.001456862
-0.082411985 0.997885798 0.001380779
-0.081657117 1.002008994 0.001382305
-0.081453477 0.999063604 0.00138326
-0.081306069 1.000920968 0.001381474
-0.081270197 1.000361812 0.001455834
-0.081023091 1.001151999 0.00138202
-0.080268203 1.00033965 0.001382585
-0.080064554 0.99987387 0.001382356
-0.079917186 1.001014493 0.001381565
-0.079881268 1.001239785 0.001455928
-0.079634198 1.000618117 0.001382095
-0.07887929 1.000131437 0.001382205
-0.078675632 0.998611338 0.001382421
-0.078528302 0.999858797 0.001381336
-0.07849234 0.999027593 0.001455407
-0.078245305 0.999718345 0.001381791
-0.077490377 0.999705593 0.001380796
-0.077286709 1.001490564 0.001384993
-0.077139418 0.999630339 0.001380567
-0.077103412 0.999841447 0.001455864
-0.076856411 1.000062074 0.001381382
-0.076101463 0.999511568 0.001381918
-0.075897787 0.998318548 0.001382676
-0.075750534 1.002694957 0.001381553
-0.075714483 1.000601389 0.001457271
-0.075467518 1.000104131 0.00138177
-0.07471255 0.997481426 0.001380479
-0.074508865 1.002613506 0.001383127
-0.07436165 0.998991978 0.001380628
-0.074325555 0.998618999 0.001455328
-0.074078625 1.000029071 0.001381064
-0.073323636 0.999568972 0.001381874
-0.073119942 0.999832159 0.001384079
-0.072972766 0.999259643 0.001381251
-0.072936627 0.999595949 0.001456938
-0.072689731 1.003077834 0.001383469
-0.071934723 1.000072484 0.001380956
-0.07173102 0.995171452 0.001379994
-0.071583882 0.99941314 0.001382303
-0.071547699 1.001251564 0.001456174
-0.071300838 0.999792095 0.001380979
-0.07054581 1.000421489 0.001381466
-0.070342098 1.000051853 0.001382452
-0.070194999 0.998469602 0.001381368
-0.070158771 0.999799156 0.001456136
-0.069911945 1.000433087 0.001381519
-0.069156896 0.999417629 0.001381775
-0.068953175 1.000478949 0.001380925
-0.068806114 1.000298598 0.001381949
-0.068769842 1.00015386 0.001457103
-0.068523052 1.000414739 0.001381555
-0.067767983 1.000634527 0.001382964
-0.067564253 0.999440601 0.00138199
-0.067417231 0.99937015 0.001381361
-0.067380914 0.99968693 0.001456987
-0.067134158 0.997267622 0.001380274
-0.066379069 0.998473561 0.001380288
-0.066175331 1.003387323 0.001385449
-0.066028347 1.000315435 0.001380922
-0.065991986 0.998880526 0.001456544
-0.065745265 1.000522206 0.001382334
-0.064990156 1.002111308 0.00138175
-0.064786408 0.999681931 0.001383243
-0.064639463 0.999423437 0.001380907
-0.064603057 0.998217609 0.001455886
-0.064356371 0.999285258 0.001381063
-0.063601243 0.999899501 0.001380932
-0.063397486 0.999899164 0.001382558
-0.063250579 1.002320543 0.001383155
-0.063214129 1.001130983 0.001458139
-0.062967478 1.000252703 0.001381236
-0.06221233 1.001759975 0.001382397
-0.062008564 0.997349589 0.001381071
-0.061861695 0.999907067 0.001381274
-0.061825201 1.001959808 0.001457738
-0.061578585 1.000020612 0.001381848
-0.060823416 1.000670346 0.001382076
-0.060619642 0.998651283 0.001381446
-0.060472811 0.999460484 0.001381496
-0.060436273 0.999480574 0.001457185
-0.060189692 0.998730645 0.001380942
-0.059434503 0.999370733 0.001381139
-0.059230719 1.001398342 0.001383781
-0.059083927 1.000805277 0.001381208
-0.059047345 0.998744781 0.001457003
-0.058800798 0.999471767 0.001380667
-0.058045589 0.997979277 0.00138022
-0.057841797 0.999800089 0.00138355
-0.057695044 0.999040593 0.001381449
-0.057658416 1.000459076 0.001457175
-0.057411905 0.999525788 0.00138075
-0.056656676 0.998527794 0.001380512
-0.056452875 0.999279643 0.001382283
-0.05630616 0.998785586 0.001380766
-0.056269488 0.997584713 0.001456869
-0.056023012 1.00021891 0.001380855
-0.055267762 1.000321306 0.00138197
-0.055063952 0.999697316 0.001382507
-0.054917276 1.000688028 0.001381773
-0.05488056 0.999697204 0.001457004
-0.054634119 1.00163443 0.001381723
-0.053878849 1.000409648 0.001381301
-0.05367503 1.000980882 0.001381896
-0.053528392 1.000458265 0.001381871
-0.053491632 0.999732219 0.001457489
-0.053245225 1.002212481 0.001382473
-0.052489936 1.000147625 0.001382426
-0.052286108 1.000636117 0.001383794
-0.052139508 0.999887453 0.001380476
-0.052102703 0.998253964 0.001456693
-0.051856332 0.998893485 0.001381047
-0.051101023 0.999591272 0.001381538
-0.050897185 1.000962851 0.001382499
-0.050750625 0.997840891 0.001380341
-0.050713775 1.002665285 0.001458488
-0.050467439 0.998754303 0.001381094
-0.049712109 1.000129875 0.001381335
-0.049508263 1.002935558 0.001383579
-0.049361741 0.999093989 0.001380542
-0.049324847 1.001669553 0.001457664
-0.049078545 0.999017312 0.001381052
-0.048323196 0.999780893 0.001381806
-0.048119341 1.0007279 0.001383147
-0.047972857 0.997844609 0.001379446
-0.047935918 0.99944769 0.001457333
-0.047689652 0.9994242 0.001380951
-0.046934282 0.999949345 0.001381122
-0.046730418 0.999280535 0.001384082
-0.046583973 0.997904811 0.001380173
-0.04654699 0.998804737 0.001456692
-0.046300759 1.000493221 0.001382038
-0.045545369 1.00016363 0.001381239
-0.045341496 0.999949336 0.001383394
-0.045195089 0.999052972 0.001380563
-0.045158062 0.998164451 0.001456279
-0.044911866 1.00101338 0.001382085
-0.044156456 0.999074724 0.001380728
-0.043952574 0.998400005 0.00138264
-0.043806206 1.000166927 0.001381775
-0.043769134 0.996836751 0.001456913
-0.043522972 0.998755475 0.001381383
-0.042767543 1.000198928 0.001381619
-0.042563652 0.998548971 0.001382507
-0.042417322 0.999457057 0.001380985
-0.042380206 0.998546476 0.00145656
-0.042134079 0.997186788 0.001380376
-0.041378629 0.998427508 0.001380778
-0.041174729 1.001568621 0.001384239
-0.041028438 0.998096317 0.001381126
-0.040991277 0.999130257 0.001457341
-0.040745186 0.997259089 0.001380925
-0.039989716 0.997723126 0.001379858
-0.039785807 0.996015433 0.001380772
-0.039639554 0.997906495 0.001380327
-0.039602349 0.997549141 0.001457249
-0.039356293 1.00179898 0.001381904
-0.038600802 0.997326781 0.001379933
-0.038396885 0.998587834 0.001381006
-0.03825067 0.998798771 0.00138065
-0.038213421 0.99785087 0.001456067
-0.0379674 0.99894237 0.001380789
-0.037211889 0.997124924 0.001380175
-0.037007963 0.999543221 0.001382459
-0.036861787 0.998241883 0.001380211
-0.036824493 0.998925224 0.001457771
-0.036578506 0.999137298 0.0013805
-0.035822976 0.996613134 0.001381655
-0.03561904 0.997013155 0.001379195
-0.035472903 0.997899626 0.001380418
-0.035435565 0.996820342 0.001456477
-0.035189613 0.999206874 0.001382539
-0.034434063 0.99907045 0.001381083
-0.034230118 0.999329365 0.001382843
-0.034084019 0.99770921 0.001379687
-0.034046636 0.996945336 0.00145671
-0.03380072 0.999890183 0.001381662
-0.033045149 0.99904513 0.00138105
-0.032841196 0.997254831 0.001381252
-0.032695135 1.001022598 0.001381493
-0.032657708 0.998490505 0.001457526
-0.032411827 0.99900219 0.001381312
-0.031656236 0.997109923 0.001380778
-0.031452274 0.998986964 0.001383341
-0.031306252 0.997465355 0.001379389
-0.03126878 1.000497741 0.00145739
-0.031022933 0.997332664 0.001381038
-0.030267323 0.998044617 0.001380323
-0.030063351 1.002008886 0.001384105
-0.029917368 0.999853199 0.001381099
-0.029879852 0.996793386 0.001456958
-0.02963404 0.99952886 0.001380624
-0.028878409 0.99732268 0.001380346
-0.028674429 0.997333203 0.00138135
-0.028528484 0.999149552 0.001380666
-0.028490923 0.999431984 0.001457292
-0.028245147 0.998233664 0.001380755
-0.027489496 0.997013845 0.00137969
-0.027285507 0.998914804 0.001382107
-0.0271396 0.998563726 0.001380251
-0.027101995 0.998654323 0.001458175
-0.026856253 0.998460712 0.001381226
-0.026100583 0.996622525 0.001380418
-0.025896585 0.996266855 0.001381986
-0.025750716 1.000309229 0.001380939
-0.025713067 0.997030274 0.001456684
-0.025467361 0.998810324 0.001380748
-0.02471167 0.996979436 0.001379754
-0.024361833 0.999013221 0.001380219
-0.024324138 0.999445241 0.001458531
-0.024078467 0.997598392 0.001380391
-0.023322756 0.997287232 0.001379763
-0.02311874 0.996243756 0.001378745
-0.022972949 0.996455618 0.001379803
-0.022935211 0.997749091 0.001456166
-0.022689574 0.99779261 0.001380529
-0.021933843 0.998055498 0.001380468
-0.021729818 0.997178765 0.001381085
-0.021584065 0.998731227 0.001380581
-0.021546282 0.999685422 0.00145792
-0.021300681 0.998968354 0.001381318
-0.02054493 0.997206691 0.001380521
-0.020195182 0.998124339 0.001380956
-0.020157354 0.998371484 0.001457268
-0.019911787 0.998638302 0.001380308
-0.019156016 0.996654698 0.001379663
-0.018951974 1.001465496 0.001383264
-0.018806298 0.997541925 0.001379866
-0.018768426 0.997342716 0.001456436
-0.018522894 0.999976914 0.001381874
-0.017767103 0.997720118 0.001380802
-0.017563051 0.998996683 0.001382669
-0.017417414 1.000237747 0.001381117
-0.017379498 0.998101096 0.001457554
-0.017134001 0.997765467 0.001380751
-0.01637819 0.998946685 0.001380762
-0.016174129 0.999298568 0.001382031
-0.016028531 1.000135423 0.001381935
-0.015990569 0.998753316 0.001456802
-0.015745108 0.996579455 0.001379778
-0.014989277 0.997063909 0.001379688
-0.014785207 1.001000434 0.001382366
-0.014639647 0.998342274 0.001380546
-0.014601641 0.999595731 0.001457118
-0.014356215 0.999025604 0.001381539
-0.013600364 0.998156073 0.001381227
-0.013396285 0.995494295 0.001380795
-0.013250763 0.998272304 0.001379831
-0.013212713 0.998511067 0.001457023
-0.012967322 0.997785419 0.001380558
-0.01221145 0.998495084 0.001381198
-0.012007363 0.996581151 0.001382165
-0.011861879 1.002387598 0.001381896
-0.011823784 0.997113437 0.001456552
-0.011578428 0.997805835 0.001380777
-0.010822537 0.998119212 0.001381629
-0.01061844 1.001386135 0.001384679
-0.010472996 0.999505724 0.001380762
-0.010434857 0.996686144 0.00145556
-0.010189536 0.998796211 0.001381024
-0.009433624 0.997937037 0.001380533
-0.009229518 1.000078209 0.001381062
-0.009084112 0.996702284 0.001379734
-0.009045928 0.999042394 0.00145711
-0.008800642 0.998972039 0.00138152
-0.00804471 0.995543734 0.001379993
-0.007695228 0.997094141 0.001379335
-0.007657 0.998366136 0.001457031
-0.007411749 0.999700071 0.001381111
-0.006655797 0.99749736 0.001380336
-0.006451674 0.999718525 0.001382953
-0.006306345 0.997946386 0.001380846
-0.006268072 0.996052172 0.001455315
-0.006022856 0.99972938 0.001381319
-0.005266884 0.995827767 0.001379069
-0.005062751 0.998075321 0.001383445
-0.004917461 0.997151337 0.001379755
-0.004879144 0.997572055 0.001454887
-0.004633962 0.999088731 0.001380389
-0.003877971 0.99929251 0.001380502
-0.003673829 0.998920526 0.001381983
-0.003528578 0.997560319 0.001379884
-0.003490215 0.998999259 0.001456144
-0.003245069 0.99695953 0.001379755
-0.002489058 0.997546342 0.001381766
-0.002284907 0.998428202 0.001383234
-0.002139693 1.000569883 0.001381291
-0.002101287 0.995996805 0.00145548
-0.001856176 0.997861571 0.001381371
-0.001100144 0.998909385 0.001380504
-0.000895985 0.998765606 0.001382777
-0.00075081 0.996433246 0.001379013
-0.000712359 0.995234016 0.001454604
-0.000467283 1.000816151 0.00138183
0.000288769 0.996417212 0.001379117
0.000492937 0.998702479 0.001379997
0.000638074 0.999003063 0.001380722
0.000676569 0.997127155 0.001456077
0.00092161 0.998739118 0.001380491
0.001677682 0.999211142 0.001380562
0.001881859 0.999523251 0.001380752
0.002026957 0.998518902 0.001380728
0.002065497 0.999835126 0.001457013
0.002310503 0.99786651 0.001379657
0.003066595 0.998149101 0.001379521
0.003270782 1.00257201 0.001382883
0.003415841 1.00052167 0.001381867
0.003454426 0.999567733 0.001456469
0.003699397 0.996000857 0.001379758
0.004455509 0.996660965 0.001379861
0.004659704 1.00023489 0.001384096
0.004804725 0.998060146 0.001381621
0.004843354 0.99663696 0.001455036
0.00508829 0.998798484 0.001382415
0.005844421 0.999424523 0.001381294
0.006048626 0.998736675 0.001382175
0.006193608 0.998674363 0.001381246
0.006232282 1.0004417 0.001456513
0.006477183 0.999081234 0.001380684
0.007233335 1.000342051 0.00138176
0.007437548 0.997102406 0.001381397
0.007582492 0.997371025 0.001379375
0.00762121 1.00016703 0.001456581
0.007866076 0.997364233 0.001380399
0.008622248 0.999175258 0.001381517
0.00882647 0.996857695 0.001380567
0.008971375 0.997733149 0.001380398
0.009010138 0.997247252 0.001456065
0.009254969 0.99777099 0.001380388
0.010011161 0.995908735 0.001379646
0.010215393 1.000458181 0.001383656
0.010360259 1.001222008 0.001381058
0.010399066 0.997880526 0.001455426
0.010643862 0.998025969 0.001381318
0.011400074 0.999413595 0.001381016
0.011604314 0.997226726 0.001382013
0.011749143 0.998558192 0.001381094
0.011787995 0.997901168 0.001455878
0.012032755 0.998633211 0.001381686
0.012788988 0.997113052 0.001379587
0.012993237 0.998611976 0.00138186
0.013138026 0.997088655 0.001379611
0.013176923 0.998054788 0.001455737
0.013421648 0.998682003 0.001381108
0.014177901 0.997513539 0.001379738
0.014382159 0.998923756 0.001381756
0.01452691 0.997826584 0.001379455
0.014565851 0.999587526 0.001457144
0.014810541 1.000481276 0.001381985
0.015566814 0.999173523 0.001380969
0.015771081 0.998072971 0.001381487
0.015915794 0.998095005 0.001380403
0.015954779 0.99705745 0.001455915
0.016199435 0.998949672 0.001381514
0.016955727 0.996475825 0.001380089
0.017160003 0.999175567 0.001382178
0.017304677 0.998672806 0.001381119
0.017343707 0.999026313 0.001455942
0.017588328 0.999036846 0.001382
0.01834464 0.997552804 0.001380035
0.018548925 0.997139092 0.001380602
0.018693561 0.998369608 0.001380891
0.018732636 0.998314482 0.001455513
0.018977221 0.996298029 0.001380325
0.019733553 0.998513927 0.001380716
0.020082444 0.997924553 0.001380187
0.020121564 0.998641594 0.001455347
0.020366114 0.999173236 0.001381794
0.021122466 0.995940934 0.001379013
0.02132677 0.996537392 0.001381902
0.021471328 0.996621365 0.001380453
0.021510492 0.998018002 0.001454928
0.021755007 0.997412308 0.001380667
0.02251138 0.998206698 0.001380786
0.022715692 0.995668905 0.001380369
0.022860212 1.000277378 0.001380998
0.02289942 0.997739809 0.001454661
0.0231439 1.000833716 0.001382263
0.023900293 0.997521649 0.001380415
0.024104614 0.999752473 0.001381436
0.024249095 0.997302748 0.001379914
0.024288349 0.99725616 0.001455225
0.024532793 0.99728883 0.001380719
0.025289206 0.9976539 0.00137973
0.025637979 0.998156262 0.001380606
0.025677276 0.999395847 0.001456066
0.025921686 0.997154468 0.001381266
0.026678119 0.9945646 0.00137886
0.026882458 0.996900726 0.001382552
0.027026863 0.997681731 0.001379807
0.027066205 1.000916418 0.001454625
0.02731058 0.998814983 0.001381827
0.028067032 0.997110943 0.001380585
0.02827138 0.997275736 0.00138068
0.028415746 1.001280178 0.001381819
0.028455133 1.001160745 0.001456507
0.028699473 0.998824861 0.001382302
0.029455945 0.997142129 0.001379812
0.029804629 0.999155639 0.001380463
0.029844061 0.996780719 0.001453517
0.030088366 0.998756783 0.001380731
0.030844858 1.000655348 0.001380484
0.031049225 0.998464968 0.001380321
0.031193513 0.997865956 0.001380602
0.031232989 0.996963276 0.00145363
0.031477259 0.999289532 0.001381735
0.032233771 1.000401738 0.001380777
0.032438147 0.999185328 0.001382095
0.032582397 0.998254383 0.001381357
0.032621918 0.998750306 0.001454534
0.032866152 0.999508969 0.00138144
0.033622684 0.996358583 0.001379763
0.033827069 0.999182689 0.001381614
0.03397128 1.000894778 0.001381678
0.034010845 0.998592036 0.001454486
0.034255045 1.000176907 0.001381034
0.035011598 0.99744069 0.001380426
0.035215991 0.998469265 0.001381792
0.035360164 0.998986175 0.001380872
0.035399774 1.001022375 0.001455373
0.035643938 0.997587221 0.001381115
0.036400511 0.998423274 0.001380501
0.036604913 0.997724733 0.001382009
0.036749047 0.997869392 0.001380762
0.036788702 1.001075623 0.001455576
0.037032831 0.998775001 0.001381523
0.037789424 0.998108181 0.001380448
0.037993835 0.998712197 0.001380758
0.038137931 0.999785695 0.001381499
0.03817763 0.996943944 0.001453305
0.038421724 1.000217837 0.0013821
0.039178337 0.997849641 0.001380541
0.039382757 0.998655207 0.001382013
0.039526814 1.000364964 0.001381614
0.039566558 0.999857531 0.001454701
0.039810617 0.997299029 0.001380517
0.04056725 0.996966677 0.001379539
0.040771679 0.999250957 0.001382433
0.040915698 0.999245858 0.001380144
0.040955487 0.998400126 0.00145297
0.04119951 0.99882365 0.001380966
0.041956163 0.998511638 0.001380767
0.042160601 0.998780261 0.0013824
0.042304581 0.998546172 0.001380513
0.042344414 1.000424295 0.001454106
0.042588404 0.999026823 0.001381775
0.043345076 0.998735166 0.001380583
0.043549524 1.000113554 0.001383098
0.043693465 1.001221674 0.001382083
0.043733343 1.000197915 0.001453355
0.043977297 0.996468369 0.00138105
0.044733989 0.996892909 0.001380907
0.044938445 0.999377484 0.001382342
0.045082348 0.999783717 0.00138128
0.045122271 0.99746132 0.001452593
0.04536619 1.001394699 0.00138238
0.046122902 0.999844051 0.001381278
0.046327368 1.000259646 0.001382002
0.046471232 0.999559961 0.001381441
0.046511199 0.999692886 0.001453395
0.046755083 0.99884147 0.001381876
0.047511815 0.998186585 0.001380458
0.047860115 1.002778148 0.001382026
0.047900127 0.999438931 0.001453369
0.048143976 1.002523032 0.001383342
0.048900729 0.99846922 0.001381032
0.049105212 0.999207826 0.001383033
0.049248999 0.998424615 0.001381515
0.049289056 1.002386191 0.001454258
0.049532869 0.999520885 0.00138181
0.050289642 1.000561972 0.001380897
0.050494134 1.002211024 0.001383806
0.050637882 1.001178981 0.001381836
0.050677983 0.999001034 0.001453051
0.050921762 1.001259048 0.001382416
0.051678554 0.999267822 0.001380865
0.052026766 0.999214094 0.001380415
0.052066912 0.997821754 0.001452692
0.052310655 0.997922575 0.001380991
0.053067467 1.00188777 0.001382234
0.053271978 1.000864746 0.001384366
0.053415649 0.998835958 0.00138077
0.05345584 1.000146393 0.001453112
0.053699548 1.000322031 0.001382299
0.05445638 0.999757101 0.001381347
0.0546609 0.997926052 0.001382984
0.054804533 0.998826864 0.001380335
0.054844768 0.99927765 0.001452494
0.055088441 1.00060844 0.001382604
0.055845294 0.998761495 0.001380935
0.056049822 1.000733961 0.001384899
0.056193416 0.998950549 0.001380595
0.056233696 0.999749294 0.001452797
0.056477334 1.000727117 0.001383224
0.057234207 1.000879941 0.001380992
0.057438744 1.000355338 0.001382429
0.0575823 0.999976122 0.001381704
0.057622625 1.003584295 0.001454016
0.057866227 1.000513658 0.001381632
0.05862312 0.999278419 0.001381439
0.058827666 0.999018252 0.001381583
0.058971183 0.997815104 0.001380178
0.059011552 0.997811537 0.00145165
0.05925512 0.998807356 0.001381574
0.060012033 0.999614547 0.001381022
0.060216589 1.003512519 0.001384902
0.060360066 0.99895561 0.001380445
0.060400481 1.0018517 0.001453169
0.060644013 1.000388473 0.001382558
0.061400946 1.001885306 0.001381996
0.06160551 1.001344698 0.00138432
0.06174895 1.001878515 0.001381756
0.061789409 0.999223405 0.001451507
0.062032906 0.998484644 0.001381206
0.062789859 1.002625309 0.001382632
0.062994433 0.999360845 0.001383189
0.063137834 0.999020326 0.001380734
0.063178337 0.998682445 0.001451008
0.063421799 1.001414475 0.001383572
0.064178772 0.999927301 0.001380665
0.064383354 0.998690344 0.001382304
0.064526717 0.998024446 0.001380168
0.064567265 0.997707902 0.001450683
0.064810692 0.999542345 0.001381857
0.065567685 0.999475307 0.001380613
0.065772277 0.997998031 0.001382925
0.0659156 1.000402971 0.001381324
0.065956193 1.001053109 0.001452134
0.066199585 1.000065804 0.001381435
0.066956598 1.000233242 0.001382082
0.067161198 1.001245413 0.001382292
0.067304484 0.999161846 0.001381021
0.067345121 0.998277127 0.001450799
0.067588478 1.001768691 0.001382489
0.068345511 0.9980438 0.001380138
0.068550121 0.996609829 0.001381393
0.068693367 0.999837515 0.00138225
0.06873405 0.999607938 0.00145146
0.068977371 0.996367965 0.001380143
0.069734424 0.997238282 0.001380743
0.069939043 1.002354711 0.001384304
0.070082251 0.99989677 0.001380345
0.070122978 0.999842984 0.001450916
0.070366264 1.001925151 0.001383049
0.071123337 0.999476334 0.001381705
0.071327965 0.997352619 0.001382621
0.071471134 1.000347101 0.001381018
0.071511906 0.998867175 0.001449517
0.071755157 0.999543037 0.001382013
0.07251225 1.000304063 0.001382908
0.072716887 0.99872771 0.001382959
0.072860018 0.998363326 0.001381633
0.072900834 1.000001432 0.001450539
0.07314405 0.999191639 0.001382009
0.073901163 1.000574286 0.00138232
0.074105809 0.997993859 0.001382292
0.074248901 1.001140451 0.001381087
0.074289762 0.999473464 0.001450718
0.074532943 1.002194337 0.001383165
0.075290076 0.998873278 0.001380569
0.075494731 0.998875744 0.00138241
0.075637784 0.999520625 0.001381498
0.07567869 0.995825556 0.001448559
0.075921836 1.000112999 0.001381609
0.076678989 0.999336053 0.00138114
0.076883653 0.999519904 0.001381523
0.077026668 1.000533728 0.001381254
0.077067618 1.00139396 0.001449894
0.077310729 1.000020382 0.00138175
0.078067902 1.0006878 0.00138123
0.078415551 0.998855283 0.001379719
0.078456547 1.001119778 0.001450553
0.078699622 1.001725933 0.001381947
0.079456814 0.998946883 0.001381423
0.079804435 1.002921226 0.001382686
0.079845474 1.001203185 0.001450836
0.080088515 1.000501802 0.001381973
0.080845728 1.003134672 0.001382773
0.081050419 1.000402265 0.001382196
0.081193318 1.001314628 0.001381683
0.081234403 0.999924771 0.001449589
0.081477409 1.001398591 0.001381902
0.082234641 0.999220371 0.001380955
0.082439341 0.997930748 0.001381627
0.082582202 1.002006385 0.001382075
0.082623331 0.998904548 0.001448644
0.082866301 1.004540863 0.001383822
0.083623554 0.998644031 0.001380886
0.083828263 0.999131703 0.001379343
0.083971085 1.000916163 0.001381107
0.084012259 1.000626836 0.001449667
0.084255194 1.000311562 0.001382355
0.085012467 1.000971111 0.001382564
0.085217185 1.003070087 0.001382966
0.085359968 1.00280593 0.001382962
0.085401187 1.001500487 0.001449561
0.085644087 0.999599288 0.001381082
0.08640138 0.998714622 0.001380653
0.086606107 1.000431467 0.001383794
0.086748851 0.999530856 0.001380533
0.086790115 0.999695379 0.001449089
0.08703298 0.998159393 0.001381118
0.087790293 0.99874846 0.001381022
0.087995029 1.001320025 0.001382598
0.088137735 0.99955192 0.001381265
0.088179043 1.002928157 0.001450083
0.088421873 1.001200678 0.001381998
0.089179206 1.00093861 0.001381848
0.089383951 0.999078604 0.001381147
0.089526618 0.999008741 0.001380312
0.089567971 0.999819469 0.001448834
0.089810766 0.999539888 0.001381298
0.090568118 0.999910942 0.001381296
0.090772873 0.998447197 0.001382931
0.090915502 1.000030727 0.001379802
0.0909569 0.99778726 0.001446912
0.091199659 0.999869613 0.001382244
0.091957031 0.999088486 0.001381506
0.092161795 0.995428362 0.001381369
0.092304385 0.997141757 0.00137997
0.092345828 0.998075887 0.001447601
0.092588552 0.999532806 0.001380812
0.093345944 1.002037418 0.001381631
0.093550717 1.000037664 0.001383086
0.093693269 1.001895445 0.001381796
0.093734756 1.001999772 0.00144872
0.093977445 0.999648595 0.001381892
0.094734857 1.001022418 0.001382004
0.094939639 1.001336354 0.001383442
0.095082152 0.998911685 0.00138057
0.095123684 1.000164784 0.001447608
0.095366338 0.999263349 0.001380972
0.09612377 1.002519446 0.001383442
0.096328561 0.99966323 0.001383469
0.096471035 1.001290749 0.001381138
0.096512612 1.000317817 0.001448256
0.096755231 0.999268062 0.001381233
0.097512683 1.000516677 0.00138264
0.097717483 1.001727773 0.00138363
0.097859919 0.998428959 0.00138056
0.09790154 0.998469676 0.001446937
0.098144124 0.999867712 0.00138188
0.098901596 0.999800409 0.001381637
0.099106405 1.00186353 0.001384136
0.099248802 1.002073696 0.00138181
0.099290468 1.000735037 0.001447924
0.099533017 1.000118939 0.001381894
0.100290509 0.997910948 0.001380721
0.100495327 1.00125173 0.001383243
0.100637685 0.998161676 0.001379918
0.100679396 1.002949471 0.001448087
0.10092191 1.000438806 0.001382178
0.101679422 1.002224165 0.001383705
0.101884249 0.999291418 0.001383364
0.102026568 0.99891802 0.001381235
0.102068324 0.997716767 0.001445519
0.102310803 1.000470981 0.001382681
0.103068335 1.001651687 0.001382444
0.103273171 1.00341526 0.001385336
0.103415452 0.998133638 0.001381033
0.103457253 0.999247171 0.001446403
0.103699696 0.996724907 0.001381262
0.104457248 0.998540384 0.001381471
0.104804335 1.000559157 0.001381475
0.104846181 0.998533115 0.001446349
0.105088589 0.999203205 0.001381669
0.105846161 0.99861841 0.001380813
0.106051015 1.003139813 0.001384658
0.106193218 1.001148085 0.001381912
0.106235109 1.001340167 0.001446542
0.106477482 1.000539139 0.00138118
0.107235073 0.999866395 0.001381899
0.107439937 1.001667344 0.001384455
0.107582102 1.001850672 0.001381319
0.107624037 1.002377555 0.001446386
0.107866375 0.999264051 0.001380595
0.108623986 1.000625763 0.001382444
0.108828859 1.002030515 0.001383851
0.108970985 0.998110247 0.001380651
0.109012965 1.001142336 0.00144633
0.109255268 1.001104721 0.001381903
0.110012899 0.999855422 0.001381897
0.110217781 0.998891775 0.001382264
0.110359868 1.000388106 0.00138065
0.110401893 0.999402994 0.001445545
0.110644161 0.99871188 0.001381883
0.111401812 1.001121038 0.001382126
0.111606703 0.999321096 0.001383094
0.111748751 0.999044321 0.001380095
0.111790821 0.995892603 0.001444104
0.112033053 1.002462659 0.001383019
0.112790725 0.997714862 0.001381194
0.112995625 1.001326342 0.001383518
0.113137635 0.998574832 0.0013801
0.113179749 1.000995752 0.001446053
0.113421946 0.99730485 0.001380599
0.114179638 1.00000942 0.001381551
0.114384547 0.99879684 0.001383367
0.114526518 1.001542351 0.001381962
0.114568677 1.0039103 0.001446569
0.114810839 1.001601639 0.001382091
0.11556855 1.001370159 0.00138365
0.115915401 1.000268007 0.00138132
0.115957606 1.000144928 0.00144381
0.116199732 0.999917416 0.001381327
0.116957463 0.998856932 0.001381681
0.117162391 0.997688913 0.001381614
0.117304285 0.998113798 0.001380629
0.117346533 0.997881071 0.001443272
0.117588625 1.000640532 0.001381922
0.118346376 0.999651509 0.001380732
0.118551313 1.000046484 0.00138291
0.118693168 0.998049413 0.001380304
0.118735462 0.999281315 0.001443626
0.118977518 0.999010425 0.001380975
0.119735289 1.000379973 0.001382337
0.119940234 0.997527291 0.001382063
0.120082051 0.999778587 0.001380854
0.12012439 1.000720897 0.001444132
0.120366411 0.999446761 0.001381714
0.121124202 1.000776525 0.001382323
0.121329157 1.001755306 0.001383239
0.121470934 1.000442292 0.001381453
0.121513318 0.999942481 0.001443265
0.121755303 1.000304713 0.001381293
0.122513115 1.000364594 0.001383273
0.122718078 1.002164127 0.001384583
0.122859818 0.99953378 0.001380302
0.122902246 0.998632175 0.001443282
0.123144196 1.000050765 0.001381003
0.123902028 0.99827892 0.001381272
0.124107 1.000830156 0.001383524
0.124248701 1.000504527 0.001380634
0.124291174 1.002131588 0.001443666
0.124533089 0.999987607 0.001381432
0.125290941 0.997150126 0.001381511
0.125495922 1.000148034 0.001381585
0.125637584 0.998469344 0.001380233
0.125680102 1.001555203 0.00144366
0.125921982 1.002004399 0.001382648
0.126679853 1.000448726 0.001383223
0.126884844 1.002159121 0.001383752
0.127026467 0.998059907 0.001380435
0.12706903 0.997319487 0.001441951
0.127310875 0.998970452 0.001381035
0.128068766 1.004583081 0.001382852
0.128273766 0.999557985 0.001381859
0.128415351 0.999527444 0.001380832
0.128457958 1.001624382 0.001443917
0.128699768 0.998596862 0.001381359
0.129457679 0.999553002 0.001381514
0.129662688 0.999685697 0.001383129
0.129804234 1.002120494 0.001382821
0.129846886 0.996874014 0.001440695
0.130088661 0.997972781 0.00138051
0.130846592 1.000900079 0.001381787
0.13105161 0.998828127 0.00138209
0.131193117 0.998145149 0.001380798
0.131235814 1.00343886 0.00144344
0.131477554 0.999163562 0.001381268
0.132235505 0.999852491 0.001381262
0.132440532 0.999841359 0.001382498
0.132582001 1.000992028 0.001381973
0.132624743 0.997834847 0.001441058
0.132866447 0.998989401 0.001381178
0.133624417 0.999527137 0.001381723
0.133829454 0.996605955 0.001380127
0.133970884 1.000375197 0.001381937
0.13401367 0.998761266 0.001442275
0.13425534 1.000647314 0.001381462
0.13501333 1.0007794 0.001381806
0.135218376 0.995111496 0.001381508
0.135359767 0.999837935 0.001381096
0.135402599 0.997850513 0.001440832
0.135644233 0.998861499 0.001380772
0.136402243 0.998013699 0.001381472
0.136607297 1 0.001383458
0.13674865 1.001286792 0.00138145
0.136791527 1.000472487 0.001441394
0.137033125 1.000341408 0.0013822
0.137791156 1.000314439 0.001381416
0.13799622 1.00070596 0.001382149
0.138137533 1.000978153 0.001381427
0.138180455 0.999242408 0.001440733
0.138422018 1.001864902 0.001382409
0.139180069 0.998698292 0.001380698
0.139385141 1.000920263 0.001382613
0.139526417 1.002576207 0.001382641
0.139569383 0.999339045 0.00144095
0.139810911 0.999389458 0.001381515
0.140568982 0.999516262 0.001381826
0.1409153 1.001410256 0.001381868
0.140958311 1.001571422 0.001441992
0.141199804 1.002229152 0.001382102
0.141957894 0.999019975 0.001381488
0.142162985 0.998204467 0.001382038
0.142304183 1.001805608 0.001382087
0.142347239 0.999030596 0.001439792
0.142588697 1.000243105 0.001382133
0.143346807 1.001757511 0.001382234
0.143693066 1.001847998 0.001382088
0.143736167 0.999604941 0.001440455
0.14397759 0.99920006 0.001381537
0.14473572 1.000878477 0.00138171
0.145081949 1.000350578 0.001381137
0.145125095 1.001507394 0.001440656
0.145366483 1.00137358 0.00138232
0.146124632 1.001867057 0.001382389
0.146470833 1.000679729 0.001381338
0.146514023 1.001802291 0.001440899
0.146755375 0.999518367 0.001382274
0.147513545 1.000939828 0.001382345
0.147859716 1.000215282 0.001381295
0.147902951 0.998848334 0.001439643
0.148144268 1.000930725 0.001382362
0.148902458 1.000252377 0.001382052
0.149107594 0.998168504 0.001380405
0.149248599 0.99986994 0.001380928
0.149291879 0.999037701 0.001440065
0.149533161 1.000324617 0.001382612