-0.25283608818625 1.0000808740786336 0.00032444131488521916
-0.25271048627140635 0.9994653380424104 0.0003303944284210883
-0.25266012899510315 0.999757896896777 0.00033415952954148276
-0.2514472076379018 1.0000080330894698 0.0003244299725844864
-0.2513216068867587 0.9999894307688683 0.00033044751167027477
-0.2512712340117105 1.000357491418948 0.00033421719795372285
-0.2500583270890982 1.0004675790158906 0.0003244849285884008
-0.24993272727109664 0.9996111798205582 0.0003303956186877279
-0.2498823390283178 1.0002671339171738 0.0003341692351771986
-0.2486694467744915 1.0006844157064436 0.0003244540285782173
-0.24854384765498186 1.0002893486613667 0.0003305103430944004
-0.24849344404583462 1.0002448535840163 0.0003341981161916518
-0.24728056622750955 0.9994107236655669 0.00032430345397708223
-0.24715496827033415 1.0000522397846972 0.0003305376406644841
-0.2471045490619872 1.0004253734090789 0.00033429155744299635
-0.2458916859115366 1.0002178233395327 0.0003243497370695174
-0.24576608865330854 1.0003787455233262 0.0003306487271352643
-0.24571565407768503 1.0002621702693069 0.00033423058372046815
-0.24450280536364383 1.0002590652907433 0.0003243514623345607
-0.24437720903673835 1.0003813635904295 0.0003306060308504114
-0.24432675932666825 0.9997824281664128 0.0003341044386876163
-0.24311392504812626 0.9999790390905415 0.00032436095830157437
-0.24298832965254338 1.0000860812967634 0.00033054118682261473
-0.24293786434327558 1.0001644360013913 0.0003342343512771967
-0.24172504449932536 0.9998077314146734 0.0003243077065759006
-0.24159945003551778 1.0003886262576234 0.0003306917667052311
-0.24154896935942816 0.9993004372071805 0.0003340197784218252
-0.24033616418426323 1.0000319591363895 0.000324375119018336
-0.24021057041894758 1.0001889486433206 0.0003306462473838577
-0.24016007437558073 0.9999793112788603 0.000334194370550104
-0.23894728363682588 1.0000149078811977 0.0003243249522807518
-0.23882169103520803 1.0008635412253748 0.00033078169345863274
-0.23877117939309755 1.0007337717002747 0.0003343291727108521
-0.23755840332176376 1.0001992006565623 0.0003243840119602085
-0.23743281141909325 1.0004266400384203 0.0003307418493144935
-0.23738228440970488 0.9998541565567799 0.00033420512389915186
-0.236169522773871 0.9996793257132767 0.0003242260448556403
-0.23604393180252306 0.9993926268612504 0.00033055282076894415
-0.2359933894254027 0.9999353625014593 0.00033420731331832446
-0.23478064245835345 0.9994397111205566 0.00032425093670980737
-0.23465505241787535 1.0002929990568281 0.00033077662498544905
-0.23460449444201004 1.0009163446278684 0.00033433149096315944
-0.23339176191000527 1.0000170361671603 0.00032423485045501393
-0.23326617280084974 0.9995633234634074 0.0003306357335850865
-0.23321559945816261 1.0003151173435791 0.000334206947676957
-0.23200288159403498 1.0003881296473047 0.0003243529035092094
-0.23187729318427955 1.0003812038364968 0.0003308096544474312
-0.23182670447386045 0.9998713249259893 0.0003342032283399462
-0.23061400104614221 0.9994954280633196 0.0003242906295614795
-0.23048841379962917 0.9993955890541334 0.0003307341585504787
-0.23043780972284367 0.9991518308228283 0.0003339993976481732
-0.22922512049824945 0.9992878805878622 0.00032418644614953606
-0.2290995341839698 0.9997632810805973 0.00033083939521646197
-0.2290489147403605 0.9998189565086387 0.0003341915400532746
-0.22783624018318732 0.9993896211152905 0.00032425685633788405
-0.22771065456785503 1.0006705077039688 0.00033082685013010346
-0.2276600197569678 0.9995321222112517 0.0003340565188273306
-0.22644735963529455 1.0000624330002437 0.0003242901592084455
-0.226321774950374 1.0003553177188522 0.00033081733180493776
-0.22627112477357514 0.9999419047904605 0.0003342457501154588
-0.22505847932023243 0.9998939265127226 0.0003241802423129959
-0.22493289556617904 1.0005143364463278 0.00033093979772442437
-0.22488222978972772 0.9997834732937385 0.00033423038796033555
-0.22366959877142883 1.0002938092457923 0.000324306764647495
-0.22354401594960885 1.0006756201209492 0.00033102035464361933
-0.22349333480542555 0.9998699243932124 0.0003342820591871718
-0.2222807184563667 1.0004238621134482 0.000324300253534979
-0.2221551363321305 0.999993150848567 0.0003308496612923909
-0.22210443982157813 0.9998547385418268 0.0003343379799306818
-0.2208918379080185 0.9995529750966445 0.00032416070892962864
-0.2207662567155603 1.0003663860259806 0.0003309287048307536
-0.22071554483818545 0.999746678837536 0.00033430075843842035
-0.21950295759204824 0.9997527056852065 0.00032418819104665353
-0.2193773773327289 1.0001596751639876 0.00033089441945129686
-0.21932664985479278 1.0004100440929065 0.0003343295223323598
-0.2181140770446109 0.9998820432802784 0.0003242158768966764
-0.21798849771570597 1.0003315683330818 0.00033096633263831807
-0.21793775510423075 0.99926260925929 0.00033415119085487664
-0.21672519673045693 1.0005840620227808 0.0003242829111105805
-0.21659961809822495 1.0001247382652891 0.00033098990495935497
-0.21654886012083807 1.0004172262914228 0.0003343660639310237
-0.215336316181656 0.9991876406947914 0.00032411993786558195
-0.21521073848165476 1.0002079408173732 0.0003310410964740375
-0.2151599651374454 0.9998064094853419 0.00033428439645859443
-0.21394743586659387 0.999751376785823 0.000324117763196517
-0.2138218590979152 1.0002737390275498 0.00033112450553036965
-0.21377107015314323 0.9999841239520236 0.0003343464002017302
-0.2125585553182457 1.000207109411133 0.000324240793181106
-0.21243297948043685 1.0008474817394861 0.0003311583222720306
-0.21238217516975055 1.000440517770234 0.00033431211869319413
-0.21116967500272815 0.9997492222196747 0.0003241714468901447
-0.21104409986341124 1.000394368327136 0.0003310582048422422
-0.21099328018590313 1.0004017853212706 0.00033431596705820274
-0.20978079445483538 1.000377093169402 0.0003241807391358438
-0.20965522024684105 1.0000181439592486 0.0003310879179945781
-0.2096043852020557 1.000271491192587 0.0003344142957551833
-0.20839191413977326 0.9996187984378659 0.000324038051158379
-0.2082663408631015 1.0007306445600914 0.0003311957739641791
-0.20821549021957253 1.0003250359670663 0.0003343156594323181
-0.2070030335918805 0.9996291056293608 0.0003240626229059147
-0.20687746124743947 0.999998584870865 0.0003310953363974038
-0.20682659523617986 0.9996138983787324 0.00033418186247045504
-0.20561415327681837 0.9997104615866816 0.00032407013980798163
-0.20548858163041653 1.0002371152011484 0.0003311205967182679
-0.20543770048470833 0.9995419638876891 0.0003342191835508897
-0.2042252727289256 1.0001131463612756 0.0003241095836295491
-0.2040997020129355 1.0004451283293099 0.00033123241075816044
-0.20404880550131566 1.000147679331492 0.00033432691339734384
-0.2028363924129553 1.000108135210046 0.0003241685852461348
-0.2027108223959099 1.000538940371834 0.00033124896914074164
-0.20265991051746823 1.000467562555888 0.0003343680763374468
-0.20144751186506255 0.9998406250122537 0.00032412714948473525
-0.2013219427793397 0.999980030042607 0.00033119608664479975
-0.20127101553316606 0.99919525726908 0.00033428349897660027
-0.200058631549545 0.9998882447740208 0.00032411685483849887
-0.199933063394692 1.0002574817189 0.0003312680871366608
-0.19988212054931864 0.999926569863795 0.00033436951500579685
-0.19866975100119683 1.0008940697292081 0.0003242514974036866
-0.19854418377902996 1.000130520896418 0.00033127149075073433
-0.19849322556638072 0.9997699891199349 0.00033425053394472407
-0.19728087068704553 1.0000166841529738 0.0003240873306534489
-0.19715530416291518 1.000334004123606 0.0003313342072349424
-0.1971043305834428 0.9999196849127584 0.00033432100699837134
-0.19589199013915276 1.0003268627221102 0.00032414182120230815
-0.19576642454543683 0.9999547995777042 0.0003313085073796501
-0.19571543559914062 0.9998349940766025 0.0003344157546772446
-0.1945031098231798 1.0004365310773031 0.0003241102225214937
-0.19437754492841122 0.999704160656836 0.0003312710497231511
-0.19432654061574794 1.000019203659533 0.0003343505625288312
-0.19311422927528704 1.0001226482537766 0.0003240503930780166
-0.19298866531184103 1.0003206393343693 0.00033131694440156174
-0.1929376458651859 0.999845038512858 0.00033431453508490986
-0.19172534895976948 1.0006373903951762 0.0003241360247875441
-0.19159978592764607 0.9999138977901035 0.0003313703186710009
-0.19154875088088374 0.999906093917778 0.0003343156182945778
-0.19033646841096857 0.9999825087899753 0.0003240660962875384
-0.19021090631062046 0.9999739740218289 0.0003312906318819171
-0.19015985589749107 1.0000960850591154 0.00033437939650391005
-0.18894758809636186 0.999920992315476 0.0003240587120129915
-0.1888220266949611 0.9999568631983088 0.00033143451793766186
-0.1887709609140984 0.999961322326765 0.00033446156976704743
-0.18755870754937726 1.0004946837150848 0.0003241277545385735
-0.18743314707793549 1.0000262972420668 0.0003314551217005995
-0.18738206593070572 1.0003413485293453 0.000334483318280187
-0.18616982723340697 1.0002801022534387 0.00032402357073702724
-0.1860442674613653 0.9998306131259476 0.00033137517298099733
-0.18599317094731305 0.9999500858639793 0.0003344195235347637
-0.1847809466855142 1.0002619780645157 0.0003240309130242145
-0.1846553878447951 0.999766176804766 0.0003314284308351001
-0.18460427596392037 0.9998071571456417 0.00033440779991043503
-0.18339206636999666 1.0004833458648568 0.0003241551947630067
-0.18326650822731674 0.9994111714610728 0.00033130407022438727
-0.1832153809796182 1.000230399275599 0.00033446075023559573
-0.18200318582164848 0.999727672101477 0.00032397988100128913
-0.18187762861029114 1.0001624145399213 0.0003315127114925236
-0.18182648599622553 1.000503424931506 0.0003344488810638204
-0.18061430550658636 0.9996304522857832 0.0003239335556913612
-0.18048874899372094 1.0000589376625444 0.00033145473589213685
-0.18043759124520875 0.9999589079689641 0.0003343586582303951
-0.17922542495824087 0.9999701952175217 0.00032402198145086006
-0.17909986937715075 0.9997829074916409 0.0003314919577343491
-0.17904869626136133 1.0000207376717396 0.0003344044483529332
-0.1778365446427233 1.0001425083321471 0.00032400641896622434
-0.17771098999431936 0.9998083538549833 0.0003315412575151697
-0.17765980127796865 0.999894440532842 0.00033436757715446617
-0.1764476640957387 0.9993569721721477 0.00032389871349368854
-0.17632211037729642 1.0001424888204977 0.0003315223387684234
-0.17627090629457598 1.0003694809649628 0.00033440181208423234
-0.17505878378067657 0.9994216985595548 0.0003239569585197813
-0.1749332307598154 0.9995316635434889 0.0003315488214304789
-0.1748820113111833 1.0006550231230589 0.0003344384045368465
-0.17366990323187564 0.9995821503104443 0.0003238961685332078
-0.1735443511427898 0.9994493460558871 0.0003314677667819514
-0.17349311632688114 0.9995517332389908 0.00033432021128355585
-0.17228102291681352 0.9993567800230575 0.00032388567010934957
-0.1721554715262196 1.0004993834617089 0.0003316870890150924
-0.17210422134348846 1.0004488044085489 0.00033446580556186417
-0.17089214236846534 0.9992542552560143 0.00032390631288287293
-0.17076659190874124 1.0003454816868824 0.000331671895511765
-0.1707153263600958 0.9998837855975039 0.0003343198454456357
-0.16950326205249236 1.000283268848863 0.00032403801625181567
-0.16937771229171564 1.000112187519323 0.00033163810489345084
-0.16932643160953376 1.0005149991089053 0.00033441165173905287
-0.1681143815045996 0.9993874035824207 0.00032390886111101927
-0.16798883267560086 1.0004745747226709 0.0003316437203689683
-0.16793753662614108 1.0002955337239956 0.0003343154921039419
-0.1667255011899929 0.9996885824935932 0.00032390371780784735
-0.16659995305948608 0.999515245463501 0.0003316263441060702
-0.1665486416427484 0.9999110716456833 0.0003343872734041673
-0.16533662064210014 0.9998499284586754 0.00032392377851415754
-0.16521107344200506 1.0000876172013344 0.000331784316226906
-0.16515974665844624 1.0001368844151273 0.0003343008644231251
-0.16394774032612985 1.0001008605844561 0.00032394121987031196
-0.16382219382543486 1.00070069839663 0.0003317704323794539
-0.16377085167505356 0.9997951030146925 0.00033431917825615964
-0.16255885977823709 1.000539190509162 0.0003240406761477356
-0.16243331420886467 1.0003241164615801 0.0003316772997945034
-0.1623819566916609 0.9998904322151437 0.0003344256243205011
-0.16116997946271955 0.9996658554047436 0.000323853487659909
-0.16104443459138632 0.9998588439298794 0.00033163157675611605
-0.16099306170735872 1.0003351865978816 0.0003343893647381281
-0.159781099147202 0.9994367893906579 0.0003238402534488321
-0.1596555549743607 1.000199654513642 0.0003317997059835875
-0.15960416672396605 0.9998850377190271 0.0003343900403741593
-0.15839221859976466 1.0002685713355066 0.00032391939518825537
-0.15826667535869868 1.0002103787108592 0.00033170532195074694
-0.15821527197340401 1.000040273054003 0.0003343855934082241
-0.15700333828515795 0.9992781122570353 0.000323808575409002
-0.15687779574212848 0.9995958580276867 0.00033173276502478517
-0.15682637699001134 1.0001287467014968 0.00033436406142889813
-0.15561445773635435 1.0003226839168424 0.0003239021818319786
-0.1554889161255583 1.0000217829726654 0.00033173916629321016
-0.15543748200661867 0.9997354060259032 0.0003342768962911369
-0.15422557742129223 1.0002257619819546 0.00032391060097047966
-0.15410003650853535 1.0000536069499124 0.0003318983025464508
-0.154048587023226 1.0003104621602545 0.0003343277209860909
-0.15283669687339946 1.0000487310023265 0.00032385731969773545
-0.15271115689105433 0.9999503684979308 0.00033171884908674644
-0.15265969203892382 0.9992459930898266 0.00033428933699279834
-0.15144781655742917 1.0005734884784592 0.0003238935331261119
-0.15132227727402872 1.000032974994604 0.00033180275288202535
-0.15127079705462165 0.9996329252342753 0.000334275983844106
-0.1500589360095364 1.0008111886785855 0.0003239307069939926
-0.14993339765745853 0.9999715188745525 0.0003317371812817866
-0.14988190207122898 1.0008219433708734 0.0003344254179056975
-0.14867005569401887 0.9992418457250974 0.00032376488062029526
-0.14854451804088833 1.000042741026353 0.0003318257416305602
-0.14849300708829105 0.999903278116941 0.0003343567060032208
-0.14728117514567068 0.9993685614009925 0.00032375682689414064
-0.14715563842522897 0.999998868055893 0.00033182536179117666
-0.14710411210489838 1.0006719977775478 0.00033438933946748216
-0.1458922948315194 0.9990623066643344 0.000323690099531977
-0.14576675880820336 1.0004472040501222 0.0003318854880541159
-0.1457152173538816 0.9998873926498221 0.00033420467165444853
-0.14450341428362662 0.9997217715573838 0.00032374400818698055
-0.144377879190725 0.9994091977192521 0.0003317568492477903
-0.14432632237048892 0.9995527093145338 0.00033418421692720776
-0.14311453396765367 0.9997922202352811 0.0003237657278393408
-0.1429889995736994 1.0003824652099786 0.00033189322658632565
-0.14293742738618676 0.9987075451561106 0.0003340578768459846
-0.1417256534197609 0.999811468249656 0.0003238010681664595
-0.14160011972429856 0.9999711938354219 0.0003317690115076403
-0.14154853240279408 0.9998874970818306 0.0003342656956190066
-0.14033677310424333 1.000666676239986 0.000323927445809197
-0.14021124010727296 1.0001558421952994 0.0003318189806608858
-0.1401596374194014 0.9999645848019115 0.0003342904123655347
-0.1389478927887285 0.9996783615084226 0.00032370844629033913
-0.13882236049024735 1.0003433515404057 0.0003318526518740295
-0.13877074243600873 0.9999566122441694 0.00033431934933465845
-0.13755901224128844 1.0006939667423058 0.00032389841620294053
-0.13743348087458798 1.0003162868678899 0.00033185628831250435
-0.13738184745261606 0.9999790991878655 0.0003341790390684721
-0.13617013192668176 1.000841782874753 0.000323931020784717
-0.13604460125756238 1.0000949135042863 0.00033178818471366143
-0.13599295246922338 1.0000469474346179 0.00033423489844301284
-0.13478125137788083 1.0003573090267854 0.00032382596339754487
-0.13465572164099218 0.9999758800265764 0.00033185331677028444
-0.13460405771775186 1.0001571168746382 0.00033431575909800485
-0.1333923710628187 0.9996891323857642 0.0003237389504757078
-0.133266842024422 1.000033274071767 0.000331816877739964
-0.13321516273435918 1.0009125962283654 0.00033436180978884577
-0.13200349051492594 1.0003406109583513 0.0003237662872230408
-0.13187796240694363 1.000046978463428 0.00033186207392371035
-0.1318262677509665 1.0002144885520339 0.0003342396034235278
-0.13061461019895299 0.999690434883113 0.0003236816317001444
-0.13048908278991803 0.9999207329166135 0.0003317578238251746
-0.13043737276666434 0.9995688366332773 0.00033427983307148825
-0.12922572965106022 0.9999968600068124 0.0003237006737999624
-0.12910020317334783 1.000276921270391 0.00033178858469125767
-0.12904847778236217 0.9997677613330553 0.00033424351619877016
-0.1278368493359981 1.0000425727092679 0.0003236741098912618
-0.127711323323947 1.000330560268031 0.00033176466015080947
-0.127659582799879 1.0005943496212601 0.0003342884316861836
-0.12644796902093597 0.9999097086699259 0.0003237301723232705
-0.12632244370828496 1.0002089638251561 0.0003317889018409883
-0.12627068781694106 0.9998417639231605 0.00033419239129545955
-0.1250590884730432 0.9998862198931766 0.00032374292796359216
-0.12493356409126204 0.9998851313815557 0.0003317201288652683
-0.12488179306546954 0.9997987425798046 0.0003342300886990852
-0.12367020815798106 0.9999055871572051 0.0003236844369201699
-0.123544684473781 0.999964578864879 0.00033172795620273605
-0.12349289808162212 1.000311855055972 0.0003343582443809313
-0.12228132760918015 1.0000723577837036 0.00032372094145645213
-0.12215580485675538 1.0003732186339578 0.00033175932824096495
-0.12210400309822944 0.9996739555916256 0.00033412206373771135
-0.12089244729411802 1.000601288944271 0.0003237906537168635
-0.12076692524018519 0.9996543912143409 0.00033164751124606866
-0.12071510811392727 0.9996219338797981 0.00033416302085533916
-0.11950356674576984 1.000179995853921 0.0003236961609505374
-0.11937804539033163 0.9998805238704896 0.00033170350481308416
-0.1193262131305346 1.0002123551975906 0.00033421090486724297
-0.11811468643025229 1.0006172545067191 0.00032382379028767487
-0.11798916577330601 1.0004299480215597 0.0003318264654449621
-0.11793731814805142 1.0000888644982422 0.00033417866301712143
-0.11672580588327036 0.999989310420936 0.00032371529845281213
-0.11660028615764396 1.0003736774447305 0.00033173420597744694
-0.116548423164204 0.9999009987233322 0.0003341047430590208
-0.11533692556820824 0.9998067355897812 0.0003236674012432904
-0.11521140654062105 0.999441289303701 0.000331615840705855
-0.11515952818035657 1.0005584756650912 0.0003341640651924802
-0.11394804525223527 0.9999013245205725 0.00032370018048281837
-0.11382252692314002 1.0000997289618532 0.0003316698261331747
-0.11377063342979454 0.9999917499079356 0.00033421622743093864
-0.1125591647043425 1.0009439926066093 0.00032383150609535807
-0.11243364707373918 0.9998184537082462 0.0003316007912296276
-0.11238173844549237 0.999868796338857 0.00033416041082161334
-0.11117028438882497 0.9999381517279025 0.0003236492353972527
-0.11104476745716899 1.0001453765325181 0.0003316338512680393
-0.1109928434620997 1.0000044161811534 0.0003341070973261977
-0.10978140384047946 0.999618246565274 0.0003236008433889231
-0.10965588783969064 1.0005889441625566 0.0003316982848370158
-0.10960394847870703 1.0002045895934957 0.0003341461623428228
-0.10839252352541734 1.0005858720985652 0.00032374445095512697
-0.10826700822357317 0.9997791016346185 0.000331562544802165
-0.10821505349531435 0.9998848157378013 0.0003340365313618814
-0.10700364297752457 1.000397396299957 0.00032367766516882906
-0.1068781286074584 0.9998100315497744 0.00033154455737032353
-0.10682615851146693 0.9997258604807225 0.00033412743179759083
-0.10561476266246245 1.000369615969897 0.0003236857932745652
-0.10548924875760214 1.0007259003770366 0.00033162232032374865
-0.10543726352807425 0.9998985550779776 0.0003340094189015604
-0.10422588234740032 0.999990641989322 0.00032366199420041496
-0.10410036914103195 0.9999088457891114 0.0003315479012821095
-0.10404836854468158 0.9999624083156555 0.00033405942720043886
-0.10283700179950755 1.000090535888627 0.0003236753901462984
-0.10271148952400903 0.9996608295139569 0.00033147383148266363
-0.10265947379321005 1.000139334407371 0.00033409520325947595
-0.10144812148353459 1.000558432196615 0.00032372985196927305
-0.101322609906528 0.9995210538986224 0.00033145328294705484
-0.10127057880936263 1.0003044581488991 0.00033412029787566915
-0.10005924093473367 1.0002220162111002 0.0003236186532932324
-0.09993373005667174 0.9997107089628412 0.0003313992072257178
-0.09988168382596996 0.9997205713956022 0.0003340981266744128
-0.09867036061967155 1.0010859295533066 0.00032372393087876176
-0.09854485044010154 1.0003267702243592 0.00033144003788748076
-0.09849278884257728 1.0001418819743093 0.00033407749805387365
-0.09728148007177878 1.0001187713114315 0.00032360478675660736
-0.09715597082353135 0.9999172274220022 0.000331455694056208
-0.0971038938600941 0.9991421851348616 0.0003336861074538373
-0.09589259975671666 1.0001827829475147 0.0003235646020453498
-0.095767091207872 1.000319251125065 0.000331459854358252
-0.09571499887624668 0.9997724142386312 0.0003339488111419602
-0.09450371944165453 0.9999774386319679 0.0003235450812421529
-0.09437821135801575 0.9999218079150833 0.0003314030138092098
-0.09432610389194451 1.0003734352823384 0.000333984005014684
-0.09311483889376176 0.9993560498211892 0.00032347867370972167
-0.0929893317405374 0.9999561948535178 0.0003313519357456289
-0.09293720914092773 1.0008053535010868 0.00033403462415430634
-0.0917259585777888 0.9994966541105301 0.00032353965487576795
-0.09160045212396721 1.0000863056300808 0.00033137952433274603
-0.09154831415753506 0.9995278373511048 0.0003339039229461298
-0.09033707802989603 1.0001039674259857 0.00032359496075264375
-0.09021157227456637 1.0002597484292761 0.00033132579785495473
-0.09015941917323289 1.0001636666620946 0.0003340422916723586
-0.0889481977143785 0.9999703281135772 0.0003235235763981547
-0.08882269265708534 1.0000685346650864 0.0003312783868282388
-0.08877052418984022 1.0001506873125656 0.0003339950327872126
-0.08755931716648573 0.999759261551823 0.0003235746912918045
-0.08743381304097056 1.0001222928644276 0.0003313133094869355
-0.08738162920735704 0.9996770759805547 0.0003338900601788657
-0.08617043685187901 1.0003786153683625 0.0003236546483889409
-0.08604493319202515 1.000226595156393 0.0003313254732406272
-0.08599273422350961 0.9997901628187341 0.0003339019413921269
-0.08478155653681689 0.9998450843329304 0.0003235328265555144
-0.08465605357454412 1.0001274097904653 0.00033120087984247283
-0.08460383923920745 0.9997565603606833 0.0003338698460797533
-0.08339267598801597 0.9993401040991651 0.0003234451729493061
-0.08326717395797392 1.000316707218408 0.00033124016801981
-0.08321494448864541 1.0005802627658529 0.00033402087452004896
-0.08200379567295385 1.0004639571416611 0.0003236305452503565
-0.08187829410857309 1.0003132456883874 0.00033117206443570267
-0.08182604950525274 1.0001877161083996 0.00033402873919975544
-0.08061491512506108 0.999911590662685 0.0003235197829462657
-0.08048941449109474 1.000544981077993 0.00033128117180893926
-0.08043715452095057 0.9998927440823758 0.0003339232431777255
-0.07922603480908812 0.9995618820436367 0.00032348701972700314
-0.07910053487406912 0.9996581304112434 0.00033103521699325223
-0.07904825953710315 1.0003440304051385 0.0003339757827715857
-0.07783715449402599 0.9996468747759046 0.0003235039954908002
-0.07771165502557643 0.9997269683928259 0.00033099714817953757
-0.07765936455461997 1.0001665406339006 0.0003338822778870515
-0.07644827394613322 1.0002137168046792 0.00032349038279442534
-0.07632277540900624 1.000156469460772 0.00033106821733278784
-0.0762704695712273 1.0004290563635136 0.00033384118961511205
-0.0750593936310711 1.0002430382710612 0.00032362447368484987
-0.07493389579243605 1.0002688778766748 0.0003309893745751215
-0.07488157458783462 0.9997523146344566 0.00033386447957126016
-0.07367051308317833 0.9997700657326164 0.00032348743026089073
-0.07354501594258249 0.9997596774169537 0.00033093890768923104
-0.07349267983681784 1.0002979541590844 0.00033380118502657587
-0.07228163276811621 0.9999993034130387 0.00032359279537354815
-0.07215613632510146 1.0006459230167473 0.0003310872465211077
-0.07210378485251567 0.9998692897313735 0.0003338343412298003
-0.07089275245214594 0.9996803509140567 0.00032344606022729794
-0.07076725670762311 1.000133921177535 0.0003309753131335372
-0.07071488986866825 0.9998215015436865 0.00033378629730963707
-0.06950387190425317 1.00048478015004 0.0003236332953868666
-0.06937837685822228 0.9995548053738709 0.00033082315876924786
-0.06932599488527558 1.0000552868207415 0.00033381808557953174
-0.06811499158873563 1.0000347554798987 0.0003235019854229178
-0.0679894972421048 0.9999455043051761 0.0003309212941363522
-0.0679370999018829 0.9997115010740902 0.0003337744655591485
-0.06672611104038743 0.9999903451257195 0.00032349713307225657
-0.06660061739270397 1.00019804143999 0.00033089931953615926
-0.06654820491939972 0.9995176815278506 0.00033367991382613567
-0.06533723072623615 1.000256001837226 0.0003235854723017857
-0.06521173777613377 1.000414995056554 0.00033089585473463663
-0.0651593099355523 1.0001563015241097 0.0003337652823039218
-0.06394835041117403 1.0000210331446198 0.00032353204507918216
-0.06382285815911086 0.9998996554126816 0.0003308188454983519
-0.06377041518408078 1.000266107958625 0.0003338191311758032
-0.06255946986237042 1.000394754460811 0.00032358662347756694
-0.062433978309254595 1.000225803334633 0.00033083866346238683
-0.062381520200233354 0.9998422743492165 0.000333703828657321
-0.0611705895473083 0.9998378570769767 0.0003235085158904891
-0.0610450986926844 0.9996456742802683 0.0003306600540610258
-0.06099262521684068 0.9996452367635652 0.00033358165786484176
-0.05978170899896011 0.9999289893226091 0.0003235249678066409
-0.059656218842828145 0.9999302782972624 0.00033069515134009865
-0.05960373023299326 0.9994811608207642 0.0003335520663176964
-0.05839282868344526 0.9988150197551926 0.00032331519281292726
-0.05826733922534981 0.9989519953443143 0.0003305798710613835
-0.058214835249145835 0.9995403633276004 0.0003336415381391048
-0.05700394836883586 0.9999782146243639 0.00032350859824118876
-0.056878459376401694 0.9993090776772088 0.00033058406047030273
-0.056825940266662656 0.9987434086986303 0.00033358261007044974
-0.055615067821398516 0.9990827582273791 0.0003233677710530104
-0.05548957976028692 0.9988945282090567 0.00033045486874125384
-0.055437045282815234 0.9993252819276074 0.0003335606437657234
-0.05422618750542824 0.9987311414170291 0.0003233835244596113
-0.054100699910430664 0.9992575113228376 0.0003304823991221446
-0.054048150531798456 0.999256812115165 0.00033361420143947386
-0.05283730719036612 0.9988794351859388 0.00032336685578086117
-0.05271182029386047 0.9994840015551544 0.0003304820774958381
-0.05265925554840578 0.9981526003874792 0.0003333648486464482
-0.05144842664247335 0.9995848013109838 0.00032345653389065777
-0.05132294044400691 0.9986068664049569 0.0003303696202558524
-0.05127036056455836 0.9987176641659313 0.0003333372947202811
-0.050059546326500386 0.9985960619532767 0.00032330191123350837
-0.04993406082652587 0.9985725300750184 0.0003303328611040517
-0.04988146558025619 0.9988213316997854 0.00033347865787737417
-0.04867066577860762 0.9990884579676991 0.00032333151824810675
-0.04854518120950026 0.9987533637382399 0.0003302917364343103
-0.04849257059640877 0.9987647238182277 0.0003334279956953533
-0.04728178546354549 0.9988223747735204 0.00032331484955572726
-0.04715630136101026 0.9982265205816566 0.0003302700528728881
-0.04710367561392559 0.9993949325676681 0.000333537752100796
-0.04589290514848337 0.9986449844345551 0.000323310084487888
-0.04576742174444007 0.9982837954106908 0.00033019906805909074
-0.045714780630532914 0.9989346865606908 0.000333366688891705
-0.0445040246005906 0.9989338279736709 0.000323303165706001
-0.04437854189503923 0.9982847445770207 0.00033014601097405925
-0.04432588587997088 0.9986556967447869 0.00033341276681010424
-0.04311514428552848 0.9992234464501958 0.00032340364154053575
-0.04298966227801362 0.9994408168420498 0.00033028451282781637
-0.04293699089612346 0.998897048628771 0.00033340381007832107
-0.04172626373672756 0.9988656899286743 0.00032328711621552755
-0.04160078242770464 0.9987359965217265 0.00033014420358631934
-0.04154809591182129 0.9989094024740013 0.000333303148579043
-0.040337383421665436 0.9987272814983608 0.0003232752206037082
-0.0402119025783038 0.9985888300578114 0.0003300937076062352
-0.04015920092842862 0.9987587998121226 0.0003333221020925343
-0.03894850310614789 0.9987143425900686 0.00032327880844619424
-0.03882302296173361 0.9990984982895349 0.0003302116624196724
-0.03877030594503594 0.999231770634978 0.00033344556565045473
-0.03755962255734428 0.9989264144246817 0.0003233594061241468
-0.037434143111877344 0.998354339423443 0.0003300881749768666
-0.03738141096118852 0.9990163192620833 0.0003333005509528744
-0.03617074224273758 0.9986217662073616 0.0003232778349438585
-0.0360452634962153 0.9982943734304884 0.0003299870389878183
-0.03599251597779585 0.9985477917458343 0.00033318318464498336
-0.034781861928586295 0.9986101386036986 0.0003232894846658452
-0.03465638364636174 0.9984652532399517 0.00033000612936746833
-0.034603621227233816 0.9979807405826372 0.0003332244603959124
-0.03339298137978269 0.998743710034669 0.0003232728159495025
-0.03326750402933612 0.99881631555651 0.00033000257725996593
-0.033214726243386394 0.9985544997236724 0.0003332311614358117
-0.032004101063812414 0.9985485570371092 0.00032326904041617886
-0.03187862417993528 0.9987954497029163 0.00033000697039532034
-0.03182583125953897 0.9984758990932489 0.00033313771835361835
-0.03061522074875029 0.9987828618370574 0.000323328042776429
-0.030489744562909673 0.9988781753801712 0.0003299596466938714
-0.030436936276146298 0.9984856902993231 0.00033315550777097383
-0.02922634020085752 0.9991575973352158 0.0003234182449233336
-0.029100864712600687 0.9985185807197624 0.0003299523402411491
-0.029048041292298876 0.9986820396303446 0.00033322332546094807
-0.027837459884884556 0.9985894328266852 0.00032327415772316035
-0.02771198486274443 0.9983073401002733 0.00032986540674059616
-0.027659146308451454 0.9984579477276464 0.00033310281674997554
-0.02644857933744721 0.9985511019247586 0.0003232737000753428
-0.026323105247082385 0.9989182156869937 0.00032990888581393215
-0.02627025155879892 0.9988388876059948 0.0003332573906740755
-0.025059699022840505 0.9989539117428262 0.00032331541452330215
-0.024934225397681548 0.998713591097352 0.00032983889052395525
-0.024881356575406244 0.9983937281797476 0.0003332186035580062
-0.02367081870686754 0.9986799600792736 0.00032332456129228603
-0.023545345780203206 0.9982404510693278 0.00032981191013782573
-0.023492461591104075 0.9983508303501029 0.00033305353844340817
-0.022281938158974772 0.9985891762721563 0.00032321822226978234
-0.02215646593080237 0.9986064143420088 0.0003297318741577502
-0.0221035666077114 0.998790239760606 0.00033323575983621004
-0.020893057843912648 0.9986990844243944 0.00032334119589226036
-0.020767586313776756 0.9984098958829611 0.00032966630259429993
-0.02071467162386398 0.9984242342915576 0.00033317482548120183
-0.019504177527942375 0.9983365587385129 0.00032320738239809555
-0.01937870646346777 0.9986580222996062 0.000329716213530532
-0.01932577663956181 0.9990647428205878 0.0003332216012719062
-0.018115296980049607 0.9986629543950512 0.0003233689774439752
-0.017989826614066933 0.9984759279786911 0.00032971100252773204
-0.017936881656169135 0.9993709380808693 0.00033322224883662144
-0.016726416664987483 0.9985077964981298 0.0003233558885421959
-0.016600946997949468 0.9980708555818878 0.0003296064032359552
-0.01654798690606185 0.9986298530732198 0.00033315674551083024
-0.015337536349925358 0.9990292217892105 0.0003233907053141761
-0.01521206714854863 0.998247993787902 0.0003296098941658443
-0.015159091922669177 0.99787088865255 0.00033294619359571745
-0.01394865580203259 0.9987590250676545 0.0003232434746806834
-0.013823187299147792 0.9992982690755343 0.0003297247057990968
-0.013770196938367008 0.9988845673319694 0.0003331702057473125
-0.012559775486970466 0.9984325605798701 0.00032322203282414386
-0.012434307682124873 0.99837988815932 0.0003295654211228579
-0.012381301954974333 0.9983837428244631 0.00033305615915606076
-0.0111708951709975 0.9983074438205437 0.000323260633152969
-0.011045427832268615 0.9988095083501616 0.00032961250902338997
-0.010992406971126911 0.9988989633007666 0.0003330804674410602
-0.009782014623104731 0.998355302577996 0.00032320941758154733
-0.009656547982867778 0.9980347727677938 0.00032950080849225187
-0.00960351198727949 0.9984830136192929 0.0003330532928938151
-0.008393134307587187 0.9987945915799584 0.00032326472379522127
-0.008267668365842164 0.9988179631033836 0.0003295933268801984
-0.008214617236717459 0.9989612199439408 0.00033302579826756027
-0.007004253992525062 0.9995007947664281 0.0003233788498511573
-0.006878788515985905 0.9988505619211447 0.0003295377087006394
-0.006825722253324784 0.9980295914926978 0.00033280098733460417
-0.005615373445087715 0.9986488467392884 0.0003232531563137035
-0.005489908667495911 0.9978698949857583 0.0003292800543641735
-0.00543682726993211 0.9985187641662359 0.0003329575092448804
-0.0042264931300255906 0.9981843353056352 0.0003231779005445233
-0.004101029050925718 0.998301839720058 0.0003293988822715235
-0.004047932286539435 0.9987085539025308 0.00033302107698737624
-0.0028376125812246754 0.9990962378211917 0.00032339671490285506
-0.0027121492006140385 0.9982040252780986 0.00032936031871577166
-0.0026590373031467607 0.9984587772232243 0.0003329562729283561
-0.0014487322661625513 0.998153390801874 0.0003232625519632992
-0.0013232693512132015 0.9988882731760542 0.00032944352399804717
-0.0012701423188445915 0.9987175859162646 0.0003330412309624988
-5.985195110042696e-05 0.9990605846745516 0.00032339742947618314
6.561026580971817e-05 0.9982677924248815 0.0003294044365803319
0.00011875243171743932 0.9975842090748474 0.00033275510195305625
0.001329028597703183 0.9983046608698356 0.00032326216054100074
0.0014544901161213973 0.9983865784351592 0.0003292960538475037
0.0015076474155648611 0.9985175340463428 0.0003329663650565485
0.0027179089127653076 0.9987642758112549 0.00032334389355482526
0.002843369965066813 0.9984662047042707 0.0003292823155360114
0.002896542399412283 0.9981639914829171 0.00033297618014444436
0.004106789227827432 0.9987617082531125 0.00032334736500058594
0.0042322495807288595 0.9989920255130627 0.00032940571268181613
0.004285437381895463 0.9984646400130514 0.00033293395996333337
0.0054956697757202 0.9994874032321779 0.0003234255182079848
0.005621129431037843 0.998235647958877 0.00032921811035945664
0.005674332365288137 0.9977311364216143 0.0003328691563511247
0.006884550090782324 0.9982326389034347 0.0003232583217388089
0.00701000928043868 0.99846571438386 0.00032928562888062717
0.007063227349590306 0.9992331183891339 0.0003330814080369856
0.008273430405844448 0.9987315938238894 0.00032326860359528734
0.008398889130294938 0.9981629222525019 0.0003291909538756165
0.008452122100152337 0.9983227175193073 0.000332868589565193
0.009662310954645363 0.9985654681423087 0.0003232267886505679
0.00978776874777328 0.9981341290906441 0.0003291577162536485
0.009841017083999759 0.9991110852692856 0.0003330137889698842
0.011051191269707487 0.9990430247566598 0.0003233319798331261
0.011176648597174117 0.9981784698709014 0.00032913990346021923
0.011229912067847181 0.9981846533879803 0.000332835457248854
0.012440071585225034 0.9983449774309204 0.00032324188074251775
0.012565528446574954 0.9990246018336657 0.0003292943539838168
0.012618807051239855 0.9981841335122931 0.00033283948103242784
0.013828951900287158 0.9984281228894235 0.00032329500423382496
0.013954408296431211 0.9980912008235215 0.00032912951056433874
0.01400770203463253 0.9981169791537859 0.0003326960434650384
0.015217832447724504 0.9982622951254586 0.000323258340746933
0.015343287912093257 0.9982200598822261 0.0003291223496336536
0.015396597018025204 0.9985353979355374 0.00033285777257615083
0.016606712762786628 0.9986871604302692 0.00032334222757802355
0.01673216776194682 0.9978227360326128 0.00032902092263177205
0.01678549176949673 0.9984232443209115 0.00033283056962048977
0.017995593078759593 0.9987419336104816 0.00032337244595242103
0.018121047611803078 0.9986800139041653 0.0003291433884628333
0.018174386752889404 0.9977558448498558 0.00033273154244694344
0.01938447362665236 0.9983932949096911 0.00032322373058750914
0.019509927461203915 0.9982305962798118 0.0003290316006340254
0.01956328173628208 0.9987687259815411 0.00033278169327812505
0.02077335394216991 0.9981381179966855 0.00032322344755842503
0.020898807311060173 0.9987238733522059 0.00032912062660150416
0.020952176720584248 0.9983157726515175 0.00033275393752938255
0.02216223425768476 0.9986174631744003 0.000323288271048845
0.022287686928538514 0.9985333749101715 0.0003290329073256825
0.022341071703976922 0.9978481582840368 0.0003326242079553396
0.0235511148051248 0.9982513598407463 0.0003232572246837579
0.023676566777486623 0.9986834529383376 0.0003290934410164393
0.023729966687369597 0.997610009085005 0.0003325756152981977
0.024939995119731502 0.9988978994207222 0.000323324231022668
0.02506544662597662 0.9983650446105419 0.00032901308491392394
0.025118861437931628 0.9991275287121971 0.0003328110590265465
0.026328875435701775 0.9987664641109772 0.0003233148674323071
0.026454326476288297 0.999008165781611 0.00032904151750100686
0.026507756421324302 0.9984317622620362 0.00033287075502073303
0.027717755983594543 0.9986072524601955 0.00032329878072271225
0.027843206326597283 0.9992735772773679 0.00032908421077732235
0.027896651404716977 0.999170293896967 0.0003328285065103719
0.029106636298656667 0.9986719798541869 0.00032332055884204777
0.02923208617599812 0.9982007032773563 0.0003289212590910639
0.029285546389019146 0.9985160705337495 0.000332753372822315
0.030495516614629632 0.9987986377214568 0.00032332909445998575
0.030620965793023733 0.9991383867207291 0.000329066978572302
0.03067444137241182 0.9989865757494911 0.00033288628925915847
0.0318843971625224 0.9990939801389466 0.0003233942672676112
0.032009845643332716 0.99800149818474 0.00032887614578484283
0.03206333635625924 0.9992442457011137 0.0003329075703941621
0.03327327747803725 0.9985869683488379 0.0003233540529985814
0.03339872549228083 0.9989253535249742 0.0003289988444380688
0.03345223110682127 0.9981189399985816 0.00033272443963548
0.0346621577935548 0.9991674055977422 0.0003234030437666846
0.03478760534077083 0.9981051403085276 0.0003289391226826345
0.03484112609021395 0.9990373432729763 0.00033290060113083783
0.03605103810861692 0.9989496609303494 0.0003233553496527052
0.036176485191082505 0.9973999029449501 0.00032872011776148856
0.03623002107406137 0.9978455255956448 0.00033263348275232595
0.03743991865650969 0.9987234521801015 0.0003232884175019397
0.03756536504048334 0.9984569132975215 0.0003289797190285345
0.037618916057454044 0.9984660438290373 0.0003327089807604465
0.038828798971571814 0.9986351117599852 0.0003232191278769872
0.03895424465750626 0.9985937592618501 0.00032891510789491635
0.03900781104175621 0.9989559762042066 0.0003328950945918824
0.04021767928754478 0.9992605517196335 0.0003233679759619492
0.04034312450736252 0.9986032317783542 0.00032890602613829114
0.04039670602514889 0.99839771466873 0.0003326456417505631
0.04160655983543755 0.9986190687210358 0.0003233022370714668
0.04173200435676336 0.9992039149691058 0.00032901606478878513
0.04178560077571092 0.9983357466044008 0.00033266267411596916
0.04299544015049967 0.9990001842686879 0.00032334945249655147
0.043120884206619615 0.9989081561238069 0.0003289395503462598
0.04317449575910359 0.9979992595312962 0.0003326058753751465
0.044384320465561795 0.998972403433617 0.000323338284419636
0.04450976405647587 0.9989015355970662 0.0003289691470698639
0.04456339074249627 0.998664474914095 0.00033282836572555414
0.04577320101345456 0.9988982491970836 0.00032326355222914675
0.04589864390496587 0.9995500806762394 0.00032901376117145715
0.04595228572588894 0.9985264568940292 0.00033267017671921313
0.04716208132851669 0.9992126658912907 0.00032341423398501556
0.047287523754366706 0.9987371391608522 0.0003289483351429405
0.04734118071019111 0.9991090051065445 0.000332827187896568
0.04855096164448696 0.9991727254633724 0.0003233648808691984
0.048676403604678384 0.9987347505088426 0.0003288843351838656
0.04873007546075314 0.9987567245427909 0.000332714659622141
0.049939841959549085 0.9992601628919274 0.0003234521149562244
0.05006528345407922 0.9991848743397919 0.00032895546252439733
0.050118970444145816 0.9994115663076463 0.00033285874935806524
0.05132872250744185 0.9987160158673064 0.0003233169618859233
0.05145416330393278 0.9993109916010694 0.00032898194517857256
0.051507865428447985 0.9999668152507383 0.0003328837261373811
0.05271760282341482 0.999098919910681 0.0003233509639243859
0.052843043154244464 0.9993816772746275 0.00032897935349037805
0.05289676041184066 0.9993543215381306 0.0003327903178338693
0.05410648313802152 0.9994207279459465 0.00032342117192697125
0.05423192300318988 0.9990909847669666 0.00032898630773231307
0.054285655395233334 0.9986923014723281 0.00033274905960377685
0.05549536368545887 0.9989464985365895 0.00032341169190728826
0.055620802618851925 0.9991131529020921 0.0003289598221155192
0.05567455037862601 0.9987769492887447 0.00033273195567812416
0.056884244001431834 0.9993828096794627 0.0003234159491967599
0.05700968246916091 0.9996886236298146 0.000328972713460297
0.05706344512964279 0.999253882642909 0.0003328283765448524
0.05827312431649396 0.9994753733056324 0.00032346977141071753
0.05839856231856175 0.9991519460131839 0.0003289916001146395
0.05845234011349021 0.9995520159545814 0.0003328935132000763
0.05966200463155608 0.9992992928248565 0.00032342833467445797
0.059787442168418005 1.000086649170834 0.0003291345256510673
0.05984123509688288 1.000438456947175 0.0003329256778509668
0.061050885180357 0.9993920948866408 0.00032344347704403126
0.061176322018726983 0.9990643789511237 0.0003289571386728444
0.06123013008118505 0.9998558256431832 0.00033290129848148576
0.062439765495419124 0.9999294980375099 0.0003235293142148915
0.06256520186812782 1.0003778645971289 0.00032914069261688454
0.06261902506457773 0.9997997574377084 0.0003329014806901626
0.06382864581048125 0.9998360910636859 0.00032351639987128266
0.06395408171707594 0.9999417982932786 0.00032902395721862854
0.0640079200470609 0.9997257498904628 0.0003328038242795884
0.06521752635837402 1.0003874421934937 0.0003235108198570074
0.06534296156647677 1.0007596778764483 0.000329210916263709
0.06539681479807768 1.0007382997978262 0.00033292393298341334
0.06660640667343615 1.0006572146635073 0.00032362727499556706
0.06673184141587761 0.9992124169273485 0.00032896749357329757
0.0667857097819251 0.9998190531023108 0.000332827440785502
0.06799528698849827 0.9991847629589965 0.0003233960478049076
0.06812072126573117 0.9994151251335479 0.0003290162112573067
0.06817460476531778 0.9999897605696376 0.0003328461023454107
0.06938416730447124 0.9999685776923446 0.00032353430222997303
0.06950960111558743 0.9994465318634791 0.0003290230781883992
0.06956349974961995 1.0002776398774074 0.00033295663637476097
0.070773047852364 0.9999037219575299 0.00032346373185195655
0.07089848096498827 0.9995190652517333 0.00032905535242593097
0.07095239473301262 0.9997275537228121 0.0003328690202771177
0.07216192816742613 1.0005115203281054 0.00032359933780614475
0.07228736081484452 1.0002613671330611 0.00032917741078711585
0.07234128948357466 0.9999316363228695 0.0003328314874239606
0.0735508084833964 0.999636380089416 0.0003234671822692751
0.07367624066470078 1.0000036355702069 0.0003290962689039105
0.07373018446696733 0.9998587615210484 0.0003328680461007252
0.07493968879800579 0.9993161123696283 0.00032338529020226384
0.07506512051410162 0.9999174438964397 0.00032912458507236336
0.07511907945036 1.00010152339432 0.0003328436670142078
0.07632856934544315 1.0001442148684225 0.0003235121066291391
0.07645400036350246 0.9990642698561939 0.00032905534649845636
0.07650797443375268 1.000048852626869 0.0003328472832013586
0.07771744966141342 1.0001753248791387 0.000323543460248678
0.0778428802129033 1.0004121468595693 0.00032930729352452287
0.07789686941805485 1.0003407829850859 0.0003328886434321313
0.07910632997647554 1.000249112843539 0.0003235499004006036
0.07923176029604292 1.0000591683460747 0.00032923674529547746
0.07928576416907163 0.9994868647978927 0.0003328626056371979
0.08049521029153767 0.9997798298534241 0.00032347516801985225
0.08062064014544376 1.000371249607147 0.0003292830182870912
0.08067465915291905 1.0001376992322752 0.00033289340211781773
0.08188409084034128 0.9999305096380872 0.00032349450147368903
0.08200951999530001 1.0000316223596193 0.0003292060964048123
0.08206355413631172 1.0000870549866352 0.00033282932941354324
0.0832729711554034 1.0003197926400937 0.00032352483644682505
0.083398399845609 0.9997950501729 0.0003291529520359067
0.0834524491197044 0.9992488735013634 0.00033275291803443625
0.08466185147046552 1.0001362015239652 0.00032351032133075427
0.08478727969455711 0.9994266938751488 0.000329114621319744
0.08484134410264232 1.0000737343918409 0.00033284118881785714
0.08605073178552765 1.0000522717729128 0.0003235144913281897
0.08617615954304711 1.0002604876333663 0.00032925335594767823
0.086230239086035 1.0005214538140546 0.0003329029776372346
0.08743961233342042 1.0001459682153373 0.0003235456994504799
0.08756503939335879 1.0000391144305194 0.00032932620038099534
0.08761913383750652 1.000267935965944 0.00033282985480027964
0.08882849264848254 1.0000418915780758 0.0003235325231411065
0.08895391924275962 1.0005607628183109 0.00032938100067951147
0.08900802882135395 0.9992978064129721 0.00033264868074612034
0.09021737296445281 0.9995611638108459 0.0003234450720084509
0.09034279909261318 1.0004907833933123 0.0003293220938294913
0.09039692380474662 1.0004003928384266 0.0003328952305216605
0.09160625327951494 1.0001293846475101 0.00032355663781465777
0.09173167894246945 0.9999265092489753 0.00032932279082902727
0.09178581878904879 0.999938758299743 0.00033281326126438453
0.09299513382786312 1.0004371863932515 0.0003235897377525291
0.09312055879187028 0.9999946319450336 0.00032932901748249435
0.09317471377244146 0.9994608542872527 0.00033268417806184443
0.09438401414292524 0.9999840561513391 0.0003235371829678545
0.09450943864127112 1.0003096933847668 0.0003293956919842018
0.094563608522094 1.0001590632540416 0.0003327216093835617
0.09577289445753195 0.9994790684524777 0.00032342347947634316
0.0958983187235026 0.9994779767819038 0.000329400317948001
0.09595250350594142 0.9996454010089852 0.0003327041567410719
0.09716177477259408 0.9997199921185214 0.00032346685332356655
0.09728719857290344 1.0000631628600438 0.0003293706018509271
0.09734139848978884 0.9998687900378652 0.00033281995604765347
0.09855065532139769 1.0000454373839007 0.00032352850485288255
0.09867607842230428 1.0000049850010182 0.00032943040793941106
0.09873029347318152 0.9999066497834468 0.000332759812719334
0.09993953563736796 1.0005228784658309 0.0003235946385011781
0.10006495827261595 0.9996529601747608 0.0003293727525389936
0.10011918845702894 0.999432383524492 0.00033265252652530595
0.10132841595243008 1.0002422482588027 0.0003235669389983209
0.10145383812201679 1.0005154233411329 0.0003295132915722342
0.10150808320804572 1.0002610492217539 0.00033290326492878524
0.10271729626749221 0.9997392273037948 0.00032345143096076224
0.10284271797187035 1.0005459360050113 0.0003295657635921712
0.10289697819143839 0.9989673120478928 0.0003326592644201829
0.10410617681629582 0.9999285917804386 0.0003234702696694216
0.10423159805455726 1.0004201673828035 0.0003296051390633081
0.10428587317483107 0.9999529574136162 0.00033277969020840324
0.10549505713090251 1.0006502992785091 0.0003235755490151716
0.10562047790304994 0.9998123824563668 0.0003295596489013116
0.10567476815867849 0.999406817929078 0.00033269789643202916
0.10688393744550923 0.9999186883913381 0.0003234545401706348
0.10700935775245078 1.0001267882418445 0.00032953595721663326
0.10706366314207116 1.0003668339960115 0.00033270715817203283
0.10827281776148219 1.0000662689975641 0.000323540028412906
0.10839823760275977 0.9996734964905284 0.00032951235284248934
0.1084525578926332 1.00006158905792 0.0003327583827294461
0.10966169830937496 1.0011203410494096 0.00032361940470877965
0.1097871174521606 0.9998825226748919 0.0003295980027830807
0.10984145287693536 0.9994154461602021 0.00033264975862275724
0.11105057862443708 0.9999120589586443 0.0003235492124653486
0.11117599730201685 1.0003574416111116 0.00032967989837913127
0.11123034786078279 0.9998142290141397 0.00033274032685909165
0.11243945894040736 0.9998459512629438 0.00032344194093664283
0.11256487738470376 0.9997888164248067 0.0003296913054429068
0.11261924284417546 0.9996593500316846 0.0003327003798187172
0.11382833925546948 1.0001945241756751 0.00032354960692971955
0.11395375723364917 0.9996493985295305 0.0003296411005245022
0.11400813782756813 1.0000665351523248 0.00033269255961867144
0.1152172195705316 0.9997877071804554 0.00032342222408845403
0.1153426370825946 1.0000366402051797 0.00032974761762922063
0.11539703257722067 0.9999591553691084 0.00033277308795508275
0.11660610011842437 0.9997266063731718 0.0003235558223176574
0.11673151693290627 1.0002389311488074 0.0003297373135266347
0.11678592756106809 1.000359426149409 0.0003327608153591951
0.1179949804334865 1.0004646467098401 0.0003235171794349597
0.11812039678230711 0.9994416656279814 0.00032970774294724766
0.11817482254537026 1.000078260537089 0.0003327635876150626
0.11938386074854862 1.0006626544180075 0.0003236400380996449
0.11950927686499131 1.0004470587619019 0.0003298852142352053
0.11956371752921768 1.0005527886324947 0.0003327845475042543
0.12077274106452159 1.0007413304072181 0.0003235732510435068
0.12089815671484758 1.0004027089970056 0.0003298636179977469
0.12095261251261036 1.0000707808093205 0.00033269713823041297
0.12216162137958371 0.9997511465515584 0.0003234181314191678
0.12228703656424841 0.9998813496760172 0.0003298354443832637
0.12234150726362714 1.0001578074034543 0.00033275319294410034
0.12355050192747648 1.0003276541851907 0.0003235412811611484
0.12367591641410466 0.999522410831496 0.00032978934305067644
0.12373040224656506 0.9999965523733674 0.0003326759398125516
0.1249393822425386 0.9993257276141893 0.000323350129956963
0.12506479649679156 0.9995074457657557 0.0003298359652743981
0.125119297229503 0.9997077600015037 0.0003326524347336041
0.1263282625576007 0.9992721967052356 0.0003234136152068097
0.1264536763461924 1.0000805918122735 0.0003298544735759832
0.12650819221380516 1.0001355621896855 0.0003327425073307813
0.12771714287266284 1.0000910041333007 0.0003235326612359407
0.12784255619559323 1.0000252749430898 0.0003299546752292692
0.12789708719765258 0.9994227381560878 0.0003326844895649892
0.12910602342146377 1.0001239024596265 0.0003234350523003069
0.12923143604499407 1.0002098039337195 0.00033000266531322
0.1292859819482146 1.000121407548043 0.00033273361822021074
0.1304949037365259 0.9999902607246274 0.0003234624769200298
0.1306203161281337 0.9993351726590581 0.00032996849639059484
0.13067487693206203 0.999742863352954 0.00033271040417540886
0.13188378405158802 1.000608612427097 0.0003236250053483606
0.13200919597753455 1.0003642880815236 0.0003301528069781403
0.1320637719163642 0.9996040775955273 0.00033263757471545924
0.13327266436756097 0.9999552630599738 0.0003234644430165916
0.1333980758273908 1.0000136937838788 0.0003299927074790288
0.13345266690021163 1.0008283876948925 0.00033272689030516335
0.13466154468216768 1.0003593300923501 0.0003235634942182571
0.13478695590962228 1.000110128294675 0.00033007786265207045
0.1348415618826948 0.9996494610466008 0.0003325747927812254
0.13605042522960503 1.0004412248891006 0.0003235710112753697
0.1361758357585677 1.000424712860599 0.00033021947849350846
0.13623045663325684 0.9996841614197847 0.00033264228334184875
0.13743930554557798 1.0001006298385329 0.0003235145562760623
0.13756471560796854 1.0007085418421633 0.0003302078647348024
0.1376193516166495 0.9997932977894515 0.00033254236224357
0.1388281858606401 1.0001086127318506 0.0003234726827036466
0.13895359569111085 0.9997905189934421 0.0003301300406560001
0.13900824660049693 0.9996821653984882 0.0003327084720629673
0.14021706617570223 1.0000229540169419 0.00032342961582999076
0.14034247554051169 0.9997924218138522 0.000330190661629229
0.1403971415847991 0.9994552373822809 0.0003325960381710348
0.14160594649167252 1.0003646730170728 0.00032355291128052463
0.14173135538991252 1.0000192695239989 0.0003302040768267919
0.14178603656864652 1.0002694581806986 0.0003327008052822936
0.1429948270395653 1.0005903384632067 0.00032358516731908126
0.14312023547305217 1.000422663803498 0.0003302827419301169
0.14317493131920855 0.9998104024396872 0.00033265221647613266
0.14438370735508282 1.0001857259688482 0.00032355967967248833
0.1445091153219976 1.0000371416686695 0.0003302861746482785
0.14456382630260123 0.9999731748008549 0.0003326395077281663
0.14577258767014495 1.0001057298313665 0.0003234561623539573
0.14589799517094568 1.0000894693353541 0.0003303246479043109
0.1459527212850844 1.000109664936206 0.000332650864458136
0.14716146798475166 1.0001388666341033 0.00032349121244279125
0.14728687525408532 0.9996432704981195 0.00033028544408753913
0.14734161626893183 1.0002040799439655 0.00033265963129568116
0.14855034829981378 0.9999594469762364 0.00032348050996106406
0.14867575510348616 1.0001684950169596 0.0003304350342639127
0.148730511253234 0.9999571284333661 0.000332613865376416
0.14993922861578673 1.0001878544006992 0.0003235054025214512
0.150064634952887 0.9998559875914664 0.00033039481182672316
0.15011940600379603 0.9997323471071685 0.00033254953398512843
0.1513281091636795 1.0001612655849117 0.0003235853320761283
0.1514535150360293 0.9998168233674865 0.0003304158230198103
0.1515083009871887 0.999560964189446 0.0003326065771185016
0.15271698947874163 0.9996127628322916 0.0003234876647465666
0.15284239488543014 1.0001162685430784 0.00033046515185607286
0.15289719597149087 0.9990842717400192 0.0003325163763405588
0.1541058697947119 1.0006156963799668 0.00032355755319359464
0.15423127473528372 1.0008793123597444 0.000330594165899684
0.1542860909553383 0.9995933552285764 0.0003325135034477064
0.15549475010932132 1.0005248518541878 0.0003235998794958452
0.15562015481797062 0.9997308015234302 0.00033052169685554935
0.15567498570499083 0.9989379954372767 0.0003324450984605814
0.156883630423928 1.0001798453880304 0.00032356819252055304
0.1570090346664633 1.0000832345059323 0.00033055097342343895
0.1570638806883835 1.0004935793623113 0.00033271235615097534
0.15827251097272893 1.0002144127848007 0.00032354739070221086
0.15839791474869477 0.9998039860298332 0.00033052300353320817
0.15845277567268568 0.9995092517611622 0.00033251361463859983
0.15966139128779105 1.000345423454084 0.0003235953633336563
0.15978679459900377 1.0005308503057853 0.0003307507364273993
0.15984167065607835 0.9992857238405025 0.0003324924382179883
0.16105027160285318 1.0003685464346943 0.00032348387119411756
0.1611756744484046 0.9991521494786253 0.0003305449736499449
0.16123056563992577 0.9994672078714021 0.00033250012844407363
0.16243915191882613 1.0005319830775976 0.00032359488466839693
0.1625645545310915 1.000447991963084 0.0003307288767685404
0.1626194603913973 0.9994891543555662 0.00033251520989698377
0.16382803223388825 1.0004918039945323 0.00032355935584990495
0.16395343438094775 1.00006449638284 0.00033077503332719095
0.16400835537524472 0.9999009147266642 0.000332604116366204
0.16521691254895038 1.0002672024067354 0.00032353794281918556
0.16534231446272382 0.9999262705862481 0.00033074185392172295
0.1653972503577279 1.0001492041211517 0.000332625570444262
0.16660579309684315 1.0000933855069352 0.00032350072591124106
0.16673119431166925 0.9994990257972619 0.00033071464072069413
0.16678614534112057 0.9996069011118387 0.0003324580245746804
0.16799467341281343 0.999768823706736 0.00032356197033208176
0.16812007439481155 1.000177849364531 0.00033080637325752277
0.16817504032451325 0.9994821237637824 0.000332491758639671
0.16938355372787556 1.0003357368782173 0.00032352280340050034
0.1695089542442124 1.0010684453478675 0.0003309750843779562
0.16956393507553003 0.9994408395813338 0.000332468341737428
0.17077243404293768 1.0000663110644983 0.00032347088858062636
0.17089783409361323 1.000072341570433 0.0003308931567195044
0.1709528300598322 0.9998548626821999 0.0003325627184850234
0.17216131435891063 0.9998511271304851 0.0003234297425065485
0.17228671417675287 1.000146961066194 0.0003309557567165502
0.17234172504322487 0.9995062461516767 0.0003324699000071105
0.17355019467397276 1.0001478440787595 0.0003235348187068004
0.17367559402706453 0.9996826427015908 0.0003309895734166342
0.17373062002661754 0.9993569161968889 0.000332343763169466
0.17493907498857947 1.000091332721908 0.00032345595286517934
0.1750644741088406 1.0000261946925708 0.0003309563067009438
0.17511951477763432 1.0001930497105422 0.00033250076109390297
0.17632795553647224 1.0002093493297761 0.0003235219413990664
0.17645335395778602 1.0004777488252228 0.0003310200417307823
0.176508409761027 0.9992273876257387 0.00033238355788831454
0.17771683585198977 0.9998482484627856 0.00032345000247167583
0.17784223404092833 1.000537944190377 0.0003311781009889307
0.17789730474441967 1.0002415892652 0.00033249894380424404
0.1791057161670519 1.0000946576074843 0.0003234929109395554
0.17923111389032917 0.999867277365595 0.00033119800624611956
0.17928619972781235 0.9988250343248928 0.00033233102118136845
0.18049459648302218 1.000096203018028 0.0003234556939836925
0.18061999397256065 1.0001036616598946 0.00033107783667760246
0.18067509471211451 1.0003828581346392 0.0003325399893774939
0.1818834767980843 1.0003529837922203 0.0003235701419965531
0.18200887382286965 0.999922223092703 0.00033108537297587366
0.18206398946267655 0.9997498573167639 0.00033252952167943904
0.18327235711314643 1.0000219841007572 0.00032351065988635064
0.18339775390510113 1.0005859668551178 0.00033128758213913116
0.18345288444652397 1.000405771438221 0.0003326050996408325
0.18466123742911938 0.9995664661650333 0.0003233977122803829
0.18478663375450197 0.9995541604299207 0.0003311752413953453
0.1848417794303714 1.000014249206004 0.00033245661563926533
0.18605011797655674 0.9999666008342759 0.0003235061356357293
0.18617551383673345 1.000068477384267 0.0003312724744735652
0.18623067441285457 0.9996656357982645 0.00033227850922558074
0.18743899829116345 0.9998721795977287 0.00032350614368305036
0.18756439368613428 0.9999394305875154 0.0003313002667600972
0.1876195691634166 0.9999184508677008 0.00033250030909775873
0.1888278786071364 1.0006428886968033 0.00032353976776363654
0.18895327376836576 1.000308552605039 0.0003313821623278283
0.18900846414771877 1.0003962941312212 0.00033250619504301954
0.19021675892219853 0.9999101998484704 0.0003235015321154446
0.19034215361867743 0.99984471109544 0.00033138783600483886
0.19039735913111144 1.0001271802773146 0.0003324365695171599
0.19160563923726065 1.0004349721939634 0.0003235877485721061
0.1917310337009089 1.000439314397818 0.0003314361753137997
0.19178625411495887 0.9991639715933768 0.0003322668442457835
0.19299451955323094 0.999633199067096 0.00032346473063611143
0.19311991355030975 1.0001892122241471 0.00033151041667710734
0.1931751488664304 0.9994621970326676 0.0003324218034124354
0.19438339986829306 1.0007606542256446 0.000323573328702682
0.1945087936334494 0.9999217057346124 0.00033146949575849804
0.19456404384936832 0.999909824654154 0.0003324382231555573
0.1957722804157304 1.000285584976516 0.0003235062210718292
0.19589767371522546 0.9997918840922325 0.00033145872599588935
0.1959529388318515 1.0001180616258836 0.0003323942339266154
0.1971611607307925 1.000349598182867 0.0003235228770709206
0.19728655356417354 0.9995290267055302 0.00033150287440946016
0.19734183381615367 0.9998069354407796 0.0003324233406944901
0.19855004104631008 1.0002126177488302 0.0003235283277204086
0.1986754336473132 1.0003067329566544 0.0003316015917572863
0.19873072880045584 0.9997225056638614 0.0003323593316808158
0.1999389213613722 1.0001756572690885 0.00032349262415928305
0.20006431349671402 0.9997072331489558 0.00033164451782568535
0.20011962355101787 0.9992726455806992 0.00033228895018578273
0.20132780167734515 1.0008878334467477 0.00032366615514658933
0.2014531935789455 0.999898258915037 0.000331650889983667
0.20150851853441054 0.9997099615253086 0.00033228514644257566
0.20271668199240728 0.9997025503494127 0.00032345407635887163
0.2028420736620878 0.9999328842359017 0.0003316771397852525
0.2028974135187127 0.9993216032004221 0.00033219265022639143
0.2041055623074694 1.000003142464921 0.00032350493053381733
0.20423095351148865 1.0006246417522557 0.00033181866827794454
0.20428630850210538 0.9993772793173574 0.00033229333949316725
0.20549444262253153 1.0001322461922528 0.00032354909060935624
0.20561983359372013 1.0000991699070765 0.00033181016858173325
0.20567520325266742 1.0003978979051347 0.00033238506622431654
0.2068833231704243 1.000447084427553 0.00032356528094942035
0.20700871344312097 1.0003570115577354 0.00033180638364142546
0.2070640982360601 0.9996381519053468 0.00033238100051866327
0.20827220348548642 0.9998888632948321 0.00032347963346678933
0.20839759352535245 1.0002157459839731 0.0003319244838697506
0.20845299321945276 0.9999286862362062 0.0003323565949876939
0.2096610838014567 0.9996753476612038 0.0003234095279494956
0.20978647360758393 1.0000236979515524 0.00033183431994644687
0.20984188820284544 1.0000157078171632 0.000332377466684746
0.21104996411651883 0.9994590304626525 0.0003233871834654048
0.21117535345789293 0.9992708375225794 0.0003318308551438184
0.21123078295431696 1.0000043998579882 0.0003324341875946692
0.21243884443158095 1.0005762945339909 0.00032355396227540554
0.2125642335401244 1.000141466104067 0.00033195029412824093
0.21261967793770964 0.9996299290953479 0.0003322988881124208
0.2138277247475539 1.0008224660428167 0.00032363237879647625
0.21395311338998066 0.9999525770773225 0.0003319268934753157
0.21400857292155706 0.9994168976914721 0.00033223281389261895
0.21521660506261603 1.0002540518798848 0.00032349771869788
0.21534199347221214 1.0000401305932602 0.00033200282283001785
0.21539746790494974 0.9998261409072056 0.0003323993810003129
0.21660548537767815 1.0003733802479282 0.0003235779397316709
0.2167308735539882 1.0001210680838488 0.0003320402774494291
0.21678636288788766 1.0000878898430652 0.0003324186230539097
0.21799436569274028 1.000335466023387 0.000323578093311563
0.21811975340338904 1.0004734413909344 0.0003321551471922504
0.2181752576384497 0.999687020584256 0.000332294672424408
0.21938324624063305 1.0002757357152792 0.000323513954246394
0.21950863348653135 0.9990626739673134 0.0003319036920625266
0.21956415262275186 0.9995875150224458 0.0003322791130272444
0.22077212655569517 0.9999443177412178 0.0003235051435197582
0.22089751356876283 0.9999703165009568 0.0003321043005088774
0.22095304760614454 0.9992688855606005 0.00033216275739875097
0.22216100687166546 1.0004296317310026 0.000323446534356949
0.22228639341816367 0.9998425810032996 0.00033210939211345653
0.22234194258999196 1.0003385974799812 0.0003323667149778742
0.22354988718672758 0.9995114445316007 0.0003234450289439875
0.2236752735013033 1.0002736313523448 0.00033219830159482243
0.22373083734100874 1.0002761584692068 0.00033230567511253675
0.22493876750224512 1.0000670945945656 0.0003235039161517173
0.22506415358444562 1.0002392950455155 0.00033218907431170435
0.2251197323244014 0.9998014551849497 0.00033236943730864037
0.22632764781730724 1.0002369696002327 0.0003234965024541669
0.22645303343339104 0.9998539518254151 0.0003322433798145995
0.22650862730779409 0.9999863275232108 0.00033233426578253107
0.22771652813191395 1.0002082347772134 0.0003235071337831755
0.2278419135151671 0.9999462736440659 0.000332295182422106
0.22789752229118676 1.000335079963331 0.0003323696862913919
0.22910540844697608 1.0003102772884662 0.00032348630273109177
0.22923079359830942 0.9999339311496592 0.0003322507981965268
0.22928641704265829 1.0002938562394026 0.0003323174924638293
0.23049428876294903 1.0000775679404394 0.0003234933832646715
0.2306196736805409 1.000070359795534 0.0003323354003677915
0.23067531202605096 0.9993226276892071 0.0003321683149787215
0.23188316907801115 0.9995483741985326 0.0003233965884320474
0.23200855352994174 1.0001667942756758 0.00033235970023409126
0.23206420700944363 0.999901646050775 0.0003323048220273405
0.23327204939307328 1.000189977698069 0.00032348772390140135
0.23339743361308138 1.0000175418021204 0.0003323241925545254
0.2334531019937458 1.000094145288685 0.0003322708728421875
0.23466092970904356 1.000181628391496 0.00032351578907120873
0.23478631369531286 1.0007098952877707 0.0003324418271155589
0.23484199674430783 1.0002626879358196 0.0003322139072388039
0.23604981025693633 1.000546775568185 0.00032360107448941666
0.2361751935447137 1.0007625805590348 0.0003324707835295753
0.2362308917277005 0.999680125704483 0.0003322354479498825
0.23743869057199846 1.0009621117972234 0.00032360809683042743
0.23756407362694518 0.999852902538518 0.00033244333749958517
0.23761978671109318 0.9995951619331003 0.0003321722555360645
0.23882757088706058 0.9997779576995726 0.00032344264347026965
0.23895295370917666 0.9993783920201978 0.00033230669540793305
0.23900868169448586 0.9996594773909929 0.0003321758137605528
0.24021645120303353 1.0002300117643335 0.00032350650769247404
0.24034183379140814 1.0001226604237399 0.0003324834681323848
0.2403975764450479 1.0003398588260097 0.00033230865370489183
0.24160533151809566 0.9998812476145054 0.0003234811944614593
0.2417307136417198 1.0001191988982254 0.00033250974703033883
0.24178647142935006 0.9994493851344569 0.00033212173747840414
0.24299421183315778 1.0004084660685348 0.0003235848742347702
0.24311959372395128 0.9997612734565825 0.0003324492395068902
0.24317536641274273 1.0001777968630687 0.0003322452368332774
0.24438309214912807 0.9998505412990081 0.0003234855471841846
0.24450847380618276 0.9998146143727089 0.0003325138476187657
0.24456426139659015 0.9993442355647212 0.0003320550329699559
0.24577197246373475 0.9993515676175445 0.0003234043815856981
0.24589735388841424 0.9997216875159622 0.00033253488789930307
0.24595315614715219 0.9996883361633513 0.00033210343089901443
0.24716085277834415 1.000265992607432 0.0003235448791237344
0.24728623397064572 0.9996574897007923 0.00033252542778791617
0.24734205113054486 0.9998950167161682 0.0003321021589484217
0.248549733093859 0.9994663616266547 0.0003234272159256435
0.24867511382004656 0.9999204572470131 0.00033259838858215265
0.24873094611439228 0.9994221091260016 0.00033198164470191004
0.24993861340937656 1.0002897074773656 0.0003235351450732046
0.2500639939031862 1.000192126948355 0.0003326738231670239
0.25011984109778496 0.9996888582722133 0.00033208224375491933
0.2513274937244387 0.99978507095978 0.0003234278432060074
0.25145287398541766 0.999944587787282 0.00033261136571487333
0.2515087358492565 0.9998529895978261 0.0003320940657598886
0.25271637404041164 0.9998992138276844 0.0003235670601937225
0.25284175406764914 1.0000664730917137 0.00033267763271959506
0.25289763083264916 0.9992892057561856 0.0003319806516745964
