-0.1848433572422487 0.9981503096029403 0.004837595226620401
-0.18460203972484257 0.995530665453593 0.0047709545021111365
-0.18452888557931146 1.0083325014967104 0.00495070686806007
-0.18423190651913163 0.9945347295494624 0.004776611714202398
-0.18345445174555 0.9857438483670148 0.004831565285455423
-0.18321313911804282 1.005733816031247 0.004777235145558647
-0.18313996168899394 0.9978220594258218 0.004943834175928995
-0.18284298588889786 1.0031955982615184 0.00478192847994275
-0.182065546248854 0.998918602360506 0.004836429772686288
-0.18182423851124574 1.006245725361901 0.004771289556757359
-0.1817510377986764 0.9991869584611527 0.004944605794409833
-0.1814540652586641 0.9963988213175858 0.004774853241972535
-0.18067664075261342 1.004591441244979 0.004848616733394057
-0.18043533813727664 0.9968008258209973 0.004774772659158036
-0.18036211390881363 0.9911116008541383 0.004932906084246389
-0.18006514439514426 1.001261534820089 0.004782136713130319
-0.17928773525637012 0.9990517422866887 0.0048401890686997715
-0.17904643753047955 0.999670705413504 0.004777724142223071
-0.1789731900184961 1.0022668467850302 0.004938948254537506
-0.1786762237644564 1.0053256879520167 0.004789224594041742
-0.17789882976012955 0.996070330042771 0.004838124059650204
-0.17765753692413522 1.0014779669907194 0.004774558307901842
-0.17758426612772382 0.9965585705934985 0.004945107807192753
-0.177287302901392 1.0004345671337092 0.004781663165059944
-0.1765099242643417 1.0009620359937603 0.004842410785263665
-0.1762686365501661 1.0005866112916415 0.004778180620638561
-0.1761953422383158 1.0039413753035102 0.004945601504530824
-0.17589838227115823 0.9959098741660692 0.0047796972931931836
-0.1751210187681011 1.002109538180606 0.004840467569718237
-0.17487973594382444 0.9993322407266518 0.004771801404470071
-0.17480641834799826 1.0016405202057406 0.004953086851873892
-0.1745094614085479 0.9949634901025886 0.004780654611100151
-0.17373211327231325 1.0072853848629277 0.004840229297687995
-0.17349083556985534 1.0037836869592898 0.00477332265237797
-0.17341749445722598 0.9996550632074331 0.004951983934643354
-0.17312054077831412 0.9999740065215015 0.004781481459704326
-0.17234320777606996 0.9966112479384159 0.004844874130153455
-0.17210193496305826 0.9930206607636367 0.004766755075058001
-0.17202857056781795 1.003519204582545 0.004948010975230315
-0.17173162014808036 1.0002133242136935 0.004780057436858894
-0.17095430227982938 1.0054685534961783 0.0048506424389748596
-0.1707130343562585 1.0033097356801357 0.004775802406294196
-0.17063964667795517 1.0068441777834554 0.004939564414911162
-0.17034269928456186 1.0001125060590506 0.004785929293638429
-0.1695653967835861 0.9919626912227196 0.00483692990055627
-0.16932413398229207 0.9936845983172758 0.004768817588693534
-0.16925072278854714 0.9996733762563723 0.004941963643089262
-0.16895377865387268 1.0016841645368177 0.004788665648087357
-0.16817649128779824 0.9922015297658637 0.004835806390280173
-0.16793523337594773 0.9924178029926113 0.0047709785991557905
-0.16786179889868436 0.9934031748271281 0.0049317551113210525
-0.16756485779080826 1.0002486270954882 0.004777962886712021
-0.16678758602393287 0.9956847640271805 0.0048362478750303564
-0.16654633300197863 1.0022673187326934 0.004775959919383826
-0.16647287500791208 1.000231409764491 0.004935515902569578
-0.1661759371610299 0.9956735214312112 0.004783110378629334
-0.16539868052632603 1.00351998026611 0.004850390291517749
-0.16515743239563696 1.0027914920382184 0.00477817144619745
-0.1650839511180493 0.9943194291005688 0.004933251534089623
-0.16478701653079614 1.00095160843647 0.004782741052325944
-0.16400977502963002 1.0118266807584362 0.004849863861016291
-0.16376853202166786 1.0007909742165768 0.00477515874760747
-0.16369502722818652 1.0180087640935576 0.004955070592938069
-0.16339809566682223 0.9910259751023983 0.004776589376957703
-0.16262086953338944 1.0022551275575873 0.004843429021616362
-0.16237963141395995 0.991408471921232 0.004764625824442272
-0.16230610333832374 0.9950678042070079 0.0049392191512017125
-0.16200917503658846 1.00361997236412 0.004788482199154229
-0.16123196403714615 0.9995216285920578 0.004848496797192078
-0.1609907310399935 0.9932491182029297 0.004760712005333024
-0.16091717944846096 1.0036751038029392 0.0049373424033889194
-0.1606202544054452 0.9913910388931493 0.004773566971402901
-0.1598430585413583 1.0005796225854122 0.0048401684355419425
-0.1596018306660244 1.0011898774388108 0.004771795707480798
-0.15952825555859818 1.0055491739525397 0.004940301444185631
-0.15923133354192537 1.0022882470994396 0.004780692695206596
-0.15845415304511773 0.9975472878822155 0.0048457293560418575
-0.15821293005922732 0.9962482554632166 0.004770409993102281
-0.1581393316678259 1.0052539170785915 0.004937933102686882
-0.157842412912147 1.0025552535644782 0.0047870168233033784
-0.15706524754932985 1.0024548928482107 0.004849581252985507
-0.15682402968525821 1.0005409855541367 0.004775413783197775
-0.15675040777796312 0.9968391992932262 0.004938196962844185
-0.15645349228191324 1.0074700887841208 0.004787064005538355
-0.15567634205308928 0.9961662219314911 0.004836933011056718
-0.15543512907891388 0.9920210148445072 0.004765092787403962
-0.15536148388855509 0.998092649904856 0.004934755912022426
-0.15506457141884883 0.9949615370049587 0.004776687588695097
-0.15428743655684599 0.9989538199690984 0.004839551241939618
-0.15404622870494744 0.9947576493931735 0.004760589641890248
-0.1539725599986923 0.9934766267397211 0.0049307748369052384
-0.15367565078861506 1.0056165209657941 0.00478685618595349
-0.1528985310606054 1.0052172510077562 0.0048542144928081085
-0.1526573280986031 1.0040893352200653 0.00477338287796213
-0.15258363610882952 0.9983664341492382 0.0049358958939091655
-0.1522867301583813 0.9978122462320445 0.004783169494105799
-0.15150962556436212 0.9980497935397952 0.0048415247041742
-0.15126842772463667 1.0092176212398234 0.004771307884087404
-0.151194712218512 0.9980381232243162 0.004937231365553383
-0.15089780952723802 1.0078493263344972 0.004792355687029427
-0.1501207200672107 1.0012311021939957 0.00484967246335445
-0.1498795273497594 0.9985716429500403 0.004768236715820904
-0.14980578832819447 1.0054869251956928 0.004940559601874702
-0.1495088886641736 1.0045528759745301 0.004780141950890956
-0.14873181457097012 0.9980236659476963 0.004842010885481329
-0.14849062674295965 1.0027708375186262 0.004772282788065345
-0.14841686443833169 1.0045312582900685 0.004951628102385811
-0.14811996803439392 0.999670661130339 0.004780092735457166
-0.14734290907472683 0.9998861084490724 0.004848308586058148
-0.1471017263689932 1.0080986793071367 0.004773000648593338
-0.14702794054892365 1.005980761624117 0.004948357336840289
-0.14673104740416015 0.9954732653843115 0.004780414659725669
-0.14595400381177231 0.9888942687179311 0.004834494938351689
-0.1457128259950241 1.004129620624074 0.004769341071375838
-0.14563901665906087 0.9965683189961604 0.004936045069317119
-0.14534212654109574 0.9952785060665821 0.004776165441227332
-0.14456509831552905 1.0030136437649448 0.00484250527912144
-0.14432392538822703 0.9977036763087932 0.004763182540259934
-0.1442500927691981 0.9981857336135653 0.004936707137807578
-0.14395320591131738 1.0062337879176382 0.004787085976958718
-0.14317619281974117 1.000927164869773 0.004846835042612273
-0.14293502501471333 0.9978231250722579 0.0047651798344798746
-0.14286116887888056 1.0022656618653332 0.004935885712940052
-0.14256428528017412 0.999928204751462 0.004781581162292325
-0.1417872873235006 1.0015500305345169 0.00484596970156995
-0.14154612464074692 0.9905554154602797 0.00476272934003457
-0.14147224498856303 1.0002316191706269 0.00494147632658315
-0.14117536464948494 1.0042908325426825 0.00478444085276637
-0.1403983818272573 1.0028658668004333 0.00484104238856724
-0.14015722426632238 0.9918818737445461 0.004763345508677336
-0.14008332109870025 1.000519883207522 0.00494976872575195
-0.13978644378687594 0.9994314245876099 0.004778552380613624
-0.13900947633101673 1.0025032716934914 0.004849938032134479
-0.13876832365861447 1.0060519159479664 0.0047719385599097296
-0.13869439720883747 0.9950961047682648 0.004934535447563312
-0.13839752315664217 0.9987029848402893 0.004781692886088604
-0.13762057083522888 1.0015890757420496 0.004843843710615837
-0.13737942328510078 1.0045502630133452 0.004770845973531522
-0.13730547331942944 1.0040885740048828 0.004947249593920941
-0.1370086025264084 0.9971406881489631 0.004780632817811251
-0.13623166533898828 1.003980893475649 0.004845189880875993
-0.13599052291113434 1.0098720871402638 0.004778361321091634
-0.13591654942956666 0.9955385684080513 0.004942073725322507
-0.13561968189617463 1.0001323179614328 0.0047799160125305525
-0.13484276007512022 1.0004555707094558 0.004841400870394574
-0.13460162253762065 1.0021581940784297 0.004770262330990072
-0.13452762553924913 0.9926762995968521 0.004935145531827287
-0.13423076126594086 0.9969234930428869 0.0047791025973687555
-0.13345385457842424 1.0027204451706913 0.004844657175180098
-0.1332127221636542 1.0052725730022931 0.004770928120571867
-0.1331387016489316 0.9979990596295732 0.004934094958154947
-0.13284184040196695 1.000367611062368 0.004780700062944078
-0.13206494908218094 0.986167578117794 0.004835925683668816
-0.13182382155685446 1.0001493848794887 0.004767520692632814
-0.13174977775906882 0.9996234196488967 0.00493743268164144
-0.13145291977173318 1.007132788065005 0.004787168766693294
-0.13067604358639578 1.002019419304442 0.004846355888900048
-0.13043492118288802 1.004023852688379 0.004770963014085389
-0.1303608538696608 1.0034738517278303 0.004945347617854011
-0.1300639991419535 0.9949343907784136 0.0047774431253379025
-0.1292871380901525 0.99683254851898 0.004846979958637574
-0.12904602080937433 1.0014195970329745 0.00476842921966202
-0.1289719299788885 0.9981467078978398 0.004946185801223436
-0.12867507851171972 1.008458277365884 0.0047879495157358495
-0.12789823259391192 0.9977723715659431 0.004841116903194726
-0.12765712043540522 0.9956389922014597 0.004767437942582901
-0.12758300608857098 0.9957914810762132 0.0049427083320911615
-0.12728615788194136 0.9880966641597744 0.00477555877084248
-0.12650932733049927 0.9956874525493116 0.004840929977313079
-0.1262682200618942 0.9966836185155608 0.00476180876981468
-0.12619408219825345 0.9985033655939605 0.004942931981391673
-0.12589723701887695 1.0020432524610496 0.00478192050929266
-0.1251204218347141 0.9979425633204049 0.004839064083576383
-0.1248793196879251 1.0099344254608065 0.004769328892511621
-0.12480515830748118 1.005116213538102 0.004941080062329239
-0.1245083163877337 0.9985801525443132 0.004780236265108946
-0.12373151633847085 0.993254021473689 0.0048434518764294285
-0.12349041931395867 0.9980653394370378 0.004768932820752119
-0.12341623441807315 1.0005471765849205 0.004938839120335382
-0.12311939575749993 0.9941574394476046 0.004777768201493034
-0.12234261084268298 1.0058170879798123 0.004850894930938285
-0.12210151870715891 0.9969077817058587 0.004764243253087667
-0.12202731052821036 1.0002498280717793 0.004939829333738942
-0.12173047512726616 1.0019474114250362 0.004782517972057967
-0.1209537053464424 1.006031485605372 0.0048458972966587185
-0.1207126183336479 1.0033837945337587 0.004765321287036693
-0.12063838663880233 1.002655332541436 0.004950182627897961
-0.12034155449703239 0.9978466248615647 0.004779147245975874
-0.11956479985019912 0.9966477395457777 0.004841456485552891
-0.11932371795967878 1.0028255932466597 0.004769115946752234
-0.11924946274893955 1.00197656149849 0.004943019670960645
-0.11895263386679862 1.0054092521004099 0.004788521406453243
-0.11817589458633376 1.0014946136451144 0.004844838413078644
-0.11793481758525694 0.9987284320732126 0.004763282048931923
-0.11786053885816727 0.9882294943911671 0.004925174545251605
-0.11756371323701892 0.9945435062680728 0.0047792360935604355
-0.11678698908963775 1.005153936235953 0.0048581883391417835
-0.11654591721083239 0.9929616656163791 0.004763580059127459
-0.1164716149683045 1.0002653289951347 0.004941268551192189
-0.1161747923739545 0.9962816220710523 0.0047755990085716635
-0.11539808359248632 1.0088438748311348 0.004847994299555744
-0.11515701683686597 0.9965863882693313 0.004759602270327255
-0.11508269107844171 1.0050014622851178 0.004941102032322911
-0.11478587174326667 1.00302787026159 0.00478462042312442
-0.11400917809578762 0.9989735083747008 0.004842041061751014
-0.11376811646335228 0.9980130972101025 0.004764198891717784
-0.11369376718857893 0.9992273924495171 0.004936411489690268
-0.11339695111166798 0.9946418992319833 0.004778548321393521
-0.1126202728328331 1.0035704392329217 0.004861094824937147
-0.11237921608938585 1.001012281347586 0.004762484505837037
-0.1123048435315468 1.000395006615541 0.004938066204718603
-0.11200803048098014 0.9969488890629655 0.004778813962445224
-0.11123136733658982 0.995828848640885 0.004841368903947125
-0.11099031571541673 0.998263893433134 0.004761830724642457
-0.11091591964168401 0.9921917407028292 0.004942978868808842
-0.11061910985074637 0.9976932381743657 0.0047776962801252395
-0.10984246184034924 0.9982791751769277 0.0048467459485675105
-0.1096014153414503 1.0062391972253526 0.0047678257455937055
-0.10952699575091174 1.0075644617684403 0.004948096187140892
-0.1092301892205126 1.0043640554723332 0.00478432762982375
-0.10845355634410596 0.988914808288614 0.004843162031090884
-0.1082125149679366 1.0002230688129812 0.004758361247421027
-0.10813807186104896 0.9991072757828597 0.004943230527203345
-0.1078412685907329 0.9969120268631368 0.004781115474559333
-0.1070646508483208 0.9991238763305733 0.004841005353549451
-0.10682361459396748 0.9996482151110466 0.004765801544903134
-0.10674914797164092 0.9930637311805608 0.0049353130128583726
-0.10645234796004506 1.0061932543081467 0.0047842016995519685
-0.10567574558490817 1.0000181154216943 0.004839123453887492
-0.10543471422045649 0.9999388526763494 0.004765932558249369
-0.10536022408177814 1.0017757539471832 0.004948331281523896
-0.1050634273289018 1.0039385379687362 0.004789387927928701
-0.1042868400891203 0.9949587238889225 0.004835871125325664
-0.10404581384648737 1.0017940438600363 0.004771844507812079
-0.10397130019237011 1.0024418720633608 0.004945162903606896
-0.1036745066991221 1.001030832219092 0.004779112818041603
-0.10289793459287971 0.998258361876996 0.004842191398784065
-0.10265691370535159 1.0018066072553358 0.004763078891708842
-0.10258237630159783 1.0031263347347128 0.004940477967531859
-0.10228558606888832 1.001282811470702 0.004784587048789752
-0.10150902909572829 0.9976136147239334 0.004839210525555314
-0.10126801333138247 1.000704686174959 0.004768824512325406
-0.1011934524112803 1.0012542015633132 0.004934308215905579
-0.10089666543910998 1.0018593724147238 0.004785233221571914
-0.10012012383231565 0.9999157521143598 0.00484218902714188
-0.09987911295696061 1.0016891110268142 0.00476124954634879
-0.09980452852141752 0.9993620875642727 0.0049479946358122135
-0.09950774480887621 1.0052937702777864 0.004787100340310398
-0.09873121833607507 0.9928225523068341 0.004836903027986863
-0.09849021258253877 1.0050732746869393 0.0047685912237557864
-0.09841560463200949 1.001846400312298 0.004946664071634919
-0.09811882417864244 1.0011679068077595 0.004776232753021443
-0.09734231283983179 1.004696261030804 0.004850112927151357
-0.09710131220856966 1.0017140070415833 0.004767472839500666
-0.09702668097497735 1.0029418161162829 0.004941017841787453
-0.09672990354795324 1.0024307368721674 0.004782544059266211
-0.09595340757642185 0.9994571683034424 0.0048427447009570445
-0.0957124118341478 0.9968294601387515 0.004760108924416713
-0.09563775708511457 1.00094865466961 0.0049374592046598
-0.09534098268443476 0.9965019311876223 0.004785526451251294
-0.094564502080634 0.995669649792838 0.004840440734642277
-0.09432351145972596 0.9960424487469548 0.004762041671265682
-0.09424883319479704 0.9989968754521348 0.004940869594881829
-0.093952062054201 1.0048137106608055 0.004786114759795385
-0.0931755965843907 1.0002276664946759 0.004838453771907242
-0.09293461131858749 0.9990915569747681 0.004763556030079003
-0.09285990930447952 1.009291496561412 0.00494373938965865
-0.09256314142396722 0.9979516703126574 0.004778869665168742
-0.09178669108860554 1.000853436361988 0.004839153893314975
-0.09154571094462106 0.9997636769441228 0.0047729701223194814
-0.09147098541461673 0.9962672974373846 0.004934020710278747
-0.09117422079418752 0.9968410628930721 0.004777830829866341
-0.09039778582519291 1.0065892318264842 0.0048505391706097035
-0.09015681057110736 1.0003696405245899 0.0047614688019472495
-0.09008206152475395 0.997573618682707 0.004934837293291285
-0.0897853003967844 0.9984678422048485 0.004775741485896915
-0.08900888032895232 1.000217385296797 0.0048447751912931054
-0.08876791019713824 1.0031409242689977 0.004767478318881236
-0.08869313763534592 0.995903425906426 0.0049400886135101945
-0.08839637976655063 1.0025449789517276 0.004776867643159535
-0.08761997483270904 1.0025778595654335 0.004846696998323552
-0.08737900982362724 1.0049249964381426 0.004770229938417327
-0.08730421374548314 1.001997215843204 0.004944002023622058
-0.08700745913586279 1.0029702978555965 0.00478252253686388
-0.08623106956975453 1.004394351609823 0.004839734564595814
-0.08599010968248877 0.9946573856563746 0.004770245663990593
-0.08591528985516561 0.9975613283044708 0.004938047729549145
-0.08561853850517359 0.9999424457688405 0.004777594192921068
-0.08484216407305582 0.997167061719885 0.004845431191814604
-0.08460120930852234 0.9938656559263617 0.004760949458703567
-0.08452636619767873 1.0030696468904716 0.004947813506911236
-0.08422961787493982 1.0019266181197188 0.004790744505819891
-0.0834532585759044 0.9998307789811537 0.004839304524536571
-0.08321230893455323 1.00480684157651 0.004764775692420172
-0.08313744230781595 0.9953731187425525 0.004930844805171274
-0.08284069724516148 0.9999264843956278 0.004775273494878214
-0.08206435331249445 1.0012179291845864 0.004838791222401752
-0.08182340879387286 0.9970647707802766 0.004758587396857308
-0.08174851841840791 1.006614233900014 0.004948707599234667
-0.08145177661492771 0.9996793807891069 0.004783494665848299
-0.0806754478167066 0.9993523795734397 0.0048406085490242355
-0.08043450841990374 0.9988706669260593 0.004759689316125026
-0.08035959452763564 0.9960710489194401 0.00493445985624242
-0.08006285598469394 0.9928545302912969 0.004776830192261869
-0.07928654232046602 1.0017940164764245 0.004836313576679263
-0.07904560804639005 0.9980608948232539 0.00476838099091283
-0.07897067063731811 0.9998783598980774 0.004937156941090551
-0.07867393535400474 0.9984525619517282 0.00478165451003315
-0.0778976370575088 0.9990491260281243 0.004844715052405216
-0.07765670790525427 0.9993893960145575 0.004758056866078315
-0.07758174674700058 0.996209907413911 0.004937826117416544
-0.0772850147233169 0.9975126263296519 0.004771847587007873
-0.07650873156126552 1.0031053951215285 0.00484294242145868
-0.07626780753128515 1.003991242666176 0.00476425572819773
-0.07619282285668305 1.006421119241805 0.004949383484363272
-0.07589609409308314 0.9955446116244812 0.0047745856311182935
-0.07511982606502493 0.9961403694929922 0.004842860706217624
-0.07487890715731872 0.9930846681174275 0.004762170747071667
-0.07480389919965091 1.0068387765607452 0.004945956667798173
-0.07450717346284937 0.9992552883809701 0.004784685870464784
-0.0737309208016123 1.0030322199043853 0.004846868991223158
-0.07349000701663566 1.0106196942705532 0.004768309051041671
-0.07341497530978813 0.9954986211786414 0.004938815795976773
-0.07311825283306966 0.9963953616671616 0.004771359744747175
-0.07234201530582443 1.0019654051273155 0.004842813537383386
-0.07210110664221382 1.0042676729671411 0.004767556793223693
-0.0720260514203801 1.0062277879737944 0.00494691402551056
-0.0717293322028359 0.991777993239407 0.004770673583810676
-0.07095310980958386 0.9980272119822675 0.004848882991367681
-0.07071220626733656 1.0006490580449143 0.00476441262120408
-0.07063712753051732 0.9995146978504831 0.00493830893610569
-0.07034041157305755 1.0038729954249743 0.0047821169476332925
-0.06956420454662664 0.994134572432627 0.004835194027334662
-0.06932330612619808 0.9988448401796652 0.004771895678991013
-0.06924820363974504 1.000340200339379 0.0049388360761798734
-0.06895149117474493 1.0021696943195364 0.004779117422995339
-0.06817529904947521 1.0050863879464578 0.004840507753138266
-0.06793440575268438 0.9924181801371609 0.004759908281534935
-0.06785927974988226 0.9968991942764934 0.00493633548114858
-0.06756257054405573 1.00195654465012 0.004781656333459533
-0.06678639355232378 0.9892147603249176 0.004831395832881506
-0.0665455056115486 0.9985290666317373 0.004763532897088389
-0.06647035609285012 0.9932448784733487 0.004932582952842775
-0.06617364991427739 0.9973985399455735 0.004781971680167178
-0.065397488288003 1.0004329868671724 0.004839722211948696
-0.0651566052380349 1.0022625367967621 0.004767804319463435
-0.06508143220298734 0.9982182581050297 0.004937171407030505
-0.06478472928313413 0.9928350962225215 0.004773762690413815
-0.06400858279221514 0.9998625039213047 0.00483812992594032
-0.06376770509689912 0.9934610107310271 0.004756520041609219
-0.06369250831312456 0.9980712872320195 0.0049341107719958685
-0.06339580865244493 1.0005783211580683 0.00477842792398464
-0.0626196775288052 1.000675586696181 0.004850326980450942
-0.06237880472293 0.994080487982561 0.004757406067970373
-0.06230358442371653 1.0015305925144076 0.004940497227060081
-0.062006888022211167 1.0038847227831613 0.0047861186139527894
-0.06123077203301734 0.9971835711160447 0.004840737903954873
-0.06098990458179422 1.0022933121461635 0.00476315547713522
-0.060914660533399 1.0045839641496233 0.0049439523414542465
-0.06061796739243282 1.0001454585884173 0.00477634497122195
-0.059841866536776755 1.0048857248549548 0.004842572830605518
-0.05960100420828052 0.9912127674521534 0.004759108525185043
-0.059525736642626725 0.997225567460542 0.004944674966926824
-0.059229046994120196 1.0028086473682278 0.0047812927250606855
-0.05845296127336412 0.9983746451336425 0.004842549230866925
-0.05821210406714204 0.9925605063977532 0.004761016784112534
-0.058136812986049335 1.0085218907549556 0.004941968658921864
-0.057840126363431006 0.9985354486704037 0.00478062565099583
-0.057064055777123535 1.0011692088069888 0.004846552399347798
-0.056823203693631044 0.9960633431101986 0.004756467863738601
-0.056747889096186555 1.001555021940983 0.004944462306344148
-0.05645120573365266 1.0036543836638445 0.004785737248477959
-0.05567515051416632 0.9946594263698164 0.004838156897239574
-0.05543430355249256 0.9986821337110606 0.004762857454384884
-0.05535896520677852 1.0015477804443105 0.004939701494440904
-0.05506228510341889 0.9921725714636784 0.004777848801267541
-0.05428624501792304 0.9968695628522084 0.004841434798663362
-0.054045403178526144 1.0011810007991295 0.004766716878133273
-0.053970041316006245 1.005007478569088 0.004942129015954899
-0.05367336447318512 1.0024766732884984 0.004780186713393761
-0.05289733975405768 0.9999546117509416 0.00484319603208891
-0.05265650303738766 0.9998196085624615 0.004764399955614052
-0.05258111742568872 0.9983979462583678 0.004935286758940128
-0.05228444407578199 0.9948263838662098 0.004773520329362429
-0.05150843425690625 1.0043609881108575 0.004841561085638921
-0.05126760289625189 0.9949905847132141 0.004761068154876304
-0.051192193536280683 1.0022490172503677 0.004941454092978345
-0.05089552344554822 1.0020058068255475 0.004777340502402518
-0.050119528761121086 1.0016302890006794 0.0048537205017088894
-0.04987870252046377 1.0000249333421136 0.0047609716516467645
-0.049803269879248546 0.9955032952133349 0.004935066766971337
-0.04950660281440496 0.9968229843955291 0.004776881906540592
-0.04873062349770845 0.9922554266000599 0.004838484485330417
-0.048489802379328 1.0022598038879138 0.004766595655643932
-0.048414345989385765 0.99831347008161 0.004934176742308622
-0.04811768218417119 1.0000053011947183 0.0047801427032466695
-0.047341718001920594 1.0065829324679136 0.004844561948507581
-0.04710090223818952 1.0002679820285927 0.00476414241632196
-0.047025422099522984 1.005211199366 0.004942230840227619
-0.04672876155439149 0.9991819056883775 0.0047736428754704165
-0.04595281273851065 0.9946482777101998 0.0048358100636516355
-0.0457120018642231 0.9886472596316969 0.004754300162945569
-0.0456364982096602 1.002560770601764 0.004940022824532054
-0.045339841156988366 1.0091814444606904 0.004785598589243726
-0.04456390724226737 1.0043953662731635 0.004852213101406318
-0.04432310172308462 0.9978855191985595 0.004764980191085025
-0.04424757455171857 1.0008266208246697 0.004941883678083685
-0.043950920527210016 1.0034804528938481 0.004785526747431236
-0.04317500197885743 1.0041564339968339 0.0048517146131839975
-0.04293420158240426 0.9984293905167141 0.004765466017576132
-0.04285865066185579 1.0016936754672143 0.0049348387306995915
-0.042561999896976246 0.9968254787288873 0.004797509525845043
-0.04178609648306957 1.0045977955619267 0.00484281510231038
-0.04154530120843514 0.9955407177314387 0.004755104648248792
-0.04146972677199301 1.005741448590552 0.0049474185863675225
-0.04117307926583298 1.0011288247138106 0.004786235665408104
-0.04039719121965963 0.9990791667128224 0.004842681662312996
-0.04015640106775208 0.9987379550576984 0.004760430800505356
-0.040080802882584976 0.9997546054502711 0.004941125527723062
-0.039784158868429856 0.9967752100197957 0.004782944685195837
-0.03900828572387177 0.9999502399313602 0.0048440282833360805
-0.03876750092661631 1.0043991639208578 0.00476334708108861
-0.038691878992722195 0.9956297810905411 0.004934164971194763
-0.038395238238196086 1.0002435704313706 0.004783205595784291
-0.03761938046045914 0.9998036129590046 0.004844531133033184
-0.03737860055264718 0.9954197521846293 0.004758527523855479
-0.03730295533523531 0.9993832741571647 0.004943349505094659
-0.037006317607962316 1.002659864215887 0.004779712613919934
-0.03623047496330771 1.0002364386948006 0.0048497430473622635
-0.03598970041151141 0.9986165036981568 0.004761606533727616
-0.03591403144491778 1.0046569747648058 0.00494077427415541
-0.03561739721055919 0.999217900300538 0.004778504257283915
-0.03484156969989777 0.9920047616040255 0.004840562429143326
-0.034600800270372926 0.9974544517776401 0.004760111590507586
-0.034525107555055 1.001191763086413 0.0049373606660785396
-0.034228476580779495 0.999377589806873 0.0047802302366750805
-0.03345266420365449 0.9983449464216225 0.004844883128702549
-0.03321190012969257 0.9976760719385908 0.00476656999051627
-0.03313618366564697 1.0059538392204035 0.0049446191590388254
-0.032839555950545725 0.9977454975456591 0.004777441377958362
-0.03206375894024455 1.003463795701512 0.004842048437938539
-0.03182299998855409 0.9912372558575097 0.004757873070812752
-0.031747260007705336 1.0027152079674626 0.004941984845557571
-0.031450635552688525 0.9983527440255037 0.004776262329748178
-0.030674853444001268 0.9963861395157376 0.004847718487851686
-0.030434099615040396 1.004502372674716 0.00476618796872189
-0.030358336117387807 1.007467208255493 0.004941247071884968
-0.03006171492154526 1.004815567069617 0.004782118756270499
-0.02928594818104675 1.000343278712178 0.004846955303730061
-0.029045199473904614 0.9982246726103278 0.004761721181992125
-0.02896941222707028 0.9968363593485841 0.004939536851609532
-0.028672794291765565 0.9973490379208269 0.004778087259176806
-0.027897042684803468 0.9952923362452903 0.004842837863921821
-0.02765629933185799 0.9947735092355047 0.004754146645873061
-0.02758048833675275 1.0006604173797602 0.0049448926220001105
-0.02728387389436244 0.998180991612047 0.004777121825462571
-0.026508137421846253 0.9964314481630056 0.0048414054927577495
-0.026267399190719517 0.992701121568809 0.004758786291416613
-0.02619156444688997 0.9954449275065594 0.004934784656693466
-0.02589495326458409 0.9991972637691181 0.00477592740879712
-0.025119231925605667 1.0030887752609035 0.004844744629828433
-0.024878499049583735 0.9998026009528053 0.004759647219495524
-0.02480264079031258 0.9942875034599296 0.004933107090346666
-0.02450603263435032 0.9906251428542218 0.004778507426471785
-0.023730326662193033 0.9955868939636624 0.004836874653037718
-0.02348959890844526 0.9971307434816561 0.004768425845173998
-0.0234137169004498 0.9967771211258613 0.004936546334641747
-0.0231171122360377 0.9962889159946597 0.004777475900066415
-0.022341421165952446 0.9888088440577986 0.004835538825251769
-0.022100698534478835 0.99878580178815 0.00476229323724048
-0.022024793010587018 1.0019441082365295 0.0049368573876958
-0.02172819160580393 0.9934729735455476 0.00478537879601029
-0.020952515902995232 0.9926349835408117 0.004839447056040388
-0.02071179839379578 0.9914850263008161 0.004759483030333798
-0.020635869119814743 0.9958573856582733 0.004951178465152074
-0.02033927097557016 0.9968972151757057 0.004776835122808828
-0.019563610406299226 0.9918332671056904 0.004837449577801096
-0.019322898252657306 0.994866541735188 0.004760833508953543
-0.019246945462782605 0.9951244566823452 0.004932808259730952
-0.018950350578167033 0.9974979775287912 0.004778697501868954
-0.0181747051410676 0.9955663238146971 0.004840862192227187
-0.017933998111976945 0.9873659310002142 0.004747408358712619
-0.017858021572919824 0.992605602702054 0.004937575933726381
-0.017561429947933263 0.9882109566577263 0.004764703827132585
-0.016785799644827015 0.9916344762513181 0.004832077814201409
-0.01654509797083847 0.9923932503900692 0.004758267317418697
-0.016469097683057043 1.0036410018793063 0.0049414530735573114
-0.016172509317699493 0.9843909978743175 0.004769564368071733
-0.01539689438141438 0.9927679065144873 0.004835505837998534
-0.015156197829702688 0.9940228449955755 0.004756768223278335
-0.015080174026024906 0.988768026398207 0.004933694909185332
-0.014783588919386872 0.9905517825645516 0.004768893971094782
-0.01400798911800444 0.999363323071354 0.004845706382253026
-0.013767297688564212 0.9910236973522879 0.004753208756841065
-0.013691250136616873 0.9902744754695453 0.00492928411811741
-0.01339466828869768 0.9840458512226475 0.004764168893061087
-0.01261908362176116 0.9944303598864506 0.0048408648309928035
-0.012378397547883854 0.9829601037358582 0.004753475139896063
-0.012302326246299344 0.9916052013023945 0.0049401210846423994
-0.012005747890840482 0.9824422741102632 0.004769870930640514
-0.01123017835880664 0.9887374982630345 0.004838979277900771
-0.010989497406745378 0.9939102073081096 0.004763216919497681
-0.010913402355527069 0.9966114631103068 0.004939792071555821
-0.010616827260606712 0.9859662670848016 0.0047635229338366955
-0.00984127286256336 0.9932449989838433 0.004837404247354856
-0.009600597266062322 0.9864753666898085 0.004751211106701422
-0.009524478698949679 0.9885394758096763 0.004932301748161003
-0.009227906863203586 0.9918666502332938 0.004771166707875969
-0.008452367599606145 0.9877406845135281 0.004836364714197471
-0.008211697124926542 0.9972716183906863 0.004758502205746296
-0.008135554809086898 0.997604782624054 0.004940176246712898
-0.007838986233423889 1.0019508932006753 0.004777722368180352
-0.0070634621033655596 0.988577733481839 0.0048390193993330406
-0.0068227969837880665 0.9910913816144454 0.004755359946812715
-0.006746630919678864 0.9934806517902998 0.0049377205145923996
-0.00645006560319012 0.9871367442825413 0.004769498250149138
-0.005674556839952924 0.9962349497082984 0.004851890627086033
-0.005433896842652285 0.9920666634760459 0.00476139515721756
-0.005357707029816083 0.9918510479158607 0.004936274871725959
-0.005061145205786994 0.9909248050924209 0.004764920188730397
-0.004285651576542982 0.9901761434240265 0.00484169762971906
-0.00404499670151381 0.988492764540447 0.00475918827975482
-0.003968783371874451 0.9963863053999346 0.004934436395407562
-0.00367222457509915 0.9875212625447147 0.004769280957257677
-0.002896746080299703 0.9944393655044306 0.004838098614151358
-0.00265609655855904 0.9936150879428711 0.004765841213026528
-0.0025798594820116705 0.996593222629511 0.004935397217344928
-0.0022833041772406027 0.9942093335483703 0.004773214021837688
-0.0015078408159789197 1.0026060027559762 0.0048510808734673625
-0.0012671966497957868 0.9908310692600111 0.004759365184567044
-0.0011909355921488896 0.9931253337753609 0.004935672409372115
-0.000894383547006833 0.9967318424777745 0.004767648781442693
-0.00011893555256897849 0.983128487942323 0.004844059602036738
0.00012170349088457307 0.9895498088199541 0.0047547799022682425
0.00019798806488324772 0.9896490854582229 0.004934264049226888
0.0004945368499408721 0.9970598317366052 0.004768940586556018
0.00126996994321888 0.9838242957151327 0.004832968933851706
0.0015106036320230486 0.9915579811695111 0.004763452917980769
0.0015869119547460286 0.9903131795324361 0.004936219060042921
0.0018834574801746419 0.9906442630393489 0.004767437995311437
0.002658875206631516 1.0001752013388585 0.004841856525305124
0.0028995037731588294 0.9914238092460362 0.004758862895454891
0.0029758358446088096 0.994221020695202 0.004936369967438164
0.0032723778775777678 0.9882623850782354 0.00476969369879174
0.00404778070241668 0.9963620343510629 0.004838873776725646
0.004288403914297305 0.989036952076416 0.004750849054316202
0.0043647595025504415 0.9868773194564632 0.004935137101404375
0.004661298508266958 0.996363749120891 0.004773332189524485
0.005436685965829316 0.9880311263719314 0.004838150305585314
0.005677304054977665 0.9953928203184167 0.004763095905993057
0.0057536833924132225 0.9929135741981446 0.004933479765511549
0.006050218906124159 0.995558513333965 0.004777013514059416
0.0068255912292392576 0.9905331934404198 0.0048393313097180955
0.007066203963285497 0.99002984535242 0.00475942074711771
0.007142607281821256 0.9975696103066208 0.004943310922563093
0.0074391395363579286 0.9842832658327316 0.004766046468013788
0.008214496725482537 0.9908418155427731 0.004840045557547448
0.008455104103968552 0.9901467546993569 0.004757089324270795
0.008531531171684037 0.9951391977239205 0.004944385213328296
0.008828059933761054 0.9863776263232501 0.00476391040840722
0.009603401988437057 0.9920281207429719 0.004837776176675035
0.009844004245104333 0.9911179252010351 0.004760476097108453
0.009920454828716174 0.9903487222843335 0.004934143830534865
0.010216980563540751 0.9864606274211818 0.004766523576846163
0.010992307251849694 0.9901550719935581 0.004837775232095789
0.011232904386242809 0.9947427787951912 0.004759149058422332
0.011309378719033703 0.9941161840560598 0.004936482742828567
0.011605900960943877 0.9873137551387021 0.004781733614545347
0.012381212747637552 0.9946844663279225 0.004841342414674019
0.012621804527378589 0.9941949555596893 0.00475856276636005
0.01269830260935123 0.9995561693960913 0.004951205780901697
0.012994821590722225 0.993475269536656 0.0047716857157359665
0.013770118011958335 0.9942877482765877 0.004850529607873158
0.014010704435231 0.9924469104772832 0.004758779110662844
0.014087226266383368 0.9897479589202034 0.004929103133903344
0.014383741989034846 0.9957770467594123 0.004769490540472686
0.015159023275823698 0.983882771935879 0.004830305358826308
0.01539960457636678 0.9817416805904592 0.004755710368910111
0.015476150155791402 0.9909437136932512 0.004939182038784166
0.015772662619724036 0.9935671302018946 0.004771197543718099
0.01654792877206428 0.9931732338085338 0.004837246298852309
0.016788504717049835 0.9940730602449968 0.00476840829555411
0.016865074046563677 0.99111382929502 0.004932098408918261
0.01716158301667174 0.9898063354002875 0.004781055226690534
0.0179368340350215 0.993903101554762 0.004843826969690522
0.018177404626265815 0.9996021191024806 0.004764289501877752
0.018253997704050562 0.9896254736821096 0.004929040734502735
0.018550503414074868 0.9984681737889245 0.004774001851542109
0.019325739298434133 0.997166934046754 0.004839235608367617
0.01956630476785971 0.9884688462525595 0.004757991233672367
0.01964292159436809 0.9950747967428997 0.004940031675984171
0.019939424044308637 0.9969280593450309 0.004771692166188134
0.02071464479467472 0.9934348948684372 0.004837737395460531
0.02095520490854007 0.9935422383539042 0.004757123949793526
0.02103184548468562 0.9990270482438569 0.004943199357368456
0.021328344441711763 0.9904600621277371 0.004786356471024193
0.022103550058087354 0.9874996941601494 0.004840097358050695
0.022344104816847902 0.9930250436154082 0.004771735250745535
0.022420769141717756 1.005260523541755 0.004947484451664038
0.02271726507149146 0.9914778795653058 0.004774322884760857
0.02349245532104457 0.9898185338714568 0.004833290844245337
0.023733004957983684 0.9932022760072984 0.004755760901803593
0.02380969303112579 0.9926534485093962 0.004932524888465148
0.02410618546934866 0.9948382331877665 0.004779284727943278
0.024881360817285154 0.9956556835140711 0.004846116599887275
0.02512190509912216 0.9939594897688088 0.0047598980641146565
0.025198616688157927 0.9959479116089951 0.004941229480200168
0.02549510586766128 1.0020575305151689 0.004774130735789654
0.02627026608024237 1.0001908010010052 0.004848552984773621
0.026510805006971876 0.9965987360456954 0.004766263267500682
0.026587540578020707 1.0029485750424052 0.004944629315167243
0.02688402649789505 1.001521328646773 0.004776408870774627
0.02765917134365231 1.0013990701801776 0.0048552854150385434
0.02789970514811035 1.0056916152054831 0.004775186402392178
0.027976464468338236 1.0015995479014357 0.004940200161246352
0.028272946894844102 1.0048085031885285 0.0047819334662455165
0.029048076607064946 0.999414256100046 0.004848004060563399
0.02928860505596276 1.0034539220730225 0.004769299648257873
0.02936538812582512 0.9938351222185233 0.004937953304614589
0.02966186752507787 0.9945414244960744 0.004776826923464823
0.030436982104216373 1.0068344964195837 0.004853928630916263
0.030677505197098543 0.9998455911318509 0.004766184443949437
0.0307543120156879 0.9956910534510833 0.004939255102961406
0.031050787922025577 0.9888601014570805 0.004768907223174409
0.03182588736899258 0.9939477249506123 0.004840356910641967
0.03206640533823702 0.995149060607874 0.004764327815500103
0.03214323590555068 1.0000157844816475 0.004948340087186311
0.03243970832079362 1.0005095314908148 0.004785991600430727
0.03321479263240252 1.000095149983889 0.00484305452163958
0.03345530524654215 0.9926919535381253 0.004761734780634796
0.03353215956212807 1.0029017366259334 0.0049511305860664035
0.03382862895239096 1.0008166921996027 0.004788169711443461
0.034603697895359734 0.9954909568120126 0.004843875092702879
0.03484420538722521 0.9944234011601822 0.004763864920743435
0.03492108345199085 1.0021249729556845 0.004950452998248446
0.03521754934979408 0.9980899523177827 0.0047813386637838105
0.03599260339160032 0.9928688879510216 0.004850947938451977
0.036233105295530345 0.9951909857896636 0.004767810701111496
0.03631000734230838 1.0067132415361135 0.00494754390759979
0.036606469746743135 1.0027736484646446 0.004782693399063525
0.037381508655012954 0.9986287805920417 0.004849458865578871
0.037622005436668826 0.9975891236455913 0.004772694889705684
0.03769893100025001 1.0048673262908345 0.004947316836986893
0.037995390376976905 0.9979177878959126 0.004775332168195462
0.0387704139184229 1.0008175326075317 0.0048418746861366435
0.039010905344521236 0.9995053972007746 0.004768903029446173
0.03908785488965805 1.0098746468972706 0.004959299874822086
0.03938431077392461 0.9966503744690113 0.004772388014283723
0.04015931918138011 1.0012794904736146 0.004846738270904241
0.04039980548656786 0.9980171864087967 0.004761983053750798
0.040476778546690184 0.9975810525850242 0.0049414201478219
0.04077323117132774 1.0093404819677227 0.004787635940654957
0.04154822467762339 1.0002546399444012 0.004850237977310668
0.04178870539532842 1.0012853535905906 0.004766602232885311
0.04186570243609822 0.9897269980845655 0.004939341868262422
0.042162151802471 1.0032523608034043 0.004777278105761349
0.04293712994057791 1.0001222148460986 0.004846225445907981
0.04317760530318083 0.9942045027269252 0.0047708787146576405
0.043254626325961 0.9988294482974678 0.0049415785155580965
0.04355107219987413 0.990210536220982 0.0047707597372918615
0.044326035203990546 1.0065209618637112 0.004849218063896321
0.044566505444316604 1.0048028185134519 0.004771526158022673
0.04464354998390263 0.9981173114237714 0.004941047602751887
0.044939992597277253 0.9945747567274139 0.004776740132222511
0.04571494046740049 0.997847505054038 0.004845261218970933
0.04595540535353258 0.9972140600289939 0.004767145889079489
0.04603247387376541 1.0018545056171808 0.004949168270666438
0.04632891299468038 0.9996303379647197 0.004776887957169783
0.047103845964551916 0.9963724813873445 0.004842530447760301
0.047344305494671064 0.996336961106506 0.004774182864992397
0.04742139776362819 1.0058030559682456 0.004946874067024732
0.04771783362491415 0.9949266249977281 0.004777253149790117
0.04849275122796455 0.999746603371434 0.004848290648906106
0.048733205402976196 0.9932414780159335 0.004767487422757871
0.04881032142066033 0.996207658943402 0.004947292928140381
0.0491067540218632 1.0033098511193042 0.004781136718694863
0.04988165649137449 1.0045393800889375 0.004860919833652454
0.05012210531128403 0.9992599276079503 0.004772324467518138
0.05019924531052311 0.9918946423952323 0.004943420742851847
0.05049567441926633 1.0009744859268772 0.004775806601726982
0.05127056175478713 1.0026506617524955 0.004851841776115275
0.05151100545241981 1.0053324281275082 0.004769093564709022
0.0515881689671005 0.9950735405554985 0.004947652253050896
0.05188459481712353 0.9902596354567115 0.004778282641556039
0.05265946701819707 1.000912729828718 0.004843700977263735
0.052899905360272226 0.9966400503339676 0.00476665909063954
0.05297709285741803 0.9943520399643795 0.004942080188595246
0.05327351544826679 0.9957851552313636 0.004774958155410839
0.05404837251398493 1.0000780159402392 0.004842391643673242
0.05428880526857736 0.9971200788894528 0.004776667958020225
0.05436601651535966 0.9984790920150941 0.004947444776734141
0.054662435845215844 0.9987333810619814 0.004774587457459981
0.05543727777739487 1.0041775430405104 0.004846296580453874
0.05567770540926041 1.000585171166986 0.004765661074576288
0.055754940404767694 1.0049828803507361 0.004947239130011986
0.05605135624261897 1.0005633237888165 0.004780981749781238
0.056826183040352085 0.9883207284816657 0.00483919584466956
0.05706660531756825 1.0070733655213315 0.00477384352941865
0.057143864294630475 1.000558495780485 0.004945586738835752
0.057440276639566676 1.0013797760797918 0.0047818729262986154
0.05821508830376472 1.0054182839859114 0.004849239944832727
0.05845550522587338 1.0006487009748755 0.004771709087632044
0.058532787951207865 0.9961618009835927 0.004945489994828229
0.058829197269800446 0.9963754146280545 0.004788449719851881
0.05960399356717466 1.0036806561074443 0.004848362971792816
0.05984440513418122 1.0009222811295095 0.00476467296886566
0.05992171184198014 1.0026389820175703 0.004951823265429225
0.060218117668113066 0.9945780625112233 0.004772486051071257
0.0609928988305873 1.0020124181166516 0.0048601639724527605
0.06123330527486427 1.0034718178645317 0.0047746105678689145
0.061310635499467026 0.9933848728008258 0.004945494276892227
0.06160703806551619 1.006510460513673 0.004786602429455943
0.062381804326375155 1.0006830734395924 0.0048426316554183975
0.06262220518316941 1.0019926642729817 0.00478177376423063
0.0626995593893298 1.002018625676229 0.00494497501501716
0.06299595846291932 1.0017634028473779 0.004777182191480233
0.06377070959024052 1.001660386244767 0.004845046544118122
0.06401110509192996 1.0059606291958794 0.00477503526453862
0.06408848327873784 0.9983255721466802 0.004943946225365984
0.06438487886032244 1.0008208387152928 0.004783929388723575
0.0651596148545613 0.9960292517062933 0.0048415380810046
0.06540000500069053 0.9955415905426569 0.004763894820900811
0.06547740693667947 1.000337968351047 0.0049455153575341535
0.06577379949055621 1.00018653607909 0.004776228074517935
0.06654852011751582 1.00767901612261 0.004849743336574597
0.066788905141829 0.9964662718743479 0.004763351018509909
0.066866330826997 0.9956684022051082 0.0049579837147764715
0.06716271988750527 0.9989122842403143 0.00477082427552786
0.06793742538092845 0.9972614699305046 0.004843346355890037
0.06817780505013683 0.9968803833508039 0.004766613393830342
0.06825525448448388 1.0020374318144138 0.004949124934822679
0.0685516402849084 0.9949824310102603 0.004773399044229379
0.06932633064388567 1.0102487103210063 0.004850243161779571
0.06956670495798654 0.9904757676844744 0.004761885474747798
0.06964417837480141 0.9919071617588794 0.004932660191836115
0.06994056068276559 0.9979567567876726 0.00477747263368167
0.07071523614012626 1.0011930417342874 0.004845693659811645
0.07095560486629438 1.0043100294788592 0.004776472001252706
0.07103310203183355 0.9945439178210492 0.00494015791950027
0.07132948108062415 1.0034022412594126 0.004775792099248384
0.0721041414035389 1.002636257121466 0.004857807120149578
0.07234450477459951 0.9980254101384385 0.004773496736938495
0.07242202592124158 1.0018793185521908 0.004944696644113448
0.07271840147802727 0.9960205898275327 0.0047708365045240776
0.07349304666694884 1.0059071822271428 0.004847769715241843
0.07373340468290734 0.998254195204955 0.004768823139007959
0.07381094957827372 1.0009616527769427 0.004947502040825183
0.07410732210780561 1.010318428956872 0.004784164625195112
0.07488195192990604 1.0040473024583345 0.004851411412318622
0.07512230459075707 1.006440988343292 0.004777937422357262
0.0751998734681365 0.9960855189837926 0.004940187004207849
0.07549624250520874 1.0026727009145622 0.004778867370340595
0.07627085719331599 1.0075547132428329 0.004854475251449497
0.0765112044990649 0.9920177217311332 0.004766449175627903
0.07658879735845403 0.9970970073657521 0.004937108172672987
0.07688516290261187 1.0054985970153199 0.00477792087731081
0.07765976245627321 0.994443184646145 0.004841329465908494
0.0779001044069173 0.9992836847769789 0.004769487680617299
0.07797772101594092 0.9996172775197772 0.004941548164248336
0.078274083300015 0.9947104798145752 0.00477072677935255
0.07904866772059399 0.9928745115375871 0.004837387072972166
0.07928900454805309 1.0010079722743286 0.0047748199917598865
0.0793666449058037 1.004562002058476 0.004942131515082387
0.07966300369741812 1.0026272898516684 0.004780135927423069
0.08043757298491477 1.0021055125664067 0.004849672509825795
0.08067790445636092 1.0003551676657072 0.004778036814599976
0.08075556856283583 0.9987211723208533 0.004938228651517939
0.08105192409664023 0.9998437633139339 0.0047786259632957
0.08182647824923556 0.9972641402410991 0.004843818103926966
0.08206680436466605 0.998476769392894 0.004768170310823635
0.08214449245224387 0.9981648266482873 0.004944491546121784
0.08244084449449879 0.9983839260229027 0.004784047031059965
0.08321538351264819 0.9935470643871437 0.004835263167101563
0.08345570427251847 1.004157757455888 0.0047750330145159324
0.083533416109276 1.0002975110348356 0.004943905091924595
0.08382976489144649 0.9933589438384078 0.004768419547252562
0.08460428900843335 0.9969565721713568 0.004845330432952981
0.08484460418082361 0.9970475071140639 0.004768309946673561
0.08492233999959353 0.9962233957623867 0.004935263319694107
0.08521868528884961 0.9952546638693422 0.004775245526716458
0.08599319427184599 1.0005678694758606 0.004837097760613617
0.08623350408958685 1.0010831936054883 0.004773891730289796
0.08631126365708042 0.9960196454561422 0.004943564662023178
0.08660760568625274 1.0005980059237987 0.004775053685841754
0.0873820995348032 1.0023698009216808 0.004841810214951007
0.08762240376551678 0.9980873396406826 0.004769113751854641
0.0877001875469432 1.0011320998450095 0.004940658752216234
0.08799652608365587 0.9981566749964359 0.004776431152365402
0.08877100479821315 1.0054569820321098 0.0048435152775979755
0.08901130367382461 1.0034137845175848 0.004768324967148802
0.08908911120397534 1.0019423152163796 0.004950124415788932
0.08938544671388964 1.001156894297292 0.004782402044102884
0.09015991006162578 1.0007519842536885 0.004841354169215555
0.09040020358167432 0.9910082904356797 0.004769128149120623
0.09047803509338337 0.9992554729945384 0.004942945865843075
0.09077436711220226 1.0058428780439133 0.00478507653943141
0.09154881532503573 1.0008030761450697 0.004839773754466615
0.09178910348998215 1.0050490195202466 0.004770172880998034
0.0918669587504155 1.0023077145866466 0.004945840160312387
0.09216328750960538 0.9986677084501893 0.004783053088012309
0.09293772058799293 1.000122270391094 0.004834155938369756
0.09317800339828729 0.9993023155523173 0.00476504139363079
0.09325588264118778 1.0091506371690298 0.004950948941611542
0.09355220790655444 0.996714480570567 0.004777681225453384
0.09432662585140288 1.0012694638948059 0.004841728395529506
0.09456690330705055 0.997763001052383 0.0047822639119105125
0.09464480629821992 1.002219024751972 0.0049472215203502186
0.09494112830395757 1.0020941113141564 0.004781430875966125
0.0957155311143601 1.004442629023979 0.004838404806266017
0.0959558032158111 1.0063434228012986 0.004774010890670216
0.0960337301880827 0.9972906949174424 0.004950094869783965
0.09633004870090527 0.9964412183424651 0.004774818510898735
0.09710443637868088 0.9990827015956398 0.004831639088152287
0.09734470312411624 1.0067734103112511 0.004778840477872144
0.09742265384511484 1.00432396855948 0.004940959560793801
0.09771896909921789 0.9995642067958582 0.004788366323057735
0.09849334164254894 0.9985263277964335 0.0048373913135429415
0.09873360303242407 0.9995825845805267 0.00476892128371919
0.09881157773497762 1.005061101477749 0.004946645644064594
0.09910788949707644 1.006267152814865 0.004784448671701279
0.09988224690550346 0.9936241951649257 0.004833228199873568
0.10012250270744584 0.999268933310922 0.004780908637748891
0.10020050139155501 0.9956438740025905 0.004946729819892824
0.10049680989402414 1.00257968393819 0.004784616266871997
0.10127115216891609 0.9963304546199098 0.004839573858033922
0.10151140261575098 1.0036294557710408 0.004773830871030074
0.10158942528187254 1.0007460619227222 0.004943632681911686
0.10188573029142727 1.0041024276154764 0.004783048005551704
0.10266005743232604 1.0044715933305757 0.00483786339860061
0.10290030252405612 0.9981281061983461 0.004767320385631089
0.10297834893981417 1.0144216437340288 0.004958413429308055
0.10327465068883039 1.001199733652213 0.004783486666750934
0.10404896269573867 0.9996237647100364 0.004835369307472983
0.10428920243190852 1.0096489930268422 0.0047754392299924646
0.1043672728292222 0.9952450998160016 0.004946123595927618
0.10466357108623352 1.00344719049056 0.004788679795951842
0.10543786795869318 1.0030423412721914 0.0048308950498720075
0.10567810234021635 1.002734783967195 0.004774515878882591
0.10575619648625434 0.9944283230251506 0.004946606867591472
0.10605249148318258 1.0011549543247464 0.004784690923162087
0.10682677322210582 0.9965347508342421 0.0048335698055524375
0.10706700201569085 0.9960926090488704 0.0047673772813066565
0.10714512037566237 1.0009379486064738 0.004960301941557193
0.10744141188103977 1.00643807635726 0.004794732763364142
0.10821567848506304 1.004565029879328 0.004844318355165169
0.10845590192399868 0.9879240996500018 0.004761116385724336
0.10853404403269451 0.9996091739134946 0.004937173979943915
0.10883033227935239 1.0068816100467881 0.004782654844574048
0.10960458374847298 1.0124737382430335 0.00483801286232757
0.10984480183230382 0.9917910660220401 0.004764232522267285
0.10992296792346679 0.9960292363542265 0.004946079093746954
0.11021925244392487 0.994930819106431 0.004782204550462086
0.11099348901188562 1.0041300009969913 0.004835535815185943
0.11123370150868915 0.9963519235085001 0.004765664625653308
0.11131189158049892 1.0012000456978547 0.004944434533172326
0.11160817284087393 1.001134296887392 0.00478023985441739
0.11238239427529556 0.9999632704930823 0.004828949594386396
0.11262260141699698 1.0019737936898399 0.004768614958324603
0.1127008154703617 1.002642915114561 0.004944164370918763
0.11299709323827706 1.0012657442822062 0.004784676516943179
0.1137712995387082 1.0063920690835708 0.004851114342333196
0.1140115013248467 0.9959254439385231 0.004761706431041003
0.11408973912830334 0.9937800205140241 0.004946073577201085
0.11438601363522476 1.005462772055524 0.004785792846462216
0.11516020480302898 1.001678015504756 0.004830900793392202
0.1154004010003239 0.9989723104521775 0.004764837751763094
0.11547866301862086 1.00476364544939 0.00494391402163808
0.11577493403262788 0.9954352927734375 0.0047760237203944185
0.11654911006643892 1.0092870781274843 0.004830975485111325
0.1167893009081763 0.9982318172830212 0.004769804727423032
0.11686758667519825 1.0022938084465702 0.004941460159054879
0.1171638544309405 0.9974822419639419 0.00478060155021022
0.11793801532985156 1.0014299912085378 0.0048345296712295985
0.11817820081648144 1.0001338880874266 0.004772900186013912
0.11825651033313989 0.9971458005650433 0.004951691309663136
0.11855277482834363 0.994301587391513 0.004778453933979994
0.11932692059280878 1.0004462019628713 0.00482867480252508
0.11956710049195862 0.9992507513629714 0.0047654072663657525
0.11964543422345741 0.9951237519545902 0.00493865311136185
0.11994169522574676 0.9983597863309206 0.004781080055713831
0.1207158258562187 0.9941186523718379 0.0048221846370768645
0.12095600040026376 1.0006657471597349 0.0047682021329102445
0.1210343578800348 1.003535040676972 0.004950972351628335
0.12133061562314988 1.0046981187368107 0.004785157845727092
0.12210473111917593 1.0038566503912443 0.004843713247820605
0.12234490030811618 0.9967498213536338 0.004766032632875196
0.12242328176989759 1.0061977683358276 0.004946667302470549
0.12271953602055301 1.0054004262565341 0.00479356570440091
0.12349363638258587 1.0014114702942725 0.004831326878340321
0.12373379998359067 1.007667118916221 0.004771557890523843
0.12381220542692972 1.0013167407380548 0.004946237851548844
0.12410845641750207 1.0023178366794046 0.004786488301353596
0.1248825416459985 0.9942999599581008 0.00482602709736285
0.1251226998914431 0.9982599288462416 0.004763647004297409
0.1252011293167925 1.0024074880117642 0.004947970934201491
0.12549737658252863 1.0083018043360983 0.004785685422021805
0.12627144690940845 0.9981790435520428 0.004824743744723744
0.12651159956692026 0.9909013569078801 0.004757708563106824
0.12659005297382464 0.995623018080734 0.004943538319183356
0.12688629698084125 0.9990542772574255 0.004789302229354404
0.1276603521728211 1.0023806597736562 0.00483516433147171
0.12790049947522542 0.9968741598444697 0.004767918462671276
0.12797897686459692 1.0003126505435926 0.004952570604628099
0.1282752173777903 1.0042897482168094 0.004785238874019069
0.12904925720431124 1.0052181688778148 0.004829834818427915
0.1292893991507026 0.9988871944936735 0.004765126861108246
0.12936790052162905 0.9949857140266881 0.004945546991082479
0.12966413777519342 0.9947438387736832 0.004790593350863015
0.13043816246817658 1.002345233482201 0.004831454110612873
0.130678299058555 0.99742887674749 0.004773620776622284
0.13075682417820644 0.9983644773132885 0.00495039261327192
0.13105305817305063 0.9941899444006114 0.00478852147774623
0.13182706773204195 0.9972691370773521 0.004825056719904906
0.13206719873448491 1.00923104228919 0.004774448819436958
0.13214574806806922 0.996958018556558 0.00494296495416808
0.13244197857090917 1.0009890726112882 0.004781534393784963
0.1332159729954546 0.9966128538020743 0.0048248223547954295
0.1334560986437009 1.005814246440427 0.00476736045719203
0.1335346717255561 0.9939878554644594 0.00494472459249062
0.13383089873548165 1.001525555241935 0.004781879697436613
0.13460487825886452 1.0007149782520992 0.004831806755495673
0.13484499831871996 0.9988662103157231 0.00476633502380327
0.13492359561587364 0.9976438433851926 0.004945800908493956
0.13521981913333886 0.9922903946957954 0.004771631389170353
0.13599378352182173 1.0063736276571034 0.004828627844662922
0.13623389799419716 0.9983616659249384 0.004766753506304134
0.13631251927290577 0.991805831770287 0.004944150805369984
0.13660873953165148 0.9933774913424341 0.004773334410000375
0.13738268878523438 0.9977331292065106 0.004832337901487356
0.13762279790250498 1.0020260264829584 0.0047717553423523755
0.13770144292948316 0.9987727004342252 0.004944044309057365
0.13799765992860052 0.9926514415431913 0.00478678235252268
0.1387715940481889 0.9948913978870088 0.004822848657640057
0.13901169757752407 0.9958681673117363 0.004769608065105594
0.13909036681934595 0.9978085573865693 0.004944827774173092
0.13938658032600365 1.002293350250347 0.00477985595685756
0.14016049931160154 0.9984019590972079 0.004825903539023921
0.1404005974858319 1.003178813721754 0.0047717421745611275
0.14047929047637808 0.999225538015174 0.004945199090233828
0.14077550049012072 1.0011307683977366 0.004780161534040411
0.14154940457501147 0.998538975161386 0.004833906926103843
0.1417894971613064 1.012365008071879 0.004780288616572177
0.14186821436715036 1.003879467382054 0.004950514404461197
0.14216442088752385 0.9986319695029561 0.004779568568734543
0.14293830960559348 0.9976043065400817 0.004823633961074495
0.14317839683678357 1.0030186406420294 0.00478070715617963
0.1432571380241825 0.9965423642395715 0.00494954101537511
0.14355334128492697 1.0030847445458222 0.004785164414409579
0.144327214868548 1.0020150981016727 0.004829878679416005
0.14456729674508872 1.0069708094673209 0.004777093964881968
0.14464606168121463 1.0042842152679492 0.004946338564963845
0.1449422616827855 1.0108335729490672 0.00478809425795231
0.1457161201319606 0.9997779969076864 0.004826367838597913
0.14595619642147406 1.0044986178808715 0.004777391965059619
0.1460349855710774 1.0034827206914552 0.004950375096009082
0.14633118184781208 0.9977424260810014 0.004782503813308297
0.14710502539582598 1.001712368352001 0.0048285406284117776
0.14734509609695123 0.9946215718000151 0.004766405256577281
0.14742390922810955 0.9983635385216805 0.004940911806112836
0.1477201022452152 1.0013382985457602 0.004787771674932745
0.14849393066014677 0.9996397175900765 0.004837689675638569
0.14873399600480364 1.0011757112284532 0.004772857153408812
0.14881283311751758 1.0069619468328215 0.004946744854737707
0.14910902264261833 1.0015469594283757 0.004782871631913696
0.14988283592310397 0.9985300196378792 0.004822745449056176
0.15012289568027815 1.0012453662142737 0.0047707110973471785
0.15020175677500447 1.003077583802944 0.0049458840224518375
0.15049794303956737 0.99719537045031 0.00478268741810713
0.15127174118651393 0.9982432544857858 0.004826636864677079
0.1515117953552999 0.9924044499208758 0.004764506452324506
0.1515906804329461 0.998293799444699 0.004933731118986627
0.15188686320413985 0.9899024330561357 0.004772654602131309
0.1526606462166405 0.9977076862916816 0.004830199202520109
0.15290069503077441 1.0089305629960366 0.004781631537303182
0.15297960432235413 0.9991788702872719 0.0049445039599960066
0.15327578360108757 0.9920932931549077 0.004773586671978029
0.15404955148005314 1.0060864707981716 0.004833483457488516
0.15428959493908223 1.002771689425903 0.0047647510839589685
0.15436852797938627 1.0029867887425636 0.004944374161029895
0.1546647039994002 0.9956102405420995 0.004783200473790889
0.15543845674346307 0.9956474206917565 0.004828505303458091
0.15567849461501215 1.0035410454358509 0.004774041569277293
0.1557574518687943 1.0041905776530118 0.0049449222955811195
0.15605362416442808 1.0000335698487186 0.004778160019896247
0.15682736200687572 0.9982296710072056 0.004825324568760244
0.15706739429094208 0.9939714977695471 0.00476461147936137
0.15714637552582644 1.0041079687270318 0.004945653624237176
0.1574425445613758 1.0078074175893306 0.00478712680217158
0.15821626726983293 0.9981639664999437 0.004822636674612699
0.15845629396641925 0.9898214075270346 0.004766701595502115
0.15853529918376807 0.9959825045437594 0.004942868707777387
0.15883146495877892 1.0004657438566202 0.004777699953389838
0.1596051723004122 0.9990400426902029 0.0048401456893481815
0.15984519364189376 1.0030686048541266 0.004770628060934832
0.15992422307363086 1.0003569111992414 0.004946337864485499
0.16022038535618205 0.995224156506047 0.00478525108401374
0.16099407756336945 0.9980803672722413 0.0048226818072531355
0.16123409331691552 0.9993107996333004 0.004769328951098651
0.161313146730663 1.0013184965013993 0.00494312377751096
0.16160930552075453 0.9993732968662697 0.0047873607840573686
0.16238298282677938 0.9920940793823104 0.004822400787760428
0.16262299322522064 0.9979866609135883 0.004769131685108572
0.16270207038769513 1.0001749968443925 0.004947227588643056
0.16299822591815766 1.0052359448349233 0.004784127461967542
0.16377188809110016 1.004991525983526 0.004828922799975056
0.16401189290024243 0.999276375298084 0.00476979618410719
0.16409099427801266 1.0098170595563272 0.004941862382396175
0.16438714608363963 0.9949939032053662 0.004785790113969399
0.1651607933545128 0.9932984200671905 0.004819651263917629
0.1654007925757196 0.9994504069598513 0.004772834907774677
0.16547991793549954 1.0007711944967064 0.0049510854891869445
0.16577606648104276 0.995729700758341 0.004777152774627454
0.1665496983850921 0.9992609273004525 0.0048235604775135775
0.1667896922511941 1.0013868711517095 0.004774200766789119
0.16686884159344118 0.9963453077186415 0.0049416086643223455
0.1671649868784459 0.9989160651131042 0.004786570832805323
0.16793860364850474 0.9945736918499961 0.004819148420719424
0.16817859192667128 0.9959514442583236 0.004765358101394819
0.1682577654837587 0.9947627296223107 0.004942995034642349
0.1685539070425643 1.0014284709447674 0.004782459988924641
0.16932750891191467 0.9960105837494204 0.0048251414862204725
0.16956749160169304 0.9998111621853527 0.004764352094628357
0.1696466891403361 0.9988960068492636 0.004935169049770767
0.16994282743996741 1.012260396911709 0.004791041515198331
0.17071641417487188 1.0087456846676057 0.004833150573811458
0.17095639127716755 0.9999033862810663 0.0047735058289284345
0.17103561279736823 1.0008289837017394 0.0049374283802182915
0.17133174783691513 0.9934783487233566 0.004779695949683391
0.17210531943828183 0.9975426141090171 0.004827015454177795
0.1723452909521893 0.9993425363159638 0.004767443273803426
0.172424536687231 1.0044581540179285 0.0049430922390338115
0.1727206680023971 1.0043108473426237 0.004788556159387033
0.1734942244684084 1.0089156881140777 0.0048397967137354695
0.17373419062766382 0.9966374304014033 0.004762715593034189
0.17381346034426315 0.9998901160324641 0.004937388913059257
0.17410958840025564 0.9989686424141874 0.004784127098163619
0.17488312973182105 0.9977073194007062 0.0048248165788422085
0.175123090303141 0.9991996581841234 0.004768000875176575
0.17520238400129529 1.0067391248124198 0.004951921022722736
0.1754985085643727 0.9975811124987396 0.004777794843369749
0.17627203499523098 0.9967182032774307 0.004824588093415793
0.1765119899786155 0.999089106415478 0.004767957210662202
0.17659130789206756 1.0030411062451556 0.004947522908564549
0.17688742896177584 0.9949896846272939 0.004782312245765691
0.17766094025955176 1.0044949510766712 0.004833759669459942
0.1779008896545454 1.005435077825035 0.004771427023156676
0.1779802315490997 1.0008380646059487 0.00493611996022918
0.17827634935917896 1.0028589631784273 0.00478601246620069
0.17904984529013376 0.9948434946931362 0.004821518490375025
0.179289789330478 0.9961188479722376 0.00477019472135803
0.1793691552056771 0.9982563749762813 0.0049370917345630365
0.17966526952420686 0.9967958886915786 0.004775896839315489
0.18043875055445455 1.001033988395405 0.004827199258848758
0.18067868900595252 1.0049844020004328 0.004785255193256975
0.18075807909553987 0.998956208058951 0.004936686962422417
0.18105418992206407 1.0029906209371582 0.00477791814948792
0.1818276558183199 1.006029297734435 0.0048340133266282165
0.1820675886814297 0.9987831179751216 0.004771677732899817
0.18214700275211726 1.0060754188695573 0.00493890153980341
0.18244311008754605 1.0012258531354084 0.004791859366500781
0.18321656084844648 1.0007856719576291 0.004836755721016809
0.18345648835644876 1.005803800309045 0.004780329130291391
0.1835359264100589 0.9991699854139596 0.004935000112184266
0.18383203048494917 0.9977469100872621 0.004786136622539238
0.1846054661118564 0.993256227290135 0.0048185637512319175
0.18484538803192596 0.9935513510544226 0.00476149819749785
0.18492485030037642 0.9975036023385372 0.004932999080776415
0.18522095064952165 1.0055979785004845 0.004779048331594673
