-0.23891055567582953 0.9997470425105174 0.000965507197598524
-0.2385662129398487 1.0002037730532403 0.0009741279920195012
-0.23752167113480027 0.9988122477240217 0.0009650574008248805
-0.2371773488874627 0.9993961514242097 0.0009745291684165876
-0.23613278659331627 0.9981555845147682 0.0009648069220357885
-0.2357884853011907 1.0009818834805324 0.0009739332009950279
-0.234743902052287 1.0004657331019502 0.0009655574477670704
-0.23439962124880198 1.0003153628834633 0.0009742058938355835
-0.233355017510803 0.999533025138661 0.0009652144353955768
-0.2330107571968714 1.000589237219832 0.0009740026507588499
-0.231966132969319 1.0035824530120858 0.0009666765536502803
-0.23162189314357454 1.000166783250639 0.0009740943727109793
-0.23057724842738025 1.000140872220729 0.0009654001808881557
-0.2302330295563917 1.0006448009929618 0.0009747859750398103
-0.2291883638854415 1.0007461496029302 0.0009656445322053579
-0.2288441655040057 1.001718922207041 0.0009744653628099123
-0.2277994793439575 0.9989850183502615 0.00096555969521301
-0.22745530145207238 1.0017639840594112 0.0009746448351405962
-0.2264105948024735 0.9997664628034251 0.0009650021313614287
-0.22606643786534766 0.9994204610582843 0.000973920733870383
-0.22502171026144424 0.9990433993813314 0.0009654669678125922
-0.22467757381295894 1.0003382270773042 0.0009743935417341915
-0.2236328257195055 0.9994628604618154 0.0009655257288038818
-0.22328870976057025 1.0006461846875065 0.0009737241973743223
-0.222243941177112 0.9994942539448969 0.0009649305372741214
-0.22189984617430095 1.0006563289492487 0.0009744866746464474
-0.220855056635628 1.0003612165763078 0.0009652127496661388
-0.22051098212191222 0.9998838643123809 0.0009743267250372395
-0.21946617255889578 0.9996604296185304 0.0009654596583103165
-0.21912211806907078 1.000132712086371 0.0009746074477321295
-0.21807728801741177 0.9983731390934957 0.0009647798461740238
-0.21773325448189065 1.0007937790266985 0.0009747148226122447
-0.21668840347592777 1.0000207561096532 0.0009658212765738377
-0.21634439042950193 0.9988950708144437 0.0009739567971478332
-0.21529951893489851 1.0015942822186028 0.000965881025486606
-0.2149555263766605 1.0018608824426556 0.0009751238101999536
-0.2139106343934145 1.0020973531354893 0.000966372726561111
-0.21356666278948036 0.9994219637235591 0.0009741769586370991
-0.21252174985238526 0.9999680700869559 0.0009661731989456964
-0.21217779873709164 1.0012410930748954 0.0009743204112493562
-0.21113286577656254 0.9999880280777818 0.0009653800367761569
-0.21078893468515836 1.0004891266781084 0.0009738351803210372
-0.20974398123416904 1.000119711878732 0.0009655259783417204
-0.20940007109843362 1.001441332489622 0.0009752337304235202
-0.20835509669268504 1.0007291479442388 0.0009658390698838901
-0.2080112070460476 1.000910312708314 0.00097459016485895
-0.20696621215120103 0.9999402259310599 0.0009654373816903061
-0.20662234345932018 1.0004448381032554 0.0009742060680419424
-0.20557732807537832 1.0004317416130089 0.0009655340035832233
-0.2052334794073869 1.0016169174981961 0.0009748126536720799
-0.20418844353389431 1.000819034777829 0.0009658127800909215
-0.2038446153550009 0.9999135948262327 0.000974136851174299
-0.20279955899286506 1.0012627852353184 0.0009659941393044947
-0.20245575176872888 1.0020322636488403 0.0009743016011701151
-0.20141067445138106 0.9997748100723779 0.0009653243972727794
-0.20106688771634018 1.0022601364479231 0.0009749589863318805
-0.2000217903751036 1.0020326026913353 0.0009663762234796465
-0.19967802412961544 1.0010122926214693 0.0009744195810056455
-0.19863290583316484 1.0003955047297746 0.0009653581100667994
-0.19828916007631858 0.9989358407789373 0.000973690593327314
-0.19724402129168084 1.001617277015464 0.0009655697116259971
-0.19690029648959387 0.9996397494144109 0.0009737167933310874
-0.19585513721631287 1.0000691579109116 0.0009651151609304367
-0.19551143243720515 1.000446146464321 0.0009743798808811908
-0.19446625267482887 1.0007139626254533 0.0009653781746765135
-0.19412256885047774 1.0000920988517286 0.0009742072462220298
-0.19307736859900615 1.000535126376783 0.0009655807027351444
-0.1927337047980917 0.99990501229552 0.0009741611744253925
-0.19168848405752215 0.9994776235949601 0.0009655552483085402
-0.19134484121181972 1.0001949741315213 0.0009743365730141239
-0.19029959951603814 0.9994093221464312 0.0009651554269309442
-0.18995597715943371 0.9996901136090631 0.0009737300753162318
-0.18891071543930593 1.0001758538050325 0.0009651609715474642
-0.1885671135731617 0.9993532866763813 0.000974350160265755
-0.18752183089782193 1.0006938041394902 0.000965590607821777
-0.1871782495207757 1.002062692052935 0.0009744084227506596
-0.1861329468219992 0.9999053719090513 0.0009651309427402684
-0.18578938593404826 1.0022728078606387 0.0009751992944887969
-0.18474406228096996 1.001067101791812 0.0009658157187805898
-0.18440052188165956 1.001715570953967 0.0009751102785679933
-0.18335517820514724 0.9986097867229422 0.0009651626200122629
-0.18301165829539026 0.9990600020110838 0.0009732797594482179
-0.18196629366411798 0.9990753289506341 0.0009647907758794731
-0.18162279424254882 1.00172549117423 0.0009746654467482432
-0.18057740958738577 0.9991226822702669 0.0009650596028485438
-0.18023393065491325 1.0000433842426744 0.0009740899645968805
-0.17918852504544702 0.9988547572078904 0.0009646223899722631
-0.17884506660297997 0.9986078457651676 0.0009735420645046749
-0.17779964097007905 0.9980526349874161 0.0009648791778144792
-0.17745620301625253 1.0008815542692504 0.000975064788176518
-0.17641075642859505 0.9986367472687583 0.0009650609413084493
-0.17606733896432195 1.0020071537422959 0.0009749107743946727
-0.17502187235186284 1.0006709309265824 0.0009652508464993969
-0.1746784753775945 1.0014758968891448 0.0009748376443644595
-0.17363298781037884 1.0016132539653202 0.0009661221865646499
-0.1732896117908671 1.0004948829555893 0.0009739201815108933
-0.17224410373455612 0.9987736861429796 0.0009652689724573904
-0.17190074773848107 0.9996737987681599 0.0009740956962474905
-0.17085521919216262 0.999946004753573 0.0009653181932973702
-0.17051188415175636 0.9992413959324481 0.0009734281584588982
-0.1694663351163399 1.0027659255808568 0.0009662329159427381
-0.1691230200984595 1.0006614106730165 0.0009743377944887605
-0.1680774510405172 1.0005999144388704 0.0009650393083380354
-0.16773415651173207 1.0022721606980365 0.0009746305613636502
-0.16668856649903319 1.001101418852607 0.000965385190696247
-0.16634529292500466 1.0010361180772818 0.000973898724121408
-0.16529968242321047 1.0010651565915445 0.000965874837464135
-0.16495642887307407 1.000028290998838 0.0009740323421963101
-0.1639107983478425 0.9983235139244877 0.0009647067072185072
-0.16356756528589392 0.9998308368560997 0.0009736555785818265
-0.1625219138063585 0.9995407281552876 0.0009656894694572886
-0.16217870123259706 0.9978779726089634 0.0009731018602552658
-0.16113302973008103 0.9986214752062456 0.000965301056191139
-0.16078983764632507 0.9997772385472327 0.0009734355344410684
-0.15974414565334882 1.000507525532965 0.0009656005850406639
-0.15940097405959763 0.9997860719554518 0.0009737600145909383
-0.15835526111231957 1.0013890931586762 0.0009653751871304353
-0.15801211000766704 1.000114406592231 0.0009735198804681172
-0.15696637703649685 1.0003772366051953 0.0009652610441561471
-0.1566232464209396 0.9983860043423747 0.0009736413368626011
-0.15557749296112888 0.9986683769659673 0.0009650462317055384
-0.1552343828342122 0.9989298623148114 0.0009737022178153941
-0.15418860841964488 1.0009777787640863 0.0009652631766745818
-0.15384551878182617 1.0015135340845922 0.0009739425555895472
-0.15279972434382216 1.0029498693626793 0.000966395102870499
-0.15245665519555418 0.9986123570370051 0.0009734430121827
-0.1514108402675447 1.0015099518978927 0.0009654994483968864
-0.15106779160882947 1.0010776305726266 0.0009741178518469033
-0.15002195619126724 0.9988419464287311 0.0009651936795363241
-0.14967892755689616 0.9988851124670283 0.0009734618948365125
-0.14863307211544452 1.0002572177137765 0.0009652711055525609
-0.14829006397017144 1.0005261300900896 0.0009742278010982193
-0.14724418757396052 0.9993824598991019 0.0009648783353805729
-0.14690120038253587 1.0008058420724264 0.0009735861006666296
-0.14585530349859255 1.0004505376058512 0.0009657208106316262
-0.14551233679580844 1.000661658133778 0.0009733857102836982
-0.14446641942276983 0.9994647762182451 0.0009650162640708464
-0.14412347274341974 0.9995865003338621 0.0009735568604897571
-0.14307753534740186 1.0018323983417674 0.0009661306184033485
-0.142734609156695 0.9981556135248879 0.0009729540891627838
-0.14168865127066965 1.0002493302730788 0.0009650678881523491
-0.1413457455699703 0.9994147428585753 0.0009736508658559639
-0.1402997671943922 1.0004752176576948 0.0009655473480195713
-0.1399568819836983 0.9987777818812288 0.0009728386121784574
-0.13891088311902422 1.000088672339654 0.000964973772575579
-0.13856801793130957 1.0004529411599465 0.00097349838017273
-0.13752199857754022 1.0022014010759432 0.000966217286707751
-0.13717915434504027 0.9993554391521265 0.0009732048866255863
-0.1361331145017175 1.0007946130720204 0.0009656555756376385
-0.13579029075831284 1.0011320135712467 0.0009735597411710245
-0.13474423042589478 1.0015427676162612 0.0009662350610060229
-0.13440142717158543 1.0003566937589603 0.000973240993414237
-0.13335534635052682 1.0025818899684316 0.0009662589814340996
-0.1330125631191994 1.0000043161949173 0.0009735906690122814
-0.13196646227424935 1.0014427312153802 0.0009664065411848875
-0.1316236995324747 0.99980376405298 0.0009731276694552143
-0.13057757819751714 1.0003628883607507 0.0009653634186903556
-0.13023483594574725 1.000231964271946 0.0009729506715423286
-0.12918869412169443 1.0012146595923 0.0009655342414114916
-0.12884597235811168 1.001352316237389 0.0009733911809102779
-0.12779981004632646 1.0028488153125443 0.0009662265456622379
-0.12745710877138428 0.9998573162803802 0.0009727065376401038
-0.126410925970049 1.001879859117659 0.0009663416539570578
-0.1260682447194537 0.9999617257007989 0.0009726874079761985
-0.12502204189331678 0.9991920171141296 0.0009658214127017423
-0.12467938113272625 1.0007051359569752 0.0009728181744868124
-0.12363315781794881 1.0008239066498748 0.0009652398185892222
-0.12329051754645426 0.9984227068974149 0.0009721210207485406
-0.1222442737421261 1.0012278479963033 0.000965514040809112
-0.12190165395881869 0.9989917683975544 0.0009725238231801925
-0.12085538966584863 1.0007292323624528 0.0009652132223576105
-0.12051279037163853 1.0003691143659958 0.0009728198478154434
-0.11946650558957117 1.0016191091210611 0.0009658464365336402
-0.11912392678536923 0.9989924533059932 0.0009722943532700351
-0.11807762197940974 0.999224392249723 0.0009650598478783287
-0.11773506273298052 1.0010547403345207 0.0009731299688853262
-0.11668873790404177 0.9984365419623791 0.0009650694049833867
-0.1163461991462531 1.0015041525974315 0.0009727610622829593
-0.11529985382821906 0.9973289651710278 0.0009643749947784163
-0.11495733555952838 0.9987205469412963 0.0009720711826710417
-0.11391096975239634 0.9987206758261606 0.00096542343387957
-0.11356847197280365 0.9991738920306333 0.0009720221437099207
-0.11252208567657362 1.0000707574315357 0.00096526591136374
-0.11217960838516808 1.0011063998713714 0.0009726503136063692
-0.11113320160075091 1.0016716631479181 0.0009662195546382216
-0.11079074479844066 1.0001373077903208 0.000972294267076061
-0.1097443175240187 1.0007756112111224 0.0009655024658828537
-0.10940188121216865 1.0008754736063712 0.0009725115029856162
-0.10835543391385727 0.998844038151716 0.0009645317658465859
-0.10801301762544392 0.9996055321360735 0.0009721305514664405
-0.1069665498384893 1.0025015130461206 0.0009659779769649227
-0.10662415403917193 0.99923837802891 0.0009717747378598543
-0.10557766576266658 0.9996706727514669 0.0009656172042935626
-0.10523529045244451 0.9983100433506187 0.0009713318147629212
-0.10418878168729861 1.0009483310506448 0.0009653212166140645
-0.10384642686571978 1.0010374863872329 0.0009720172427227727
-0.1027998976114759 1.0007891591777827 0.0009652795973620009
-0.10245756281333376 1.0000938977102714 0.0009718956416142013
-0.10141101400040498 0.9999443273968194 0.0009653465525242247
-0.10106869922660634 0.9992032215537509 0.0009717276635762957
-0.10002212992412751 1.0016171553362507 0.0009657093387868794
-0.09967983564033434 0.998866158581895 0.0009715226771165932
-0.09863324584875954 1.0000627266987232 0.0009653920678617863
-0.09829097205360961 1.000036619886305 0.0009716163768467809
-0.09724436223859811 1.001211868613311 0.0009657070504776982
-0.09690210846642947 1.0007012559797743 0.0009719991032351855
-0.0958554781627754 1.002095058231675 0.0009656726421426075
-0.09551324487924662 0.999985047719244 0.0009718796551991476
-0.09446659408695268 1.0013427701231756 0.000965702901247158
-0.09412438129252189 1.0008036536920197 0.0009721407075003501
-0.09307771001158471 1.000191857785632 0.0009648384022650225
-0.0927355177062499 0.9978327742437305 0.0009709000085568353
-0.09168882640096854 1.0006269938752503 0.0009654158329621092
-0.09134665411952517 0.9994338027999423 0.0009712775560069385
-0.09029994232423633 1.000476994613176 0.0009660276313188976
-0.08995779053279775 1.000462150940232 0.0009715530392492741
-0.08891105871452964 1.0011090001607068 0.0009656921603814694
-0.08856892694607033 0.9989676917256304 0.0009714056022454384
-0.08752217463870693 0.9991727549005265 0.0009651392532306266
-0.08718006335980101 0.9999974101750349 0.0009712345985885472
-0.08613329056333896 0.9997621231229417 0.000964896771829239
-0.08579119977307359 1.0016688087607863 0.0009721264813940992
-0.08474440695317753 1.0016045270734641 0.0009656636056355845
-0.0844023361868016 1.0026894100736654 0.0009725098474516994
-0.08335552287735482 1.0013222090876228 0.0009655491783721092
-0.08301347260007687 1.0008856410079785 0.0009714824132524848
-0.08196663926673864 1.0007938344488698 0.0009653032081172999
-0.08162460901335214 1.0012704610392986 0.0009715183890652913
-0.08057775519046118 1.0000114244029306 0.0009650477594031869
-0.08023574589183058 1.0014522123929277 0.0009716760387230565
-0.07918887158029975 0.9996659871529677 0.0009652308459280249
-0.07884688230465044 0.9991195600197127 0.0009711656751101121
-0.07779998750402228 0.9999345008449497 0.0009647085322935908
-0.07745801871792302 0.9996203341665151 0.000971085912426378
-0.07641110389340611 1.000352600847188 0.0009650820125370954
-0.07606915513119829 1.00003184862431 0.0009708614911738062
-0.07502221981758339 1.0001964106673433 0.0009649859049536811
-0.07468029154492628 1.000917785383172 0.0009711516378434509
-0.07363333620742196 1.001223455429955 0.0009651531730753954
-0.07329142795774614 0.9996735883039735 0.0009710153152040123
-0.0722444521311445 1.0009194646748354 0.0009656153349695497
-0.07190256437011057 1.000242945460679 0.0009712195744255266
-0.07085556852052832 1.0023959796211712 0.0009657320089050729
-0.07051370078338315 1.0006350347064517 0.0009709936985210824
-0.0694666844447056 1.001818541079179 0.0009657837257599183
-0.06912483719711383 1.0010116315606379 0.0009714460767231475
-0.06807780083454418 1.0015506370892764 0.0009654079608233779
-0.06773597361038641 1.000529358615755 0.0009707463075271098
-0.06668891675917621 0.9980399626605759 0.0009651255319672803
-0.06634711002411442 0.99945277706525 0.0009701267814554409
-0.06530003314901478 1.000505811236827 0.0009650335539356131
-0.06495824690305098 0.9983055865817203 0.0009702262418318087
-0.0639111495393081 1.000189675481278 0.0009650609635300644
-0.06356938331632625 0.9984393118775753 0.0009701529965245015
-0.06252226546257589 1.0016919061343412 0.0009654807867980975
-0.0621805197291434 1.0012724515112679 0.0009710864831598987
-0.06113338185195971 1.000482308652639 0.0009651397995298924
-0.06079165614196326 0.99919572320411 0.000970409349976679
-0.05974449824225303 0.9994377812996433 0.0009650984726954037
-0.05940279255523583 1.0018964626019222 0.0009712770243808544
-0.058355614166430314 0.9998690954172831 0.0009648519842776424
-0.05801392896851111 1.0001255883510116 0.0009707557802267354
-0.056966730556268885 1.001243410584754 0.0009656389215964894
-0.05662506584790039 1.0002868420032736 0.0009705043595441685
-0.055577846946107456 0.999374504409558 0.0009646864645476895
-0.05523620226117567 1.000339887910908 0.0009703363240420395
-0.05418896287073949 0.9989616666909491 0.0009648809456049471
-0.05384733867490367 1.0004465609713313 0.0009702578999383004
-0.05280007926057806 1.0009207375624904 0.0009657513285586026
-0.05245847508817894 0.999828314001051 0.0009703375758824587
-0.05141119564996188 0.998531986413175 0.0009647139144142871
-0.05106961150145152 0.9990739137779913 0.0009703206577632694
-0.05002231203934571 0.9980256016638583 0.0009645045290748571
-0.04968074838038538 0.99908495185842 0.0009698789586433717
-0.04863342796352299 0.9992911161819054 0.0009646665606767724
-0.04829188479411608 0.9987588539738964 0.0009697566599841148
-0.04724454435381631 1.000285865260654 0.0009652504256471247
-0.04690302120738865 0.9991131653400532 0.0009700227740368275
-0.04585566074365488 0.9985026636647968 0.000964692478438153
-0.04551415762020851 0.9995594173676401 0.0009699039085485715
-0.04446677713349345 0.9981321088238994 0.0009645348491208394
-0.04412529449868965 0.998378562754839 0.0009696903111419466
-0.04307789352333202 0.9988901552391352 0.0009648283027640672
-0.04273643091196222 0.9995048066351976 0.0009695428166523623
-0.04168900944705456 0.998815967491418 0.0009646905033498137
-0.04134756732569292 0.9986707409417724 0.0009696732335366116
-0.04030012583643838 0.9991619448807489 0.0009654927240894833
-0.0399587037389655 0.9993308458178307 0.0009702587476269079
-0.038911242226276954 0.9980593781866489 0.000964622797017629
-0.03856984061789936 0.999094960849329 0.0009699303431190167
-0.037522358616115525 0.9981594858557677 0.0009646570102046781
-0.037180977031174636 0.9980882757949489 0.0009695982145758277
-0.036133475006408844 1.0024123407458767 0.0009661358774560861
-0.03579211344444991 0.9994267036403096 0.0009703317616060979
-0.034744591396247415 0.9999514492840378 0.0009655867151156434
-0.03440324985817791 0.9990988184914658 0.0009696844808611457
-0.033355707786540734 0.9994127358295569 0.0009654132109262655
-0.03301438673711177 1.0003861214686334 0.0009704978049929224
-0.03196682417546981 0.9988694980307687 0.0009651884759551427
-0.031625523150842466 0.9987490802361206 0.0009700243933955084
-0.030577940564853634 0.9979557617564448 0.0009651354616718151
-0.030236659564115042 0.9988341236889454 0.0009698980798398109
-0.029189056955146953 0.9989532369411376 0.000964837631674731
-0.02884779644214076 0.9992218621016393 0.0009698985021429525
-0.02780017334407603 0.9984300091448831 0.000965004603001295
-0.02745893285541334 0.9999793292008929 0.0009701162606647529
-0.026411289733459853 0.9989916010266132 0.0009647626568345714
-0.02607006926868861 0.9982083998229535 0.0009698102010856196
-0.02502240612375317 1.0000163439570264 0.0009653519773703048
-0.02468120614671433 0.9981493057138614 0.0009695810093308842
-0.023633522513591743 1.0006920236676349 0.0009655271468134537
-0.0232923425599896 0.9998190878184222 0.0009698677218573337
-0.02224463890252082 0.9999214408599886 0.0009654175518736784
-0.02190347897326218 0.9999205171444879 0.0009700340993539583
-0.02085575529235939 0.9984039711445878 0.000964799429860949
-0.020514615852196046 0.997144320055819 0.000969367325984806
-0.01946687168219796 0.9984420298378277 0.0009650624066974389
-0.019125752265471318 0.9994253306409651 0.0009695636708570457
-0.018077988072036533 0.9987625156842725 0.0009649052455359927
-0.017736889144860605 0.999138798293169 0.000970004002327743
-0.016689104461875104 0.9988996585180667 0.0009646235264840166
-0.016348025558135876 0.9998508605636666 0.0009700637774326993
-0.015300220851713675 0.9965727882122989 0.0009641421196767989
-0.014959161971863876 0.998040904136391 0.0009692753310846582
-0.013911337242006994 0.9988890160457934 0.0009652524042354503
-0.013570298850800437 0.9988782152136139 0.0009695804893527757
-0.012522453631390817 0.9978134474854046 0.0009645711935635218
-0.012181435263164868 0.9992467665878818 0.0009696362494412659
-0.011133570020319894 0.9993063887127818 0.0009650068749144383
-0.010792572142098732 1.0004204377628496 0.0009704734879000392
-0.0097446868762745 0.9973965866143942 0.0009649331602893901
-0.009403708555371312 0.9979516447358999 0.0009690551458895306
-0.008355803266113071 0.9972436832000139 0.0009641188468137596
-0.008014844968646583 0.9979875896514093 0.0009692354886562458
-0.0069669196564063895 0.9989290713545991 0.0009651231177371483
-0.006625981847583144 0.998370262734327 0.0009696468998649047
-0.005578036046244961 0.9985492386008485 0.0009652363552147459
-0.005237118260855722 0.9978066581001895 0.0009692725269475835
-0.004189152436083532 1.0000608083323819 0.0009652014266142681
-0.0038482551402450084 0.9989966552428714 0.0009698678152365612
-0.002800269291128643 0.9987381335868328 0.0009647503782182695
-0.002459391553520281 0.9991320482455421 0.0009701224069709576
-0.001411385680512467 0.9998362170409621 0.0009654142935949041
-0.0010705284329095674 0.9982070576454439 0.0009695737581689575
-2.2502070351038128e-05 0.996654185614952 0.0009639562102303032
0.00031833515381785455 0.9999141968814839 0.0009696706578001696
0.0013663815398103907 0.9995618469881826 0.0009649996673850211
0.0017071982748812944 0.9992823669962856 0.0009694501948583183
0.002755264683855785 0.9985405961193429 0.0009646524181472525
0.0030960618616060216 0.9993339231389577 0.0009701980542378561
0.004144148294017214 0.9975449519170296 0.0009640387870143746
0.004484924982216735 0.9998767019351055 0.0009697216763226199
0.005533031903723895 0.9984390294377261 0.0009646043106829388
0.005873788569399578 0.9992894421833523 0.0009697414173695962
0.006921915514794819 1.0000084633509354 0.000965703411323504
0.00726265169137386 0.9986095867440669 0.0009695698914020388
0.008310798659749707 0.9987761896389614 0.000965080360898484
0.008651515277643166 0.9995803677856085 0.0009699469124489901
0.009699682269456389 0.9993162095026484 0.0009653587988959606
0.0100403783987093 0.998463453174302 0.000969481066953214
0.01108856541395653 0.9995288513249507 0.000965210072737034
0.011429241984981301 1.000207474346119 0.0009702134476100873
0.01247744902411796 0.9983582110165973 0.0009645849897508165
0.012818105106044742 0.9984043144060514 0.0009696280239842496
0.013866332634279388 0.998390731088426 0.0009649696074439981
0.014206968692769469 0.9992664708198189 0.0009699594247707762
0.01525521577877953 0.9974838173332833 0.0009644853628591833
0.015595831813835604 1.0012459729649719 0.0009704951266904831
0.01664409938848621 0.996332892484561 0.0009636954888949775
0.016984695400107604 0.9994775517816628 0.0009696033969193692
0.0180329825334411 0.9982585091136487 0.0009647828927606984
0.018373558521171045 0.9984503735147697 0.000969495587933936
0.019421866144512023 1.0001211235314162 0.000965449529893428
0.01976242164178176 0.9976186355992045 0.0009690027431884904
0.020810749754673452 0.9980583985997977 0.0009647006523256346
0.02115128522850918 0.996567444824684 0.0009689116344935953
0.02219963290008309 0.9989276931019226 0.000964637232255301
0.02254014835048346 0.9988119224689559 0.0009697617306659948
0.023588516510244517 0.9989765273634377 0.0009647995449768515
0.02392901193720819 0.999481259891019 0.0009695211929279564
0.02497739965428991 1.0006782445934836 0.0009651668888709839
0.02531787505918247 0.9998564241394237 0.0009694628445301116
0.02636628326445134 0.9990046481938437 0.0009648067371348701
0.026706738180701333 0.9978720669917273 0.0009689052940510935
0.02775516640940623 0.9986474522912365 0.0009653383492787779
0.028095601767428754 1.0006485813306856 0.0009701181390847071
0.029144049554361118 1.0003917975415073 0.0009648590523284543
0.029484464888039467 0.9982399171388897 0.0009696574148700653
0.030532933164522547 0.9997292604050556 0.0009655780749227757
0.030873328009102908 1.0002506994277087 0.0009700595728500077
0.03192181630856794 0.998632055691939 0.0009650366184061227
0.03226219159582763 0.9987249715184712 0.0009693395593569915
0.03331069991872937 0.9985796657120458 0.0009648880115810253
0.033651054716893766 0.9977439731540327 0.0009688352519468112
0.03469958306322951 0.9984555853873684 0.0009648259874943407
0.035039918303165773 1.0005048151108795 0.0009697051897106864
0.03608846667339094 0.9976489581211879 0.0009647144214882602
0.03642878142422921 0.9967790184131062 0.000969117148682372
0.03747734981789108 0.9994230644457411 0.0009652758594195017
0.03781764454483992 0.9997972089187761 0.0009694656564392059
0.03886623296330072 0.9981434848939813 0.0009648752984673946
0.03920650813247549 0.9976734835802064 0.0009687462252725437
0.040255116573462146 0.9981446847334834 0.0009647971677441302
0.04059537125399435 1.0017734447377884 0.000970394728601823
0.04164399971796229 1.000261634486981 0.0009656074176730701
0.041984234374605064 0.9996858283332348 0.000969735173740193
0.04303288286200768 0.998977830743489 0.0009650525920393907
0.043373097495668506 0.9986899938461584 0.0009694399971009784
0.04442176647216911 0.9981557271247071 0.0009647951342938633
0.044761961082395926 0.9994394724535853 0.0009695619757797167
0.045810649616214505 0.9975993063919145 0.0009645209306481708
0.04615082420346207 1.0002291709745004 0.0009698977399332354
0.04719953276162414 0.9998423592504776 0.0009649073987521793
0.04753968732407008 0.9981844570080799 0.0009690846252806549
0.04858841590657903 1.001475568638094 0.0009657343322963178
0.04892855091079751 0.9985757683352348 0.0009694157925028463
0.04997729951628571 0.9992729056798046 0.000965137062108288
0.05031741403140822 0.9982651055095495 0.0009695107715574717
0.05136618266078585 0.9980577049809105 0.000964767555990308
0.051706277152471655 0.997564576365089 0.0009691235987375003
0.052755065805285994 0.9992295739990728 0.0009649005585586133
0.053095140273535096 0.9983495674338391 0.0009694443500693845
0.054143948949786136 1.000077290268381 0.000965476525481533
0.05448400386026252 1.0020997588066147 0.0009697109858223236
0.05553283209383153 1.002949928338979 0.0009660488278456322
0.05587286698087324 1.0003764487415716 0.0009699354347002056
0.056921715704447706 0.9998691432771162 0.000965152801502988
0.05726173010239209 1.0001530186803511 0.0009697722303434888
0.05831059884985734 1.0002645716259875 0.0009653968636377864
0.058650593224366374 0.9994966423624033 0.0009693163950276544
0.05969948199390274 1.00123327301211 0.0009660430688002958
0.060039456344977093 1.0007657032016373 0.0009695831470598989
0.06108836513840288 0.9987412545535083 0.0009648288081648956
0.061428319931701815 1.0011438455569952 0.0009701818073354881
0.06247724828244827 1.0006584632754703 0.0009656754442351839
0.06281718305276796 0.9994573601551895 0.000969676802680203
0.06386613142694841 0.9995889134588716 0.0009653057668111985
0.06420604617337597 0.9998588599698911 0.0009693016170752119
0.06525501457144856 0.9992010040193829 0.0009654020769345247
0.0655949092944421 0.9988150014577308 0.0009694937711177066
0.06664389771640344 0.9997549313463261 0.0009655108301960311
0.06698377241550824 0.9983348191150409 0.0009690711618461517
0.06803278086135833 0.9986438258604967 0.0009649497360834563
0.06837263600223296 1.0026406980456168 0.0009701701279746042
0.06942166400676797 0.9988740232573101 0.0009653578272084361
0.06976149912284368 1.0022797453550132 0.0009704598060526485
0.07081054715172286 1.000424619828806 0.000965425703288866
0.07115036224390713 1.0006819236357118 0.000969300761265658
0.07219943076142954 0.9989525751507805 0.0009647686116955628
0.07253922536451783 1.000256619240927 0.0009695573300359661
0.07358831390592968 1.0004726232552255 0.0009655824457662813
0.07392808848694754 0.9995476895518512 0.0009692843239650379
0.07497719658476854 0.999905971895408 0.0009649921072269981
0.07531695160937724 1.0001491568126069 0.0009693317045543829
0.07636607972926868 1.000180525045089 0.0009654220007825156
0.07670581473044068 0.9981061157278606 0.0009686904809446136
0.07775496287376882 1.0020973511868845 0.0009659218430027356
0.07809467831671268 0.9995205627435556 0.0009691601945827857
0.07914384601917845 0.9993794679920645 0.0009646760270132083
0.07948354143777613 0.999544590230408 0.0009694484760277126
0.0805327291636786 1.0010753922616145 0.0009657714570310184
0.08087240455838683 0.9975423060808761 0.000968255915557122
0.08192161230772399 0.9997810296703689 0.0009649984274991011
0.08226126767945027 1.001280870597024 0.0009692361176878002
0.08331049545222413 1.0005852602046919 0.0009654072698752964
0.0836501308005164 1.0003607716510745 0.0009692434644993355
0.08469937859626953 0.9991844414746364 0.0009655470131821643
0.08503899392158254 1.0016870317219606 0.0009694978218678612
0.08608826174076967 1.0027094608276212 0.0009660822625614896
0.08642785704219057 0.9995486557979978 0.0009690057942355053
0.0874771448861793 1.003961314818361 0.0009668450923685859
0.0878167201632567 0.9996012841159209 0.0009688023238564662
0.08886602803067944 1.000963132066434 0.0009648839214103139
0.0892055832838674 1.0014108385640572 0.0009693677572883256
0.0902549107095183 0.9997126004333846 0.0009650098842162326
0.09059444640584169 0.9996254454115511 0.0009692320765913372
0.09164379385401844 1.0018191026297334 0.0009662343285162971
0.09198330952736056 1.000698110750411 0.0009691008182531387
0.09303267699851858 0.9994833829178458 0.0009652610530889758
0.093372172648424 0.999307230842733 0.000968900664696721
0.09442156014256398 0.9993921144991308 0.0009652276971701653
0.0947610357690347 0.9976621017274819 0.0009687893069033461
0.09581044328706412 1.0002309899779118 0.0009657961435733226
0.09614989889010084 1.0000635734668961 0.0009691356019996826
0.09719932596635772 0.9996510119982294 0.000964816359673185
0.09753876201116428 0.9993947458024215 0.0009688134853354932
0.09858820911176736 0.9977864491597831 0.0009645089669164829
0.09892762513222772 1.000656235635792 0.000969029670808851
0.09997709225581275 0.9988649142936129 0.0009647481373669507
0.10031648825283844 0.9997412622234138 0.0009684489062442878
0.10136597540031289 0.9985366169089624 0.0009648486317333289
0.10170535137390457 1.000913672122061 0.0009698686629668433
0.102754858078697 0.9999924451538889 0.0009652570608288749
0.10309421449451259 0.9991651042522534 0.0009686998453590122
0.10414374122319714 1.001411593345155 0.0009654363405365054
0.10448307761557872 0.9988412743405262 0.0009686362604294283
0.10553262436769728 1.0020827948616922 0.000965636726362359
0.10587194073664485 1.0010271655922924 0.0009693008463687454
0.10692150704699088 0.9995800316163023 0.0009654459147237141
0.1072608038577083 1.000271880459715 0.0009690828291338521
0.10831039019194577 0.9975281706124239 0.0009640291836899993
0.10864966697877174 0.9992295744976276 0.0009682762936055866
0.10969927287078463 0.9994122627292887 0.0009645576216399222
0.11003853010074602 1.0000028237820737 0.0009690522521230616
0.11108815601528477 1.0015956576445169 0.0009649990743406282
0.11142739322181215 0.9995623861141837 0.0009689519502634109
0.11247703915933016 1.0007296559851506 0.0009660528443049744
0.11281625634242287 1.00053828375356 0.0009690238280983338
0.11386592183816902 0.9999769008929301 0.0009654047865373576
0.11420511946348631 1.0006529398317157 0.0009685695076669263
0.11525480498221441 1.0003845760680712 0.000965538072380854
0.11559398258409702 1.0009316929143808 0.0009689778893606128
0.11664368766196276 1.0009114486539277 0.0009655799552992022
0.11698284570516315 0.999315763017131 0.000967852830781238
0.1180325708073724 1.001702080292024 0.0009652923355161731
0.1183717088262266 0.9997431210845248 0.0009689050675816296
0.11942145348712074 0.9997700883523192 0.000964955235808003
0.11976057194729003 0.999356906032724 0.0009683638720169324
0.12081033663116614 1.0008619889766401 0.0009656778688157506
0.12114943506790075 0.9993965447189468 0.0009684927745300558
0.12219921931000499 1.0004924341099986 0.0009656338728445794
0.12253829772376101 1.0001018664193937 0.0009683573270045209
0.12358810245405039 1.0006537323765325 0.0009656027849038181
0.1239271608457353 0.9994780267093543 0.0009684855312303575
0.12497698513288924 1.000845157127192 0.0009656885078707478
0.12531602396679875 1.001352464244914 0.0009687361056601722
0.12636586827738938 0.9989198453972475 0.0009646005999316195
0.12670488708877303 1.0012877694973092 0.0009690582517770755
0.12775475095713773 1.0017156304705206 0.0009658883273227454
0.12809375020983646 0.9994115739767813 0.0009687197849214338
0.12914363410163787 1.0024624333730514 0.0009661641210277933
0.1294826133309026 1.0004165478463285 0.000968234276065137
0.13053251678047673 1.0000275919467998 0.0009653692595154635
0.1308714764515133 0.9998499099422608 0.0009684000699353626
0.13192139992497687 1.000568628672593 0.0009654193984744217
0.13226033910691545 1.0004575714232773 0.0009682521702049469
0.13331028260381572 0.998937568928986 0.0009651002105744588
0.1336492022275262 0.9980434443268814 0.0009678063460220123
0.13469916528219983 1.0012245200763612 0.0009656500915083928
0.1350380653485923 1.0002230744495835 0.0009680627973647869
0.13608804842669997 1.0009029571383106 0.000964801277213619
0.13642692846965576 0.9999871329101364 0.0009684372546551168
0.13747693110599357 1.0004816081969938 0.0009655139000174021
0.1378157915907192 1.0014497179521205 0.000968909468307611
0.13886581378528717 0.9988881247135698 0.0009649882472346817
0.1392046542456686 0.9991791317176507 0.0009677098141509108
0.14025469692978731 0.9998232443087478 0.0009645008537622567
0.14059351736673475 1.0003357482537718 0.000968503518388224
0.14164357960817142 0.9979174266029996 0.0009644381959080798
0.14198238048825362 0.9993524339109325 0.0009675474991008527
0.14303246228701028 1.0007401490991654 0.0009653687937292937
0.14337124360977246 1.0006546755680208 0.0009681716423865765
0.14442134496584913 1.000822496601249 0.0009654694583240855
0.1447601067308386 0.9991629834841342 0.0009681422724412648
0.14581022811034927 0.9994677104087187 0.000964767345174934
0.14614896938578803 0.9994181404845909 0.0009685499549805319
0.14719911078918813 0.999759871601048 0.0009652751255853949
0.14753783250685149 1.0002692053603888 0.0009683079067110954
0.14858799346893647 0.9979855843085533 0.000964856285275356
0.1489266956279149 0.9985283896181077 0.0009673983804025971
0.14997687614777533 1.00182168745211 0.000965560702700344
0.15031555874898106 1.0006123239595448 0.0009679065540904427
0.15136575929182072 1.0001548082933034 0.0009655464187319839
0.15170442140393048 0.9996350879586269 0.0009676608982898301
0.15275464197065958 0.9991439212826448 0.0009649080335845624
0.1530932845249939 0.9986487356861531 0.0009673672372008844
0.15414352464904368 0.999794498851792 0.0009640227772469041
0.15448214764560464 0.9984874543904201 0.0009674045511351039
0.15553240732788254 0.9977896913285863 0.0009642529835687351
0.15587101030100947 1.0006500397967766 0.0009679790010588537
0.1569212900076309 1.000301535990802 0.0009644488272924251
0.15725987342207293 0.9998252816801556 0.0009676250569787026
0.1583101726869245 0.9998142271535523 0.0009652983633617167
0.15864873654313635 0.9989154962484215 0.000967328486602998
0.1596990553653086 0.9992876246299381 0.0009645154988704702
0.1600375991985412 0.9998883516629363 0.0009679497197156413
0.16108793804414745 1.000904848934376 0.0009653518347041346
0.1614264623205155 0.9994507161489287 0.0009679839495919986
0.1624768211886476 0.9993731357309916 0.0009643061700426022
0.16281532544158162 0.9988306917581052 0.0009672192548172916
0.16386570386748645 1.0013629410258802 0.0009652510552354192
0.16420418856264507 0.9997793554639188 0.000967260816481329
0.16525458654587055 1.0016733142250496 0.0009659978489322022
0.1655930512175945 0.9995874476216569 0.0009674855547028542
0.16664346922607365 0.9992197311025324 0.0009650848085416007
0.16698191433865792 1.0019297982865376 0.00096807559858321
0.168032351905822 1.0006295189714773 0.0009654618192465642
0.16837077699360736 0.999685732196506 0.0009670691320497389
0.16942123458466085 1.001305092397978 0.0009653264846211174
0.1697596401146708 0.9993376528344807 0.0009673449012875334
0.1708101172634997 1.0018996939674008 0.0009656878541123121
0.17114850323664507 1.000921548781863 0.0009678610459690356
0.17219899994233856 1.0025813372152266 0.0009658536927613318
0.17253736589204993 0.9987345060802552 0.0009674087060530591
0.17358788262072267 0.999176486606883 0.0009647840245083913
0.17392622901311605 0.9993190469022024 0.0009674261777523849
0.17497676529956152 0.9994119625116265 0.0009650706235266043
0.1753150921341795 1.000314424176031 0.0009675984882300788
0.17636564751228434 0.999011109151846 0.0009648539503493184
0.17670395479003706 0.9987732804105763 0.0009672260408642872
0.1777545301920327 0.999673462697984 0.0009645994858219355
0.17809281791155593 0.9991966444388185 0.0009667003840957579
0.1791434128713263 0.9993035689832057 0.0009649885870557646
0.1794816805669608 1.0000375183092303 0.0009675863725606989
0.1805322955497104 0.9997240832668216 0.0009655096096996047
0.1808705436880269 0.9987663532632671 0.0009671133761572038
0.18192117822854925 1.0006828063632964 0.0009650536864112781
0.18225940634297363 1.0010422644036536 0.0009678920654216043
0.1833100609073881 1.0010799798776335 0.0009654441812066681
0.18364826946403978 0.9996609870437865 0.0009674289610716824
0.18469894358622696 1.0011251736341678 0.0009657701386575328
0.1850371325846505 1.000282112265041 0.0009672361407780612
0.18608782626506581 1.0008369641384858 0.0009649273470960759
0.18642599524005266 0.9993849010510881 0.0009673717344123628
0.18747670847824338 0.9989740225379422 0.0009651542324210548
0.18781485836111608 1.000444092545643 0.0009672349493423385
0.18886559115799173 0.998907171488611 0.0009649064560327586
0.18920372101652094 1.000384641646374 0.0009673684481756496
0.19025447383683058 1.0001916704445073 0.0009653442171870436
0.19059258413713165 0.9996345451823893 0.0009672982885391287
0.1916433565152147 1.0009123605054757 0.0009652759212792437
0.1919814467925338 1.0009235542560868 0.0009672823602453094
0.19303223872839226 1.001389189726992 0.000965177508710861
0.19337030991359994 0.9993265815631139 0.0009667141103758772
0.19442112140677636 1.0002970094189827 0.0009650986315724783
0.19475917256945752 0.9994125768692904 0.0009670655236722854
0.19581000408561522 1.0006676263776906 0.00096519783877253
0.19614803569097636 0.9997425115768541 0.0009669964696707087
0.19719888676536357 1.000173188180465 0.0009651192524905137
0.19753689834638122 1.000208716218851 0.0009672999358731521
0.19858776897854113 1.0016608127697335 0.0009655731153179547
0.19892576146698923 1.0003955881402156 0.000967510882949402
0.19997665165738 1.0020124946218911 0.0009651682457541419
0.2003146241223941 0.9989293449445487 0.0009669179616056722
0.20136553433621884 1.0006584824452016 0.0009651355905097856
0.2017034872434602 1.0005013203734225 0.0009673983776650554
0.2027544165493964 1.001071367100784 0.0009656653827730014
0.20309234989886238 1.0005146818934623 0.0009674121834786326
0.20414329922778052 0.999307279145263 0.0009652772006641185
0.20448121301947308 1.0001377644182825 0.000967422090688906
0.20553218144095808 0.9998618585002853 0.0009652980341896143
0.20587007567487522 0.998894785256854 0.0009669060360287887
0.20692106412025169 0.998669493096505 0.0009648738066193521
0.20725893832982467 0.9990507923929355 0.0009669132666394895
0.2083099467995453 1.0011142551739973 0.0009652228981416292
0.2086478014508881 1.0000568924182105 0.0009671051279223187
0.20969882901272285 1.0007146014192718 0.0009656764079316802
0.21003666410629296 0.9988244601211453 0.0009669992991468597
0.21108771169110696 1.001737122364018 0.0009656547407798564
0.2114255272278118 0.999068771515521 0.0009664177250192944
0.21247659390428453 1.0012025624860614 0.0009658280159350887
0.21281438988367207 0.9993769574874616 0.0009670632201672631
0.21386547658312338 1.0018256011477855 0.0009654793134786332
0.21420325253907424 1.0005702120835966 0.0009675449740839992
0.21525435879721044 1.0002739486318821 0.0009649752630019457
0.21559211566013767 0.9988636065651697 0.0009665706891567056
0.2166432414769588 0.9991885761919879 0.0009647416202743731
0.2169809783150871 1.0004648957784903 0.0009672437070152831
0.2180321236905911 1.0009456326946589 0.0009658137888163216
0.21836984143615323 0.9987609719311547 0.0009659634697950673
0.21942100636942996 1.0006979147533643 0.0009655270063268505
0.21975870409201081 0.9992729963844964 0.000966958849088128
0.22080988858215278 0.9999339132877448 0.0009649685397147749
0.22114756674786837 1.0000339052049938 0.0009671941766160447
0.22219877126099163 0.9997388255712414 0.0009652305928295762
0.22253642986893452 1.0026819740873791 0.000967737958610308
0.2235876534741692 1.002473429545353 0.0009663240930610649
0.22392529252433666 0.9989095750886122 0.0009662063497991114
0.22497653568734677 0.9996832347982562 0.0009649595874371311
0.2253141551792861 1.0008025889339676 0.0009663275707145377
0.22636541836573087 1.001341213757274 0.0009649330376831785
0.22670301830034953 0.999273486982471 0.0009670039630081291
0.2277543005793632 1.0036772843109032 0.0009665332153745858
0.2280918809557544 0.999435809788466 0.0009663281251112579
0.22914318325911154 1.0013405101025639 0.0009654953964226466
0.22948074361161194 1.000487311559557 0.0009669774598638958
0.23053206547183436 1.0001939475756212 0.0009648575747740994
0.2308696067331335 0.9994319065826532 0.0009662878897549081
0.23192094768501192 1.0015867537657024 0.0009655632826639619
0.23225846938853567 0.9995115260984602 0.0009664790525068418
0.23330983036339603 1.000731076669113 0.0009650056356029167
0.2336473320439378 0.9994696529077842 0.0009666168568799586
0.2346987125765736 1.000765671948854 0.0009656039597312642
0.23503619516454852 0.9990192687918271 0.0009662862483749233
0.23608759478975117 1.000878375584656 0.0009652529382578825
0.23642505781995338 0.9992311061886633 0.0009667142359238895
0.23747647700338348 0.9991437451427433 0.0009643278582529985
0.2378139204749001 1.0005120669595564 0.000966558074860268
0.23886535968267708 1.001919513310693 0.0009661476691510915
0.23920278313030496 1.0005659458499718 0.0009667800770781022
