-0.23652951108351772 0.9991133064570429 0.001064051640149181
-0.23613771978813425 0.9991895485979989 0.0010221481330517674
-0.23566696313358315 1.0005568240490805 0.0010590982172948668
-0.23514060611023524 1.0001458615537901 0.001064015356233478
-0.23474880503642015 1.0007446581772217 0.001022995143152697
-0.23427805175654712 0.9993577770389149 0.0010586726723155325
-0.23375170113695276 1.00020210349701 0.0010642558048524502
-0.23335989040111868 1.001561683084544 0.0010234382859970871
-0.23288914038042194 0.9994294879103021 0.0010578925959169728
-0.2323627962800856 0.9995678298060984 0.001064116295037342
-0.2319709757653645 1.0012075223036998 0.0010229340562146333
-0.2315002288887923 0.999023722413606 0.001058310251538605
-0.23097389130725787 0.9999196805047782 0.0010639905526428153
-0.23058206101319498 1.000679578620726 0.0010227532379891839
-0.2301113175126671 1.0001891868741004 0.0010585569125241233
-0.2295849863348849 1.0010367438711159 0.0010645603953131192
-0.2291931463774408 0.9983117414727031 0.0010226531803611536
-0.22872240613654193 1.0014560757626407 0.0010584314863308535
-0.2281960813616024 0.9994221754041436 0.0010636221446524712
-0.22780423174259745 0.9991247453357599 0.0010230353758743458
-0.22733349464400143 0.9989197617828708 0.0010583453957154322
-0.22680717638786518 0.9985192749279419 0.0010638268248650985
-0.22641531710684326 0.9990799228033954 0.0010220245630199536
-0.22594458326832897 0.9987382477316338 0.001058136291457149
-0.2254182714154922 1.0003015013096836 0.0010641363922135798
-0.2250264023537629 1.0009922443066646 0.0010231219123861032
-0.2245556718926592 1.0004416640643794 0.0010585622668589799
-0.22402936655953454 1.0017310848059948 0.0010645691193421855
-0.22363748771846412 0.9996484047325832 0.0010226945015006127
-0.22316676039921057 0.9997364645286855 0.0010579736468549626
-0.22264046158534256 0.9985342427701525 0.001063021717963999
-0.22224857308270993 1.0010778802451445 0.0010229138716076783
-0.22177784902399353 1.0007584110537875 0.0010584245113469779
-0.2212515566111506 1.0005576999595667 0.0010640952980158513
-0.22085965844695574 1.0001558053527424 0.001022770182664193
-0.22038893753236388 1.0017928903658682 0.0010584752465358281
-0.21986265163832286 1.0024776697511224 0.0010647816375157356
-0.219470743811657 1.0005813658246538 0.0010232152038636688
-0.21900002615532785 1.000295324227642 0.0010577505562942302
-0.21847374666594988 1.0004962116197174 0.001063607168080127
-0.2180818291759028 0.9995824147371478 0.0010223916500053762
-0.21761111477920267 0.9993868301309792 0.0010574590759073205
-0.2170848416926674 0.9992056283365457 0.001063047502808782
-0.2166929145401486 0.9994364828087022 0.0010226699474624827
-0.2162222032871176 0.9993212630332985 0.001057352841843982
-0.21569593671938492 1.0013677642583585 0.001064400323948792
-0.21530399990439442 0.9988534781425905 0.0010228244576388338
-0.21483329191144784 1.000609108803415 0.0010576903435600593
-0.2143070317465572 0.9999028821017314 0.0010637953332421934
-0.21391508526864023 0.997540510026764 0.0010217392834603026
-0.21344438041890734 1.0009682548683159 0.0010577432733655816
-0.2129181267732747 0.9993448951933599 0.0010635210113024793
-0.21252617063288604 0.9990846385940736 0.0010225107604661268
-0.2120554690418713 0.998534422691199 0.00105692997139697
-0.21152922191731705 1.0007116436071655 0.0010636154100453047
-0.21113725611354717 1.0000129344792925 0.0010226624212591221
-0.2106665575493308 0.9997152617893831 0.0010575413276216912
-0.21014031694403457 1.0007640776723326 0.001063732378927889
-0.2097483414782457 0.9999039111442746 0.0010225408307224326
-0.20927764617411648 1.0006070084396215 0.0010576110550310038
-0.2087514119698426 1.0007306950301538 0.0010638328945106715
-0.20835942684294692 0.9994603543122954 0.0010226222074244708
-0.20788873468157598 1.000698742168786 0.0010575208207519037
-0.20736250699701486 1.0002336752069534 0.001063018756390022
-0.20697051220719273 1.0005057927124956 0.0010231811262257128
-0.2064998233049954 0.9992532261511909 0.001057246344182801
-0.20597360202418713 0.9996378737577157 0.0010631188520312136
-0.20558159768785386 1.00079971883469 0.0010230540555032054
-0.2051109118124549 0.9984619543538981 0.0010569363347750936
-0.20458469705090465 1.00030539393852 0.0010635422988701498
-0.20419268305209967 1.0007771924361377 0.0010230510339005047
-0.20372200043724054 0.9997788701096606 0.00105683201352139
-0.20319579207762217 0.9999229057042629 0.0010630669059628326
-0.20280376841634548 1.000872540949161 0.001023404208037057
-0.20233308894515276 1.0005393655859736 0.0010575237452065329
-0.20180688710479444 0.9990592869645413 0.0010626428719093198
-0.2014148538965512 0.9982060864184218 0.0010219313828129558
-0.20094417756902758 0.9997835138079945 0.001056914298625545
-0.2004179821319667 0.9991421431657544 0.0010623217924411845
-0.200025939260797 1.0010599669980806 0.00102334181639997
-0.19955526607648708 0.9989370255397442 0.0010563663116076002
-0.19902907715868423 0.9996984256652032 0.0010632358684468052
-0.19863702474191355 0.9997456434359703 0.001022600115528966
-0.19816635458394657 0.998852105178812 0.0010567448920601758
-0.19764017218449226 0.9999767652981745 0.0010623530991562347
-0.19724811010615936 0.99796948965068 0.00102187767661637
-0.1967774432078214 0.9978099134510109 0.001056507145237792
-0.19625126721211927 1.0010567426352104 0.0010631335743795376
-0.1958591955868205 1.0013335117627826 0.0010233668750396772
-0.1953885317152809 0.9989476891160053 0.0010565297998890617
-0.1948623622397463 0.9998078055950615 0.0010630948509176717
-0.19447028106748163 1.0002931022961588 0.0010230475189042635
-0.19399962033915572 0.9990854187109355 0.0010569986827312682
-0.19347345726555432 0.9979650295114509 0.00106276234345407
-0.19308136643172744 0.9996601068845226 0.0010227680941968884
-0.19261070884707066 1.0000234748749128 0.0010573223163853674
-0.19208455229272658 1.0005774424708342 0.0010627368435002808
-0.19169245191284398 0.999811520788804 0.0010222638283433035
-0.19122179735498557 1.0020834346213354 0.0010575525214411806
-0.19069564720348353 1.0014083548725397 0.0010629220218147247
-0.1903035373935051 1.000019193875127 0.001022509270582078
-0.1898328859788604 0.9998792879442499 0.0010565172236322508
-0.18930674223020105 1.0016336606056389 0.0010629994120802827
-0.18891462275775092 1.0005107089734928 0.0010227416316418542
-0.1884439744863199 0.9995653555677445 0.0010570296253898245
-0.18791783725737332 1.0011680839847976 0.001063319302021859
-0.1875257082388675 0.9996470134668952 0.0010225214941350113
-0.1870550629937794 0.9999917777357529 0.0010567566907036816
-0.1865289322845456 1.0004574430778876 0.0010631813713470836
-0.18613679371952863 1.0011342389839393 0.0010235364433957045
-0.18566615150123889 1.0016859210577116 0.0010578483320040678
-0.1851400273112631 0.9990067329575549 0.0010628113706510234
-0.18474787920018976 0.9995841567290398 0.0010222329796723219
-0.1842772401251137 0.9994811344588688 0.0010568762312480277
-0.18375112233798063 1.0003035005156053 0.0010633162152672436
-0.1833589646808509 1.0010871291997943 0.0010232583753716385
-0.1828883286325732 1.000591102618513 0.001056702419002555
-0.18236221736469815 0.9994550804837665 0.0010620323521385977
-0.18197005016151202 0.9988585022684204 0.0010221027185219438
-0.18149941714048543 1.0012449166796071 0.0010572956662142532
-0.18097331239141567 1.0010826062533054 0.0010630547221264937
-0.1805811356417177 1.0016148455387037 0.0010236767658546697
-0.18011050564840034 1.0009027633855379 0.0010569854639006077
-0.1795844074181332 0.9977719473670977 0.0010626187352702984
-0.17919222112237884 1.0014706023496374 0.0010231508765640091
-0.17872159427227516 0.999182981610025 0.0010564088079123087
-0.1781955023293449 0.9990550728271382 0.0010628337142749127
-0.17780330660395083 0.9991229490468688 0.0010228955533257353
-0.17733268277973466 0.9999722319582511 0.0010564010900267324
-0.1768065973560624 1.0001180949743378 0.0010627452606422221
-0.17641439208506468 1.0003582081010827 0.0010230084035313513
-0.17594377128719416 0.9996408059675309 0.00105659806921439
-0.17541769238232519 1.0009675535291631 0.0010638753025913727
-0.17502547756481768 0.9984827472409034 0.0010227682185159322
-0.1745548597955645 0.99990847409513 0.0010564448143186081
-0.1740287874090427 0.9998888095579447 0.001063474490783826
-0.1736365630454788 0.9981395465293702 0.001022649210583028
-0.173165948303024 0.9998033634151556 0.0010564927811953812
-0.17263988243666972 0.9994538795467433 0.0010624791061628963
-0.1722476486434634 0.9998024367878201 0.0010227072111854162
-0.17177703692598797 1.000791444722097 0.0010570649913868861
-0.171250977463842 0.9993345296862446 0.001062496961981731
-0.17085873412412453 1.0020371904703935 0.0010240327300400105
-0.17038812543390291 0.9985198102668597 0.0010554463767364418
-0.1698620723732347 0.9991070290033833 0.0010618972726949062
-0.16946981960433294 0.9999913555870331 0.0010225743208993885
-0.16899921394181783 1.0003999420346228 0.0010571467913962052
-0.1684731674008617 0.9979867692959288 0.001062122812517615
-0.16808090508499407 0.9997931310321754 0.0010227468843268023
-0.16761030244927733 1.0008549143393468 0.00105668069445464
-0.16708426242848873 1.0007115925347971 0.001062838397682444
-0.16669199068297866 1.0007689752955582 0.0010231224243664597
-0.16622139095673683 0.9988747219873342 0.0010559696535560597
-0.16569535745429675 0.999858895713564 0.0010626842087261322
-0.16530307616409523 1.0004883870362336 0.0010228399308582388
-0.16483247946419632 0.9978932651214935 0.0010559067426851453
-0.16430645248101428 0.9995576820082226 0.001063037458741617
-0.16391416176026083 0.9994438325416686 0.0010229013075136858
-0.16344356797256396 1.0005482654090763 0.001056613101085556
-0.16291754739131648 1.0020208518253333 0.0010632948409867767
-0.16252524724092196 1.0006045147594604 0.001022842633853518
-0.16205465648002346 1.001069596585966 0.0010567662083027435
-0.16152864241848874 1.00003241576846 0.0010627389257024033
-0.16113633283890927 1.000291584800652 0.0010230304392384313
-0.16066574498657482 1.0018813204705732 0.001056628848965941
-0.160139737445661 0.9987387587087978 0.0010624520828044891
-0.1597474183195704 0.9990010686228775 0.0010225654130965173
-0.15927683349494245 1.0008996652768527 0.0010566586830062167
-0.15875083247237853 0.9988312342545254 0.001062393571496417
-0.158358503915736 1.0008861925477914 0.001023215375729842
-0.1578879220033128 1.0013054032254125 0.001056922988128457
-0.15736192738268073 0.9998934555741922 0.0010624349171393633
-0.15696958951281245 0.9990079942311049 0.001022880546550765
-0.15649901050986145 0.9992750901504966 0.0010559201496712137
-0.15597302240939825 1.0024166858344168 0.001063318411103252
-0.15558067499438444 0.9998343884561243 0.0010227027715655234
-0.15511009901732095 1.0015706410124265 0.0010569070546429596
-0.15458411743702527 1.0007288940712882 0.0010632299815726616
-0.1541917605919136 1.000349642074419 0.0010235363971214412
-0.15372118752478045 0.9984769105139051 0.0010564269132203024
-0.1531952124637428 1.0000948662689513 0.0010626664554422311
-0.15280284618853734 1.0017067069248162 0.001023700140121181
-0.1523322760326954 0.9984293141936423 0.0010559719990982095
-0.1518063073731355 0.999666119435448 0.001062319159510948
-0.15141393166828762 0.9996192441301478 0.0010223513256229922
-0.1509433645406103 1.0008113451528293 0.0010567790583835464
-0.15041740240030776 0.9982727286703801 0.001062335219173248
-0.15002501726627493 1.0001185717452057 0.0010231869713601843
-0.14955445304715895 0.9977846306367281 0.0010558391117714734
-0.14902849742793478 1.0008669166192825 0.001062824158912705
-0.14863610286425952 0.999316831902734 0.0010226489151457534
-0.14816554155461845 1.0009966247736324 0.001056686619865577
-0.14763959233823698 0.9998140781901322 0.001062313441318548
-0.14724718846042784 1.0014323160473586 0.0010233904855498942
-0.1467766300629888 0.9992612340679765 0.0010563094943025061
-0.14625068736449975 0.9986201212024134 0.0010626252220939834
-0.1458582740575043 0.9998920422307426 0.0010228018062345223
-0.1453877185704483 0.9999681855883575 0.001057122634607431
-0.14486178239212677 0.9996764816651094 0.001062342959677304
-0.14446935965458074 1.000507533903849 0.0010231351783975115
-0.14399880707836052 0.9974208442682284 0.0010555936084111063
-0.14347287730288372 1.001569746266266 0.0010632760257310385
-0.14308044525256533 0.9989356437325659 0.0010222065595701514
-0.14260989558582002 1.0002781045234523 0.001057239383986863
-0.1420839723291465 1.000907931913926 0.0010628280152459979
-0.14169153084964178 1.001097727296165 0.001023736582161535
-0.14122098409327952 1.0018006375391224 0.001057190798522636
-0.1406950672394487 1.0004182127168846 0.001063012568311156
-0.1403026164458101 1.0000098952368621 0.001022722420112057
-0.13983207260119443 1.00093510504442 0.0010567661209330437
-0.1393061622670757 1.000221919311235 0.0010627500689177453
-0.13891370204288656 1.000463282700087 0.0010233283620751012
-0.13844316110865393 0.9997048625239628 0.0010564177613259452
-0.13791725729379323 1.0000837861519964 0.0010629730215443636
-0.13752478775728647 0.9999139253110134 0.0010236123587710466
-0.1370542494996981 1.0001512017500798 0.0010566870144996998
-0.13652835220318593 1.0000307495048792 0.001063009750513058
-0.13613587335436292 0.9984859023687482 0.0010227014373198093
-0.1356653380071576 1.0000896003751778 0.0010566283605204542
-0.1351394472303582 0.9999083471001392 0.0010625959193334106
-0.13474695895143937 0.9993399114489481 0.0010229940109213243
-0.1342764265146171 1.0011830257196392 0.0010569856609812167
-0.13375054225798522 1.0001331295588978 0.0010629381647464585
-0.1333580445476077 0.9983586812060713 0.0010224432191229137
-0.13288751502253204 1.0007761273058482 0.0010568785540977055
-0.13236163716828742 0.998971490397955 0.001062220770243088
-0.1319691302620076 1.00141384239925 0.0010234093941452857
-0.13149860352999154 1.0004566889562174 0.00105705313267118
-0.13097273219500494 0.9995598472993121 0.0010629772362063439
-0.1305802158599949 0.9989702099997931 0.0010220411593985816
-0.13010969192103572 1.000107826795614 0.0010569309982601759
-0.12958382710576188 0.998987633612042 0.0010625274239673393
-0.1291913014561605 1.0009603368712974 0.0010232057547301895
-0.12872078042895063 0.999985940936205 0.0010565376202973326
-0.1281949221324794 0.9991858971959966 0.0010625941405068378
-0.12780238716919687 0.9982777726519237 0.0010219550385714554
-0.12733186893641013 0.9991396643678314 0.0010562729144709502
-0.1268060170427816 1.000142785749982 0.0010630621816446891
-0.12641347276672874 0.999673738331705 0.0010227801712474425
-0.12594295744386963 0.9978831953206547 0.0010562424165802982
-0.12541711206949913 1.00004350330053 0.0010632529758343337
-0.12502455848113136 1.0003030121698366 0.0010228413843490043
-0.1245540458349138 1.0015814829482446 0.0010575613162333852
-0.12402820697980133 1.0004179904421187 0.0010633239913701124
-0.1236356440782078 0.9984891949636415 0.001022282126241889
-0.12316513434328145 1.0020146621175732 0.0010579099466957456
-0.1226393020069736 1.0019968722739516 0.0010639887244325798
-0.12224672979078874 0.9994599716260116 0.0010228131108173267
-0.12177622285074095 0.9989366237019196 0.0010563548846908959
-0.12125039691773054 1.0007824700021382 0.0010629483959469245
-0.12085781550519135 0.9997587465117177 0.0010226429620239714
-0.12038731124087698 0.9996652223572849 0.0010567748015578716
-0.11986149194444806 0.998089469034607 0.0010626904584580044
-0.11946890110317596 0.9981787106773444 0.0010219833375865843
-0.11899839974879191 0.9985780432144765 0.0010563372416147081
-0.11847258685475026 0.9973932825700526 0.0010625474017360317
-0.11807998681575958 1.0003240836204872 0.001022746222426372
-0.11760948825715954 0.9989663800702447 0.0010566489223714024
-0.11708368188237728 0.9993802764995413 0.0010630793221348858
-0.11669107252879594 1.0012885634894932 0.0010233376057126235
-0.11622057664820372 0.997357542212252 0.0010559786409742682
-0.11569477679313422 1.0018187101520237 0.0010636619731592756
-0.11530215824228772 1.000727641646084 0.0010231286229000446
-0.1148316651552078 1.0018943337963635 0.0010578946207952008
-0.114305871819397 1.0007920151523404 0.0010631286312985913
-0.11391324395669034 0.9997619864607601 0.0010224254247460066
-0.1134427536626673 1.001544899965702 0.0010577056180115108
-0.1129169667287897 1.0009923751831353 0.0010635819585050462
-0.11252432955376679 0.9994577163565738 0.001022330834468454
-0.11205384205462232 1.0000438399769365 0.0010577585739617937
-0.11152806175550722 1.001954004027675 0.0010635357236698135
-0.11113541526680314 0.9998764094624825 0.0010229339748912773
-0.11066493056208182 0.9993792187305113 0.001057371988470754
-0.11013915666671892 1.0003659146782322 0.00106352380498464
-0.10974650098029491 1.0006342674616024 0.0010227276045307815
-0.10927601906863048 1.0009255025816148 0.0010576467700090942
-0.10875025169343644 0.999006247499975 0.001062726088936707
-0.10835758669469484 1.0012857889749645 0.0010233299698040998
-0.10788710746013007 1.0005023553042205 0.0010574707307601909
-0.10736134660419339 1.0001085829648941 0.0010632513425669775
-0.10696867240818661 0.9976615800292118 0.0010220159701856816
-0.10649819596849772 0.9998742042165889 0.0010574496317286746
-0.10597244151449559 1.0007873770796034 0.0010633357901247348
-0.10557975823718556 0.9998621193953083 0.0010222499509686678
-0.1051092843595419 1.0010048053161409 0.0010578091502146424
-0.1045835365412131 1.00158286236821 0.0010637412634161888
-0.10419084395113276 1.0007861522797343 0.0010227821692109663
-0.10372037286654867 1.00017105896698 0.0010578557129376804
-0.10319463145197005 1.0001035775618343 0.001063533426238771
-0.10280192966553268 0.9992528326223525 0.0010222714111343312
-0.10233146125759285 0.9963738944219964 0.0010565774398691781
-0.10180572647868757 0.9987054569500966 0.001062673863710994
-0.10141301537902446 1.000679823181625 0.0010229867270705353
-0.1009425497659605 1.0001276970035993 0.001057762205345418
-0.10041682138898977 0.9999212140239514 0.0010629956268121668
-0.10002410109206081 1.0013142145247576 0.001023018918272396
-0.09955363815700467 0.999676949834669 0.0010573930925960404
-0.09902791629929197 0.9992772179183208 0.0010628127922446102
-0.0986351869219679 0.9993339716973421 0.0010224590242381515
-0.09816472666355602 1.0008439455867721 0.0010581231387560301
-0.09763901132691899 1.0007140822356697 0.0010632587440359055
-0.09724627263637052 0.9995277921656395 0.0010223939043396055
-0.09677581505505292 0.9989003839454508 0.0010572717231718519
-0.09625010623722119 0.9993606503916195 0.0010630426191503802
-0.0958573583498623 1.0018535155551849 0.0010231281491281114
-0.09538690356296785 0.9998216863044004 0.0010575167651873658
-0.09486120114706864 0.9991307264423648 0.0010636378923694993
-0.09446844417885855 1.0001963561633913 0.001022885302279471
-0.09399799195401203 0.9993301119787389 0.0010572917293247411
-0.09347229617424091 0.9997172144918246 0.0010633953344160632
-0.09307952989235033 0.9994048104117585 0.001021694775089941
-0.09260908046147152 0.9992984829661002 0.0010575827666011602
-0.0920833910854526 0.9998090142646234 0.0010631533120362647
-0.09169061572225742 0.9998651310971597 0.0010226838878092824
-0.0912201688525157 0.9990634658429036 0.0010577332908781726
-0.0906944859957548 1.001516989652649 0.0010638567932042533
-0.09030170143666004 0.9993263277895164 0.0010220585222827396
-0.08983125724447072 1.0000269822406407 0.001058010144803993
-0.08930558102156283 0.9990641146995621 0.0010627973137288848
-0.08891278726656714 0.9988578420118273 0.0010219364919180308
-0.08844234575193022 0.999183760083078 0.0010577733147023977
-0.08791667593277452 1.0008121202794091 0.0010637149573249855
-0.08752387297914807 1.0000033357208464 0.0010222889060234194
-0.08705343414206355 1.0010384077061623 0.00105775179896178
-0.08652777084398622 1.0005042097012562 0.0010638434264909624
-0.08613495880905517 0.9997813962557334 0.0010224864564645408
-0.08566452264997847 0.998949265049753 0.001058037733057968
-0.08513886586979424 1.0018595763612461 0.0010643458706343157
-0.0847460446398731 0.9998520441432368 0.0010221789864642012
-0.08427561104147807 1.0004713004361174 0.0010581349890746504
-0.08374996078009644 1.0016439140971751 0.0010636408358802728
-0.08335713035336488 1.0007497669849645 0.0010229613312412644
-0.08288669943252225 0.9998189447634915 0.0010578553437334958
-0.08236105569130814 1.0018339664091802 0.001063604140871613
-0.08196821618327198 0.9989902701821339 0.0010218673632137183
-0.08149778794043717 0.9987339913061948 0.0010577091232970848
-0.08097215071802566 0.999415035241922 0.0010633215088834077
-0.08057930201317907 1.0017157766558045 0.0010229596857765227
-0.08010887633193407 0.9982202693270024 0.0010573660703564092
-0.07958324562832786 1.000230464428276 0.0010638551362123186
-0.0791903878435389 1.0004110660667669 0.0010221594893777503
-0.07871996472297825 0.9990900309392219 0.0010577437977409895
-0.07819434053863006 1.0009127538822218 0.0010634903342376294
-0.07780147367390142 1.0009874389110964 0.0010226081488223277
-0.07733105323043775 0.9989745341808367 0.00105773077278973
-0.076805435449387 0.9991491481680803 0.0010629266261371919
-0.07641255950290037 0.9985890342413449 0.0010215630372106038
-0.07594214162148193 0.9995370335229111 0.0010579737958247995
-0.07541653047655927 0.9992790233371184 0.0010632810057103442
-0.07502364533280746 0.9979853809167287 0.0010219182885227033
-0.0745532300125261 0.9985915904837046 0.0010577646340657382
-0.07402762538686147 0.9994727187772299 0.0010634966452606174
-0.07363473116271456 0.9973694309127776 0.0010213641981730516
-0.07316431840357028 0.9998748708041061 0.0010581214363674808
-0.07263872029716367 0.9992993929782115 0.001062573775065362
-0.07224581699307439 0.9998050332540801 0.001022465323722177
-0.07177540691102978 1.0003367874928177 0.00105820881147013
-0.07124981520746587 0.9999375097100021 0.0010629539879077514
-0.0708569028234369 1.0009960083362544 0.0010226351340907362
-0.07038649530252937 1.0020066737060187 0.0010591176389261995
-0.06986091011867757 1.0004953505068666 0.0010633542141983549
-0.069467988653344 0.9977377497439304 0.0010207456795141253
-0.06899758369357355 0.9986123374509404 0.001057753715840667
-0.06847200514539509 0.9988554058467428 0.0010628871293858048
-0.0680790744832511 1.0013501346837952 0.0010227056113513125
-0.06760867208461772 1.0008352989277178 0.0010585399336363115
-0.06708310005478779 1.0006919084110757 0.0010634260816124374
-0.06669016031315819 1.000137070274775 0.001022042717198102
-0.06621976047657005 1.0008518061067635 0.001058426978867946
-0.06569419496554474 1.0004395657183525 0.0010633487728694607
-0.06530124625948061 0.9988602375638287 0.0010217580443933115
-0.06483084898448498 0.9998260259462317 0.0010581982639720148
-0.06430528987675643 1.000693011600241 0.0010634829336790856
-0.06391233208938771 1.0011387809946544 0.001022947374368672
-0.063441937374621 0.9981404701913421 0.0010568904830584838
-0.06291638478705863 0.997834298430778 0.0010623814589222481
-0.0625234179192948 1.0009622772032487 0.0010219076347038139
-0.06205302576566518 0.9985000625781159 0.0010580073625572504
-0.061527479696906084 1.000213124578367 0.0010634367863465932
-0.06113450386607265 0.9989127173098564 0.001021390532898304
-0.06066411415761751 1.000107361830387 0.001058250990679001
-0.0601385747245331 0.9998323219282533 0.0010632194731817913
-0.05974558969597975 0.9998167467037371 0.0010218990661306935
-0.059275202548661685 1.000182478794741 0.0010584141128042266
-0.058749669635744795 1.0000127118357232 0.001063242953666172
-0.058356675642302167 0.9993191579737098 0.0010211725717064171
-0.05788629093925044 1.0012179596433297 0.0010582427466565506
-0.0573607645451375 0.9989119937727707 0.0010630106316888198
-0.056967761472664684 0.9985503598425286 0.0010213970217141336
-0.05649737933029462 0.9985050223579396 0.0010576553260417349
-0.0559718594554397 1.0005413976181867 0.0010634392276262557
-0.0555788474189871 1.0027564494564392 0.0010226622234759935
-0.05510846783866496 1.0005939316440493 0.0010581059395006886
-0.0545829543657419 0.999873162295066 0.0010632336743517177
-0.0541899332488942 0.9985580529254984 0.0010213437156588996
-0.053719556230164556 0.998941647613137 0.001057573657166014
-0.0531940492760441 0.9993339971716133 0.0010629446813336602
-0.05280101919521662 1.0008503117915897 0.0010219211325350982
-0.05233064462029789 0.9994968953126238 0.0010579444621626835
-0.0518051441863463 1.0010788412175056 0.0010636109099084845
-0.05141210514153904 0.9988149272074583 0.0010212063556944227
-0.05094173301043392 0.9984889539524326 0.0010573187416607899
-0.050416239097103244 0.9991723933581246 0.0010625043791465066
-0.050023190971446134 0.9983884535869313 0.0010211494233367197
-0.049552821402386246 0.9979966457130383 0.0010572938435598647
-0.04902733400786019 0.9983095835096035 0.0010623492277899275
-0.04863427691776855 0.9977742018196124 0.001020626993964935
-0.048163909794341264 0.9984858936102331 0.0010571710937896197
-0.04763842891816239 0.9985004606479668 0.001062505146537643
-0.04724536286454639 0.9965245139445648 0.00102040429836304
-0.04677499818493002 0.9981919530871419 0.0010570588137559856
-0.04624952382891934 0.9986073825919484 0.0010622715615734844
-0.04585644881132154 0.9982217964830549 0.0010212144042829213
-0.0453860865759742 0.9973937845129284 0.0010571730711239453
-0.04486061873967628 0.9980296375105401 0.001062015287033046
-0.04446753475673581 0.9970374537781956 0.0010205106629614497
-0.043997174967929216 0.9976941327124977 0.00105644481196253
-0.04347171376548431 0.9994338482566436 0.0010630146679316505
-0.04307862070305823 0.9982376586261652 0.001021068236872988
-0.04260826335897339 0.9993659306965752 0.0010570435676110432
-0.04208280867578651 0.9962272885972487 0.001061651121198052
-0.041689706649380646 0.9981381312424438 0.0010202952533075172
-0.04121935174956215 0.9977390168215914 0.0010565521961062416
-0.040693903586998204 1.0001556668476572 0.001063118881761767
-0.040300792596158486 0.9997111120301881 0.0010211803719664186
-0.03983044014060633 0.9989397257568419 0.0010567773409511437
-0.0393049984973004 0.999473004303784 0.001062623236271823
-0.038911878542480904 0.9973462731156032 0.0010202360895075423
-0.03844152853255865 0.9995305837562232 0.0010570496141735213
-0.0379160934076026 0.9983791836192194 0.0010619921440791255
-0.03705261692360283 0.9973872913075826 0.0010563738028511352
-0.03652718831835955 0.9986313584754509 0.0010621699341398158
-0.03566370531373886 0.9976375503105394 0.001056629903234652
-0.035138283229116496 0.9965928569605197 0.0010617263208615845
-0.034274793705238456 0.9982643366573397 0.0010563282926639556
-0.033749378139418695 0.999568544206146 0.0010629835256148155
-0.03288588198077546 0.9985038231485945 0.0010563904225561142
-0.032360473049720895 1.0002643332143495 0.001062850609222121
-0.03149697037181964 0.998900955309456 0.001056537148725606
-0.030971567844517267 0.9970022905771607 0.0010616681993171387
-0.030108058762408393 1.0003505969489186 0.0010569915412206893
-0.029582662754819466 0.9973371610857057 0.0010618230619133403
-0.02871914715345257 0.9993571908298942 0.0010569934012890142
-0.02819375766421217 0.9994725356175886 0.001062531463119325
-0.02733023554540759 0.9976841530869311 0.0010562909044620282
-0.02680485257451437 0.9970416711294738 0.0010617450607163478
-0.025941323936451766 0.9991095707663866 0.0010565336363225538
-0.025415947485726065 0.9998292118336201 0.0010626700025107895
-0.024552412327495943 0.9985149583001158 0.0010558511398026647
-0.024027042396028264 0.9995231268202723 0.0010627765645656079
-0.023163500602124798 0.9987022081743201 0.0010558151713913279
-0.02263813730678521 0.9974230191482335 0.0010616222447617939
-0.0217745889936217 0.9996523327228592 0.0010567675210937603
-0.02124923221708741 0.9983900951271025 0.0010620058644204083
-0.020385677384665877 0.9984990770397392 0.0010557450947695777
-0.01986032712738961 0.99775850403402 0.0010619110116840847
-0.018996765775710054 0.9993745591964276 0.0010559403527737037
-0.018471422038146557 0.9974467810907898 0.0010618563037157038
-0.017607854167209655 0.9987765886674487 0.0010558095412487283
-0.017082516948448756 0.9984224165729318 0.0010619920732931024
-0.01621894244183851 0.9966240980546645 0.0010546637283766088
-0.015693611858750955 0.9983699021044454 0.001061679635893776
-0.014830030832882686 0.9989311295871002 0.0010554566753661395
-0.014304706652637833 0.9980882066559469 0.001061779101860628
-0.013441119223926863 0.99844825677632 0.0010548441842779593
-0.012915801563849527 0.9999752967677534 0.001062293837341633
-0.012052207498555718 0.9978682543291967 0.0010543706353218466
-0.011526896474151727 0.9962579997669159 0.0010610634859645957
-0.010663295889599895 0.9979324108344385 0.001054983914301699
-0.010137991383999179 0.9999351846406492 0.0010624434233941333
-0.009274384280644072 0.9994988845354764 0.0010555080582820581
-0.008749086294756125 0.999286221485617 0.001061781702659578
-0.00788547255572835 0.9964127719578213 0.001054231612592642
-0.0073601812059678196 1.0010849679876286 0.0010623149244991103
-0.006496560947227947 0.9987306369928711 0.0010550725419169187
-0.005971275999854697 0.9978150861325004 0.0010613480243562086
-0.005107649338272124 1.0004152545121427 0.001055253146225782
-0.004582370909247402 0.9972564600001573 0.001061140206645509
-0.0037187376133564006 0.9982875306553436 0.0010545063163195925
-0.0031934658195496013 0.9984971233076478 0.0010611138970241974
-0.002329826004853304 0.9990421916822784 0.0010545211917017375
-0.0018045607307612954 1.0004367716037095 0.0010619184346437737
-0.0009409143949893337 0.9969820553849011 0.0010534943279687878
-0.00041565564106349484 0.9988936225242648 0.001061567043790505
0.00044799733038181094 0.9979798382475137 0.0010543299311411688
0.0009732495650496276 0.9983590702145186 0.0010616682484959304
0.0018369089384294866 0.9994078677836441 0.0010546171447398279
0.002362154654747428 0.997869202014924 0.0010611268700662653
0.003225820663800631 0.9981662627007754 0.0010540469529617322
0.0037510597439904814 0.9988744631794576 0.0010614734495218538
0.0046147322727564544 0.9987613714422643 0.0010541194364338895
0.005139964833688282 0.9954039624920695 0.0010597912006320364
0.006003643882620424 0.9988237534236872 0.0010541078895927182
0.006528870039801404 0.9995759932957032 0.0010613535813575505
0.007392555607083422 0.997416154224261 0.001053487749771741
0.007917775129044458 0.998812951854796 0.0010613603132560608
0.008781467215128402 0.9985074268615287 0.0010537948705818159
0.009306680218742258 0.9971185237923913 0.0010607392599647628
0.01017037894141039 0.9993489684234182 0.001054120967804481
0.010695585423945886 0.9981310239523172 0.001060686079738392
0.01155929055127436 0.9981442509045535 0.0010533299517079704
0.012084490513643686 0.9978202968276988 0.0010605646079609834
0.012948202275737357 0.9987697203785808 0.0010536484849559095
0.013473395604250982 0.9980987438171444 0.001060643941279492
0.014337113883782338 0.9962678776599428 0.0010528774721013771
0.014862300693039288 0.9989394294908083 0.0010611119641966253
0.015726025609608903 1.0003251521879337 0.0010538097498702795
0.016251205898242915 0.998255525394101 0.0010604972153091402
0.017114937334980047 0.999578145394727 0.001053952771669286
0.01764011098885021 0.9971353755499832 0.0010604281001149098
0.018503848943027725 0.9996226599722551 0.0010538282027785489
0.01902901607854801 0.9990297505544781 0.0010609075162559824
0.019892760667943446 0.9991246828629444 0.0010533212700909605
0.02041792128375164 0.9978157370198976 0.0010602384517066693
0.021281672277807417 0.9999215861540195 0.0010533738507816752
0.021806826372994692 0.9980589111870952 0.0010599804102816865
0.022670584003178562 0.9980148172951242 0.0010527232711525314
0.023195731579562562 0.9977959708705781 0.0010600671892305813
0.024059495611226236 0.9987583857167116 0.001052868501589074
0.024584636669260362 0.9986136879432426 0.0010601433806198123
0.02544840733659738 0.9957074977950409 0.001051824941293786
0.02597354175804867 0.9990292266126317 0.0010607826250348803
0.02683731906242395 0.9979488581587131 0.0010521007687294625
0.02736244696416179 0.9998116638656973 0.0010606867546243959
0.028226230671379773 0.9998101396937589 0.0010528636257916065
0.028751352054769086 0.9972898317791185 0.0010597171162492179
0.029615142395840073 0.9981323898880656 0.0010524909861025606
0.03014025714401214 0.9982564940961252 0.0010597901669953174
0.031004054120755797 1.0005457649765583 0.0010535329943663744
0.03152916234921577 0.9971289133716249 0.0010595869320537993
0.03239296572971162 0.9970600540637172 0.0010522731182311862
0.03291806743891357 0.9978284339194265 0.001059975352358054
0.033781877455082765 0.9996683496944939 0.0010527389339626116
0.03430697264502669 0.9968802071996073 0.001059453377753312
0.03517078918045391 0.9991498866875229 0.001052738782087041
0.03569587773426974 0.997702175509205 0.0010593336726338483
0.03655970078940973 0.9984584546009386 0.0010520479853048075
0.037084782940382865 0.9988455761419107 0.0010597211563075318
0.03794861251478088 0.9991366435427549 0.0010525941320495686
0.03847368802962592 0.997719994149682 0.0010594755856455124
0.03933752424015202 0.998808769639294 0.0010519745656058397
0.039862593235284294 0.9963751909985137 0.0010587458702006058
0.040726435965067746 1.0003366580670872 0.0010530452644955677
0.04125149832589159 0.9980271471342007 0.0010596562311549777
0.04211534757402357 1.000912480999796 0.0010527465206788763
0.04264040353200471 0.9998638900581698 0.0010604189646017822
0.043504259299394714 0.9975760956767844 0.0010515261384754504
0.04402930862079302 0.9979457975557553 0.0010591820868671232
0.04489317102431313 0.9999164647072452 0.0010523983752753876
0.04541821382690614 0.9974625834667505 0.0010592131433326203
0.046282082749684275 0.9983348759948322 0.0010517416467087793
0.04680711891660394 0.9978073351011546 0.0010595219762682317
0.04767099447505542 1.001863083672232 0.0010532064501226517
0.04819602412271706 0.9979478630918638 0.0010589378072075124
0.04905990608401124 0.9999750569122638 0.0010525313238722667
0.049584929211960116 0.9992625370856553 0.0010599556109855439
0.05044881780938239 0.9986997426665564 0.0010516049599043635
0.05097383441761849 0.9978666959063416 0.0010588687131269417
0.05183772953429811 1.0007417672957772 0.0010524687334278202
0.052362739508225786 0.9982391289945576 0.001059232791672812
0.053226641259213836 0.9995471457579328 0.001051709298319297
0.05375164471433891 0.9981765087078301 0.0010585974599356064
0.05461555298458498 1.0011955071365883 0.0010529635569154084
0.055140549803127215 1.0001553578371605 0.0010598802101076832
0.056004464709956125 1.0013156259810203 0.0010523996997706074
0.05652945500924034 0.9995712104567832 0.001059920681980012
0.05739337643623811 1.0029112747412332 0.00105348342665651
0.05791836009848339 1.0006114578152074 0.0010594613441419552
0.058782288160698415 1.001152918409037 0.0010522847147974642
0.05930726530459651 0.9984440901392849 0.0010590306258667103
0.06017119988516141 1.0017333374211894 0.0010529475886069163
0.060696170510709635 0.9985604271098462 0.0010589381552818745
0.061560111611440704 1.0010554180076738 0.0010529981992180835
0.06208507559949794 0.9976410844257955 0.0010582548131165207
0.06294902322085195 1.000644180971231 0.0010525484163981826
0.06347398080561106 0.9996728602404698 0.0010590336478740474
0.06433793494576767 1.0003600259829952 0.0010521070091057845
0.06486288589576361 1.000191042017118 0.001059052024443847
0.06572684667023067 1.0021243215599245 0.0010528057619688788
0.06625179110187673 0.9983391920671649 0.0010583959118688746
0.06711575839560181 0.9987275870931978 0.00105137075596067
0.06764069630708036 0.99981566991997 0.0010588877923511588
0.0685046701218811 1.0014518207386316 0.001052545008451384
0.06902960139677816 1.001033917033092 0.0010593423309336722
0.0698935818463441 1.0026233860723883 0.0010530638978027637
0.07041850660380078 0.9997974896944454 0.001058974559289734
0.0712824935708044 1.0022615009603906 0.00105264506460321
0.0718074118090044 0.9980871218981249 0.001058494671409948
0.07267140529708639 0.9995476443707011 0.001051594584605176
0.07319631689779271 0.9989255502792841 0.0010581456356933121
0.07406031713887286 1.000987601694937 0.001052460097687178
0.07458522210436058 1.0006971600205337 0.001058849528630444
0.07544922886333316 1.0032947242535584 0.0010536211319859942
0.07597412731092845 0.9987019991096889 0.0010582407841490328
0.0768381405887043 1.0008056763508888 0.001052013613836443
0.07736303239971676 1.0000202463972991 0.0010585322492562322
0.07822705231407545 1.0020866257527228 0.001052849692760396
0.07875193760492039 0.9992907457113047 0.001057907348584895
0.0796159640394466 0.998728994617945 0.0010520868860454113
0.080140842811943 1.0009215957642197 0.0010584272322762026
0.08100487576436231 0.9993492867322407 0.001051899498416486
0.0815297479016408 0.9984689265113105 0.0010576419589552
0.08239378748928074 1.0002355364097537 0.001052405960833823
0.08291865310684443 1.003850961095126 0.0010595752563085771
0.08378269921556003 0.9999821088211833 0.001052915575129849
0.08430755831295755 0.9985217443689255 0.0010580350741654552
0.08517161094093118 1.0000059564083388 0.0010529865692530313
0.08569646351907068 0.9979964008113172 0.0010575696453636418
0.08656052278180949 1.0005230802834617 0.0010525821375402188
0.08708536860876848 0.9985304971867984 0.0010580168268097554
0.08794943450718064 1.0015511987439483 0.0010532321938322826
0.08847427381442685 0.9998928585574944 0.0010581697659412265
0.0893383462330045 0.9999802039958553 0.0010519673644258576
0.08986317902008523 0.9982811235613068 0.0010574546531872126
0.09072725795837565 0.9995184555315394 0.0010519419381724486
0.09125208422619835 0.9990973879072749 0.0010579164800287053
0.09211616968283866 1.0004271130520654 0.0010528471342964214
0.09264098931589615 0.9988668001751037 0.001057880899878096
0.0935050815241697 1.001536346497796 0.001053184325017801
0.09402989452200927 1.000007621569088 0.001058341554865294
0.09489399324954084 0.9981103959225808 0.0010524464899091446
0.0954187997272129 0.9980944244199492 0.001056964762408035
0.09628290497491199 1.0003966902653854 0.0010527073741733533
0.09680770493332602 0.9995792374085931 0.0010577044505141867
0.09767181670028313 0.9998187099336882 0.001052674387473864
0.09819661014034864 1.0016427307704447 0.0010583537680948407
0.0990607285420696 1.0002984861974724 0.0010527692286856146
0.09958551522959169 0.9999811817727604 0.0010579312807545514
0.10044964026744074 1.00068101097701 0.001053099926505479
0.10097442043525007 0.9988041115551135 0.001057240263232728
0.10183855199281189 1.0004396896706549 0.0010530014302358062
0.10236332564136319 1.000589952652518 0.0010574356274318574
0.10322746371773031 0.9991905634927504 0.0010521690340031884
0.10375223084747631 0.9990102237767369 0.001057156952667268
0.10461637555906135 0.9989640719108984 0.001052653848382843
0.10514113605358943 0.999542112761284 0.0010569934916492755
0.1060052872844325 0.9982336755511203 0.0010529597401351856
0.10653004125879306 1.0005957236547438 0.001057962445488784
0.10739419900980364 1.000675209143171 0.001053279445225208
0.10791894646490618 0.9997472181187191 0.0010578547513612638
0.1087831108515901 1.0004314138417445 0.0010533380558461582
0.10930785155460399 0.9999810586882844 0.0010579435032938823
0.11017202257696125 1.0002808480466636 0.0010531369862945318
0.11069675676071711 1.0011568819345458 0.0010582974742572623
0.11156093441874772 0.9992599882513599 0.0010528082519430672
0.11208566196683023 1.000182275549403 0.0010575743206587295
0.11294984614411886 0.997662896077816 0.0010530045710249417
0.11347456717294335 1.000642032200494 0.0010581406503911881
0.11433875786949001 1.0002503159046316 0.0010534947139836835
0.11486347237860173 0.9997704158891744 0.001057034590220956
0.11572766971036563 1.001015904755979 0.0010538954680060328
0.1162523775842601 0.9998783542243967 0.0010574919439087277
0.11711658143528135 1.0018688329347507 0.0010547598727276976
0.11764128279037322 0.998220423688334 0.0010567919160458425
0.11850549327752324 0.9990981404159556 0.0010530365214543413
0.1190301879960316 0.9984947218455436 0.0010572496753839986
0.11989440500380523 1.0018692397487403 0.0010542595885172565
0.12041909320168998 1.0024911237259309 0.0010582688459521115
0.12128331684468086 1.0001818790104113 0.0010536477071728266
0.12180799840871259 0.9996038081602173 0.0010574618296344705
0.12267222856914385 1.0006975879404172 0.0010540853845761912
0.12319690361482571 1.0002566667826474 0.001057742986452069
0.12406114029542314 1.000934153500561 0.0010540838213266362
0.12458580882002934 1.0000374165292643 0.0010574462335869238
0.1254500521372096 0.9999988081935265 0.0010538868807239486
0.12597471402614246 1.0006600468932394 0.0010576626041727739
0.12683896386212534 1.0000537496007513 0.0010540148152923573
0.12736361923271033 1.000513129366992 0.00105719759028056
0.1282278757034591 0.998121415458571 0.0010537168185977724
0.1287525244383687 1.0008017666513456 0.0010577492823366206
0.12961678754524555 0.9995607209182291 0.0010543151153402548
0.13014142964357234 1.0004877673246182 0.0010581465250570352
0.13100569927152483 1.0005526062828605 0.0010550158455337924
0.13153033484968546 0.999217208937821 0.0010568053618655322
0.13239461111240317 0.9992076285976838 0.0010539041148747263
0.13291924005579858 1.0001946141110842 0.0010569532231710802
0.13378352283686346 1.001144864780351 0.0010546913730202312
0.13430814526145696 1.0001605328690155 0.0010571173361420627
0.13517243467956078 0.9996821783190558 0.0010545417004583092
0.13569705046711533 1.0004394176851614 0.001057380345794128
0.13656134640447648 1.0002086608679364 0.0010544925088543826
0.13708595567413795 1.0006459686550264 0.0010580065671369405
0.13795025824580753 1.0019611013865704 0.001055576113825032
0.13847486088025107 1.001588252603913 0.0010582436860448541
0.139339170087594 0.9991277215801682 0.0010539635245517777
0.1398637660854547 1.0015781484424946 0.0010576261967888893
0.14072808181296514 0.9985424064164623 0.0010541227450466008
0.14125267129156782 1.0008617325663636 0.0010577353118771658
0.1421169936547516 0.9989984519797346 0.0010551454412242051
0.1426415764972262 0.9999231222337414 0.0010571329551130985
0.14350590549562994 1.0015233374244825 0.0010552678216343347
0.14403048170333932 0.9996981458347165 0.001056880794192016
0.1448948172210011 1.0002594079469391 0.0010552563000711256
0.14541938690945244 0.9996253734792792 0.0010574500148709325
0.1462837290636957 1.000352824682714 0.0010555619095757166
0.14680829211511082 0.999342814869274 0.0010571587700527285
0.14767264090548216 1.0024820223179443 0.001055942595786639
0.14819719732122394 0.9994513349736467 0.0010569536076930632
0.14906155262994517 1.0015648633660874 0.0010557677988462454
0.14958610264375238 0.9995238602116996 0.0010570071700638536
0.15045046447173163 0.9986312776005428 0.0010552011376708103
0.1509750078498655 0.999575825548855 0.001056937294885995
0.1518393763135181 1.0003144449129808 0.0010556453369690109
0.15236391305506913 1.0003345994551285 0.0010570020637184286
0.15322828815530457 1.0008982880338717 0.0010557275818810572
0.15375281826118226 0.9993809182888431 0.0010564574995815968
0.15461719988022027 0.9997927959229291 0.0010558132282675213
0.15514172346820487 1.000307428407267 0.0010572675556938327
0.15600611172155132 0.9977563966228467 0.0010549644410684151
0.15653062867386325 1.0016604171057413 0.0010580105376555517
0.1573950235633378 0.9997286961221418 0.0010560926008197143
0.15791953387906688 0.9997237974759595 0.0010570440772275727
0.15878393540512425 0.9978820667873091 0.001055292534945213
0.15930843920159532 1.0003640615247287 0.001057318418018864
0.1601728471304954 1.0004391808407538 0.0010563092859879866
0.1606973444081632 0.9991125472902801 0.0010573040156817883
0.16156175897228187 1.0005841814668042 0.0010564577052632927
0.1620862496142763 0.998771300698077 0.0010565666738277214
0.16295067081361292 0.9996037163447825 0.0010564165030278883
0.16347515481947994 0.9995826418591499 0.0010566284852563856
0.16433958265539939 0.9989540840702661 0.0010562134937318318
0.16486406002559306 0.999409542839169 0.0010566262391121422
0.16572849449764127 0.9997701662988017 0.001056604433070913
0.1662529653481215 0.9997103008436325 0.001057309363984279
0.16711740633942773 1.0008828801671872 0.0010565701408676413
0.16764187055423463 0.9998746992961939 0.0010572441315442197
0.16850631806389074 1.000077803338895 0.0010560869622395256
0.169030775759893 0.9988410139777542 0.0010564064704524135
0.1698952299056772 0.9981910486187034 0.0010561929287083711
0.17041968096600613 1.0006242965635792 0.0010573149152260943
0.1712841417483718 0.9977432782074139 0.001055859768550191
0.17180858628853457 1.000903098324696 0.0010573967158039584
0.17267305358970286 1.0006597108495805 0.001056749203450084
0.17319749149419295 0.9982655409840678 0.0010563608238361416
0.17406196543058117 0.9986187687316646 0.001056715015209629
0.17458639670030607 0.999130928311511 0.0010571113775591013
0.17545087727236763 1.0004983979894413 0.0010569406996870923
0.1759753019055097 1.0004051144567563 0.0010567917770632374
0.17683978911460954 0.9989784871028188 0.0010566978485598492
0.17736420722803814 0.9999673335296103 0.0010570715716032638
0.17822870095548515 1.0021135094456166 0.0010585241925146996
0.17875311243506076 0.9998589616993983 0.0010572172296823032
0.1796176127968189 0.9999379224490536 0.0010569428425492283
0.18014201764026438 0.9991798697424751 0.00105643830288028
0.1810065246390581 0.9986907376480367 0.0010567910818521915
0.18153092296188333 1.0016385973882942 0.0010575872991311422
0.1823954364817554 1.0000650590643363 0.001057277984230088
0.18291982816890595 1.0000625915513208 0.001057701397295282
0.18378434832263102 1.0003729845280536 0.0010576110399443193
0.18430873337501907 0.999176729441916 0.0010572344881663576
0.18517326016350935 1.0012409640147844 0.0010581580028400726
0.18569763869709277 0.9998702299986993 0.0010568235059505834
0.18656217200620395 1.0020119036440671 0.0010581284697264745
0.18708654390275115 0.9996596820921665 0.0010569519945422164
0.18795108384799042 0.9998141139688705 0.0010580099381851493
0.18847544910886427 0.9983326053769735 0.0010570910073639337
0.18933999568886875 1.0005521989470088 0.0010581914774723921
0.1898643544313927 1.0006179542720992 0.0010575606924643796
0.19072890753019978 0.9996287046128328 0.0010577576492911904
0.19125325963659634 0.9996294616165512 0.0010567864854157142
0.19211781937244168 1.0003846438451802 0.0010581052422439989
0.19264216484270946 1.001171350937814 0.0010579294065238703
0.19350673121513629 1.0023361763206617 0.0010585394008123593
0.1940310701661474 1.0005475137955893 0.0010576679988856588
0.19489564305601462 1.0007217255352976 0.0010579226260359537
0.19541997537180578 1.0025995054924979 0.001058203775883213
0.19628455489689023 0.9997871891692871 0.0010579930738177142
0.19680888069387947 0.9997134613440457 0.0010569760473846238
0.19767346685600287 1.0027769999674232 0.001058661723555755
0.1981977858999926 1.0006292132581123 0.0010570641914353324
0.1990623786973339 0.999779567451764 0.0010578870300318496
0.19958669110565097 1.0003271798604076 0.0010568641020763613
0.20045129053820954 1.0001131988554761 0.001057876002696099
0.20097559642772467 0.999671575705853 0.0010571966061000014
0.201840202379996 0.9983057502135909 0.0010571869347436491
0.2023645016338378 0.9998115316185214 0.0010567561837462412
0.20322911422223788 1.0003403150344892 0.0010584514568188362
0.2037534069559115 0.9999466550448175 0.0010571822520782778
0.20461802606402435 1.000474245377895 0.0010583570043316596
0.20514231216156986 0.999120522613166 0.0010571722659345078
0.206006938021318 0.9996234614049132 0.00105802499779856
0.2065312174850078 0.9993343697647479 0.0010569737367285203
0.20739584986310447 1.0012912023553362 0.0010589479730783236
0.20792012269112092 0.9991969287561252 0.0010567945636892596
0.20878476170579907 1.001885078826561 0.0010587144616616435
0.20930902801273987 1.001934142599449 0.0010581642395169674
0.21017367354713012 1.000517608211573 0.00105827786984054
0.210697933218853 1.00009941129205 0.0010574658282623442
0.21156258538846387 0.9999416145994005 0.0010583494198516796
0.2120868385418362 0.9996066047023879 0.0010571804884931429
0.21295149734666566 0.9980827216654239 0.0010578053458402054
0.2134757437479493 0.9986353734236442 0.0010569028745970872
0.21434040918799668 0.9999801013994555 0.0010581595851752448
0.21486464906956826 0.9998375439989969 0.0010570831589310156
0.21572932102932774 0.9989932898700821 0.0010580869544385325
0.21625355427522663 0.9996859393435048 0.00105700760354556
0.21711823298844038 0.9995151825083473 0.0010576262089681942
0.21764245959866457 1.0003916600486131 0.0010576959758092112
0.21850714483022685 0.9990994167208593 0.001058516362174954
0.2190313648047777 1.000468898523518 0.001057691376510377
0.21989605667110246 0.9983792119758174 0.0010575961070691687
0.22042027012639664 0.9992782811003931 0.0010574675527459706
0.22128496851288892 0.999830582240706 0.0010580743659299098
0.22180917533250977 0.9993856153292819 0.0010573670800532676
0.22267388047154613 1.0001951548693284 0.0010585126476930979
0.2231980806550382 1.000791349249875 0.0010576192912581832
0.2240627923133326 1.000963260746642 0.0010583980802144812
0.22458698586115133 1.001630865968135 0.0010585619399858131
0.22545170427062625 0.9982591122878531 0.0010576074401638354
0.22597589118322503 0.9997539818819099 0.0010575687694913338
0.2268406161119573 1.0005654479155273 0.0010582805294143123
0.22736479638842866 0.998789288814602 0.0010569893421061571
0.2282295279546519 1.0002877341608003 0.0010580031726563426
0.2287537017109571 0.9987911139845298 0.001056853240431659
0.2296184399128537 0.9997951895396304 0.0010579507172744696
0.2301426070339403 1.0014310426598751 0.0010578164624541417
0.23100735175373202 0.9987875529730688 0.0010582145140310719
0.23153151224005342 1.001214219587685 0.0010578715979622042
0.2323962637119338 0.9999121862804229 0.0010579799233872956
0.23292041756167237 0.9997296103110668 0.0010574020032183941
0.2337851755546284 0.9999399499869177 0.0010579973948764351
0.2343093227677855 1.0001783160102984 0.001057552142310122
0.23517408739550674 1.000431322393949 0.0010579542858805424
0.23569822809122343 1.000998506471757 0.0010577128715419696
0.23656299935279768 0.9988950479656539 0.0010576344346889762
