-0.24208368387899135 0.9963154268843267 0.002508304915268233
-0.24156247988139512 0.999131337586403 0.002472886500184755
-0.24122551505594453 0.9918588993431172 0.002477708235000954
-0.2409378315578885 1.0033357890168264 0.0025663161160604797
-0.24069473973376934 0.9995511277371579 0.0025109625938687947
-0.24017349568930513 1.0001191568035614 0.002475225196677241
-0.23983654949121552 1.001813671011446 0.002482779216609347
-0.23954886925187902 0.9977364159337062 0.002565826819315552
-0.23930579605421406 1.001362275908713 0.0025073517203718703
-0.23878451196287642 0.9972440954264877 0.0024745114836804975
-0.2384475843912383 0.9982418842653646 0.0024796449660650535
-0.23815990694632228 1.0048135310794244 0.0025684788966681585
-0.23791685190899206 1.0015366239641201 0.00250945732619382
-0.23739552777078643 1.00164358238993 0.0024773945509231686
-0.2370586188255998 1.000228100314085 0.0024834909101756693
-0.23677094464031279 0.996838309035379 0.0025617007378569705
-0.2365279077637755 1.0004927234611185 0.002510059072043443
-0.23600654404435772 0.9952161272696178 0.0024730234749889913
-0.235669653726078 1.0011885350521905 0.002482516949406042
-0.235381981868642 1.001944020409593 0.0025654529199833527
-0.23513896408512563 1.0038589659511665 0.0025109494220642145
-0.23461755985317723 0.9986851482411042 0.002473126905301595
-0.2342806881604395 1.0029303774356646 0.0024842143837221276
-0.23399301956354335 1.003024827967154 0.002567992548276669
-0.23375001993990635 0.9978920693737549 0.0025090091031593027
-0.23322857566154198 1.0001059406865624 0.002473190224874301
-0.23289172306000688 0.9985157125425985 0.002479270961105924
-0.23260405725707844 0.9985472815275114 0.002561592477248071
-0.23236107626034835 1.00003856927886 0.00250882805971967
-0.23183959193511328 1.0014488392781067 0.0024760625408521315
-0.23150275749527788 1.001854734106906 0.0024861910329797518
-0.23121509495106896 1.0004129476851518 0.002565931795497369
-0.23097213211512907 0.9971144825057119 0.0025053599473248652
-0.23045060774256854 1.0027354130766903 0.002473921791171816
-0.23011379239621016 1.0004137048214312 0.0024802350744901097
-0.22982613264551488 1.0009167392294458 0.002561611175450307
-0.22958318843557107 1.001044420943665 0.0025099152481702367
-0.22906162401704933 1.001903787925461 0.0024764789007513505
-0.22872482729577887 0.9999184788826935 0.0024824396258061533
-0.2284371703395054 0.9989728092285621 0.0025639100157593127
-0.2281942442903518 0.9976899138717533 0.002507192008138027
-0.22767263982495933 1.0045558341728795 0.002475748243700901
-0.22733586173014037 1.0014737761996049 0.002482063782730585
-0.22704820756783461 0.9975246244849446 0.002562080471269131
-0.22680530061170465 1.0013871956825688 0.0025093819497994073
-0.22628365563286934 0.996320402003871 0.002469967102582147
-0.22594689663061723 1.0001429076108852 0.0024830423198571494
-0.2256592452627333 1.0052139201337669 0.002564458450006428
-0.22541635646648264 1.0018999902723549 0.0025105646576059695
-0.22489467190689538 1.0001378710423146 0.0024741477831301613
-0.22455793153064002 1.0005275427117697 0.002484278151111189
-0.22427028295627105 0.9990142790155084 0.002564117609877391
-0.22402741278692737 1.0022092350591412 0.0025104739799581494
-0.2235056877148054 1.0049622578600959 0.0024774651679419766
-0.22316896596409203 0.9964315549458644 0.0024774001758027346
-0.22288132065026156 0.9938910205531727 0.002558608814588018
-0.22263846864170536 0.9971980575949132 0.0025066792974019745
-0.22211670398792194 1.0000094135658302 0.0024752050660415263
-0.2217800008641148 1.002390463227049 0.0024858724740048745
-0.22149235834470482 0.9979484194454716 0.00256066694379365
-0.22124952496215008 0.9977732381940108 0.002505305646185628
-0.22072771979674144 1.0052779968635157 0.0024788657615989564
-0.2203910357641376 1.0026988222378375 0.002484486173244457
-0.22010339603869533 0.9972927238132726 0.002561043245250904
-0.21986058081692808 1.0025900262709988 0.0025112739682779895
-0.21933873607122223 0.9972949144486976 0.0024742056362275174
-0.2190020706641604 1.0024096420009838 0.0024850294546401434
-0.21871443373268584 0.997191307043181 0.0025620751743944885
-0.21847163713828094 0.9977223696510494 0.002509167074369095
-0.2179497518786775 1.0023579393671713 0.0024733305687234153
-0.21761310509943138 0.9983921581950402 0.00247867788746657
-0.21732547142758718 1.0033187632886336 0.00256593739903974
-0.21708269299306165 0.997178974376886 0.0025070241034675666
-0.21656076815224878 0.9986654965451778 0.002473075695913784
-0.2162241399990001 0.9971429542097842 0.0024816771673852743
-0.21593650912112228 0.9974079742084141 0.002561481551504241
-0.21569374931350366 0.9998853895313617 0.0025089329711729938
-0.21517178396061354 1.0006277096500764 0.0024734450418506873
-0.21483517489902287 0.9974565382433539 0.002480330832481142
-0.2145475463494515 0.9999833189836876 0.002560620246803977
-0.2143048051687398 1.0009107056669613 0.002505951333763614
-0.21378280023418483 1.0029040411264576 0.0024757268994303966
-0.21344620979949974 1.0030609318193142 0.0024858145466263707
-0.21315858404389743 1.002797328281612 0.002565448051664486
-0.2129158614891818 0.9983081191092729 0.002509479312243177
-0.21239381604209484 0.9990441110566554 0.002473321669978508
-0.21205724423386124 0.9991906837247194 0.0024832921577956314
-0.21176962173788794 0.9988252400727186 0.0025602427516454563
-0.2115269173435071 0.9984685017468866 0.0025060824843700404
-0.21100483231657563 0.9971151394900464 0.0024738836428272026
-0.21066827913388403 0.9981585946496419 0.002481164160816067
-0.21038065943187845 0.9988295180009347 0.0025592752107493205
-0.21013797366485723 0.996976303141298 0.0025059308500003457
-0.20961584812448564 1.0007308927498013 0.0024734318738806604
-0.2092793140348163 0.997685807797995 0.0024797336518782745
-0.20899169712677712 0.9988710765351237 0.002560924182445139
-0.20874902998530195 1.0026035409587228 0.0025118437854418857
-0.20822686439805693 0.9989167447428753 0.002474566115826204
-0.2078903489348391 0.9974360484623087 0.0024818348854228193
-0.20760273482076763 1.001022807303962 0.0025619089799960915
-0.20736008584007995 1.0045076990785227 0.0025086005010279224
-0.20683788020596694 0.9987527640053364 0.002476959313707381
-0.20650138383486188 1.0029100586035833 0.002485023933626841
-0.20621377251475814 0.9996402873839841 0.002558835926745899
-0.2059711421609774 1.0012183732691002 0.002508214033663401
-0.20544889648044773 1.0003864510707423 0.0024737566688281154
-0.20511241873488467 1.000974207671553 0.0024836490381838017
-0.20482481020874865 1.0023697394037365 0.002566517388321845
-0.2045821984814194 1.0028223478373302 0.0025084392943921863
-0.20405991228744824 1.0018612941970975 0.0024770613406460344
-0.20372345316924617 1.000107610706079 0.0024842532802932782
-0.20343584790273916 0.9990692742162086 0.0025626025326632856
-0.2031932543357474 0.9977062279732586 0.002506331738604006
-0.20267092856011004 1.0004663221944339 0.0024742449215957823
-0.20233448806926896 0.9996360338962438 0.0024831464467250206
-0.20204688559672968 1.003818091947843 0.00256302504759656
-0.20180431065709753 1.0030816540001206 0.002511914322189839
-0.20128194483459083 0.9937566629875495 0.0024717798066431697
-0.20094552297020124 0.9972330472427943 0.0024809164767195984
-0.200657923291631 0.9965174223611106 0.002557314782965361
-0.20041536697753953 1.0027718890577055 0.0025102805117377188
-0.19989296064250084 1.004040606751219 0.002477527469178248
-0.19955655787067944 1.000074462840628 0.002482558512277158
-0.19926896098562152 1.0009647394119343 0.002561422950792571
-0.19902642283232025 0.9968387114841599 0.002505276628385935
-0.19850397691607213 0.9982506720255526 0.0024751800594574893
-0.19816759277070223 0.9988197930178321 0.002480135977703055
-0.19787999867961203 1.0009282340436687 0.0025609545971863427
-0.19763747915276225 1.0025653825176235 0.002508691433492685
-0.1971149927244369 0.9996658928025874 0.002471679222520994
-0.1967786276702696 1.0018830550209574 0.0024870055147122394
-0.19649103637360255 1.0020154248996844 0.0025643902707400555
-0.1962485354722934 0.9990326041478855 0.002507204869562435
-0.19572600899800818 0.9992409099547978 0.002474858372526076
-0.19538966257120188 0.9997827474400238 0.0024850429731853464
-0.19510207406759306 1.0021418394890662 0.0025593780580258087
-0.19485959132707684 1.0016041108707288 0.0025089860728215335
-0.19433702527112473 1.0035819691070507 0.0024774565129598073
-0.19400069747122467 0.997451814508171 0.0024799430338605715
-0.19371311176158357 0.9984356975534181 0.002556780995810534
-0.19347064764797156 0.9982319430075366 0.0025051350291868213
-0.19294804107994423 0.9994061766210777 0.0024750998908096614
-0.19261173237124746 0.9936579690463623 0.0024773115886267015
-0.19232414992214353 1.0001286935495575 0.0025596317536855507
-0.19208170396841356 1.0000395539600007 0.0025078102782543645
-0.19155905735351553 0.9988596412624451 0.00247507655752806
-0.19122276727172566 0.9996095102063085 0.0024802990550194695
-0.19093518761613404 1.0043567660000416 0.002564755324037525
-0.19069276028840013 1.002901588552718 0.002510598369019517
-0.19017007316142553 0.9970517953162844 0.00247323828140174
-0.18983380217174844 0.998720085593158 0.0024831233311653615
-0.18954622531012455 1.0005116737642434 0.002560844420268501
-0.1893038161440917 0.9989531455964509 0.0025079911065027678
-0.18878108943545158 0.9988461642034583 0.002473206975246299
-0.18844483707131582 1.0003107768305737 0.0024815606970792284
-0.18815726300411506 1.0007354286058134 0.0025580860934495977
-0.1879148724645337 1.0037052736619985 0.0025090426786891188
-0.18739210570947762 0.9974641217764886 0.0024722148022455854
-0.1870558719722481 1.0028171113696358 0.0024863384890285666
-0.18676830069810557 1.0021141052065203 0.002560881192729332
-0.1865259287849757 0.9976716898645867 0.002506661150057256
-0.18600312151738763 1.000670257579094 0.0024737883020183034
-0.1856669068722709 0.9966429524034134 0.0024818759431018684
-0.18537933839209608 0.9966536384101834 0.0025544073610244845
-0.18513698510587312 0.9989388126876927 0.0025065594830601364
-0.18461413779095892 1.0005155473815686 0.002475497248323935
-0.18427794177229367 0.9975141504635446 0.0024828463811265057
-0.18399037608699742 1.0016123770700989 0.002559541462175681
-0.18374804142631512 0.9995991242443224 0.00250622595266664
-0.1832251540654397 1.003628653927378 0.002476811432133413
-0.18288897667277187 0.9984558442473013 0.0024817990116651856
-0.18260141378144334 0.9985834782662575 0.0025606665733132216
-0.18235909728064043 1.0007188069591666 0.002507287742548201
-0.18183616987289497 1.0000127488817026 0.0024753306811936
-0.18150001157279466 1.000548045642763 0.0024842399889395076
-0.18121245147543386 0.9966853706254309 0.002556222328564223
-0.18097015360199056 0.9985031381316476 0.0025076890864168156
-0.18044718614646627 0.9964409323581134 0.002473228506730515
-0.18011104647281745 1.0048284331803197 0.0024862039628879827
-0.17982348963463024 1.0034986459429887 0.002558879188931409
-0.1795812099224353 0.9976643297652296 0.0025081501839207755
-0.1790582024204923 0.9966540114508197 0.002471269204224514
-0.17872208137329432 1.001576931284684 0.002484472098297669
-0.17843452732862075 0.999106883326713 0.0025581711095765012
-0.17819226624287457 0.9991735367824088 0.0025085169073475935
-0.17766921822840231 1.0014705649325961 0.002474768170525723
-0.1773331167389784 0.9981115555795615 0.002482465659640385
-0.17704556502215585 0.9950655178158552 0.0025565069041041497
-0.17680332256377201 1.0007909096151637 0.002508786049804429
-0.1762802345019736 1.000015488974412 0.0024764426661612496
-0.17594415163900118 0.997666074794347 0.0024824766420432757
-0.17565660271569095 0.9943128902458426 0.0025537094042284046
-0.17541437888421402 1.0016620877533242 0.00250903877136338
-0.1748912507764544 0.999213466651987 0.002472429489403307
-0.17455518653993346 1.0068313193459815 0.0024871358604739674
-0.17426764041059228 1.0038908168713294 0.002560844243904808
-0.1740254352042033 1.0006532936281411 0.002508637609189576
-0.17350226705048044 0.9969881897762779 0.00247376410223877
-0.17316622143995625 0.9968951481286619 0.0024797794446423434
-0.1728786781045828 1.0053197378122412 0.0025589796063012677
-0.17263649105989215 0.9974611468421476 0.0025047035072850604
-0.17211328285839045 0.9997452290930263 0.0024735053114907993
-0.17177725633997903 0.9994145800449414 0.0024835427205741074
-0.1714897162642346 1.0039137044961246 0.00255984203595932
-0.17124754738033415 0.9995299985795089 0.0025069269330566155
-0.170724299131507 0.9996432236565833 0.002475535267293881
-0.17038829124000182 1.002770770045162 0.0024849372817452274
-0.17010075395913327 0.9964162324953753 0.002553380773807928
-0.16985860370077616 0.9991896564894275 0.0025073870668639456
-0.16933531540598779 1.0016916725405296 0.0024738255911052535
-0.1689993266065954 1.0042740565293211 0.002483766066605518
-0.16871179165267103 0.9966265942036929 0.0025551127319540456
-0.1684696600221263 1.0038286110262042 0.0025088923104835755
-0.16794633167955908 0.9993402387509903 0.0024740325326406943
-0.16761036150661818 1.0013972401987692 0.002484746855345256
-0.16732282934666154 0.9987419132569505 0.002555119383677495
-0.16708071634211558 1.0013761423065566 0.0025100128991742193
-0.1665573474874691 1.002577088001388 0.002477176031288053
-0.16622139640664096 0.9992255013081959 0.002484059668868729
-0.1659338670411048 1.0002288990195471 0.0025556410110157504
-0.16569177266255758 1.0022813501531664 0.0025096562861302157
-0.16516836376149513 0.9981517551116044 0.002472757655965327
-0.16483243130666375 0.9998235280234637 0.002481328932619292
-0.1645449052007566 1.0056864243083379 0.002560254523814687
-0.16430282898345502 0.9962260472686061 0.002505048950952914
-0.16377938003506642 0.9996900615657749 0.002475064837305861
-0.16344346667234783 0.9987256231627645 0.00248291041494065
-0.1631559428947471 0.9962544478283113 0.0025534572359908747
-0.1629138853038943 0.9992660874489157 0.002509594265907516
-0.16239039630818297 1.0010307678481483 0.0024758270942060786
-0.1620545015723706 0.9994895330437072 0.0024828011359498765
-0.16176698058964845 1.0006847519665618 0.00255852831088061
-0.16152494162433903 0.9968491685804141 0.002507306523605705
-0.16100141258266376 1.0022356208767442 0.002476235456679527
-0.1606655364733029 1.0020180623312274 0.0024840611339822724
-0.16037801828318354 0.9934739768071116 0.0025499824762840622
-0.16013599794568917 0.9999354049282703 0.002509063142189127
-0.15961242839148326 0.9995257833901058 0.0024735740697052525
-0.15927657183807747 0.997850483818415 0.0024810221125823773
-0.15898905644283534 0.9997963894572868 0.0025560517247028196
-0.15874705426567576 1.0083073448245257 0.0025125213393683643
-0.1582234446645998 0.9981282741345294 0.002473592637705418
-0.15788760673719077 1.0006287929737272 0.002481715639088922
-0.15760009413728127 1.0017993996441232 0.0025568466345549544
-0.15735811058611776 0.9995438588504433 0.0025083654957286003
-0.1568344609381711 0.9983892034435813 0.002476609529740735
-0.15649864163812305 1.0004661941882316 0.002484113147486466
-0.15621113183127178 1.0008198176409124 0.0025563071733745724
-0.15596916690701518 0.9954229869461805 0.002503955364289811
-0.15544547721219715 1.0050160897267488 0.0024780421099844514
-0.15510967700380712 0.9988142886440908 0.0024841053232839035
-0.15482216999092357 0.9986751483540769 0.002553184767169579
-0.15458022322745718 1.00235064921444 0.0025085170697977032
-0.15405649348576844 0.9994014327231956 0.002473328632894511
-0.1537207119038299 1.001955661115816 0.002483089886323325
-0.15343320768582225 1.0021869285389289 0.002555755299900268
-0.15319127954789918 1.004717356116169 0.0025113922012318284
-0.15266750929367845 0.9997762656605098 0.002474988727237087
-0.1523317468038527 0.9987308714579373 0.0024806722814288223
-0.15204424537936 1.0004140256891323 0.002555684100231032
-0.15180233586925204 1.0022992895218024 0.002508316921276837
-0.15127852556815924 1.0005569124070477 0.0024748790612318756
-0.15094278216953677 0.9985428257193822 0.0024811983788355237
-0.15065528307335052 0.9978121654206683 0.0025526734951332075
-0.1504133921892386 1.003290370356774 0.0025080122119063588
-0.1498895418412758 1.0056397199736944 0.0024793396695747764
-0.14955381706955956 0.9972954906175676 0.0024793254466456078
-0.14926632123345507 0.9936936657853757 0.002550976041464365
-0.1490244485096806 0.9981884744615245 0.002507342309836601
-0.14850055811484708 0.9998450357007944 0.0024734465041335533
-0.14816485197049184 1.0018496763513225 0.002482663771217568
-0.14787735892744558 1.0025543978679314 0.0025551711615015935
-0.14763550483057533 0.9985407949279617 0.0025047996192151174
-0.14711157438887312 1.0031300549887412 0.0024771284110184895
-0.14677588733663133 0.9978072075161575 0.0024772098230430467
-0.1464883966214361 1.0048506123166783 0.0025564982184177907
-0.14624656161668134 1.0040287048798462 0.002510524311729145
-0.14572259066244442 1.007390910403241 0.002479964620212439
-0.14538692223665411 0.9999008608424635 0.0024820687950832935
-0.14509943478199872 1.0016339914058772 0.002553478788583745
-0.14485761793712063 0.9992748883100339 0.0025097752931496583
-0.1443336069360157 1.0023089988850766 0.0024740394640631203
-0.14399795760188278 1.0003877405355681 0.002484542538184221
-0.1437104724755338 1.0013231379231584 0.0025540692999593585
-0.14346867425847348 1.0011341302401078 0.0025100842441090486
-0.1429446232104965 0.9966238051745155 0.002473532453430624
-0.14260899250281506 1.0011831273574816 0.002483982176381184
-0.1423215106351856 0.9990611715344874 0.002553020272802975
-0.14207973057846007 0.9990941203043994 0.0025076313007806657
-0.1415556394840678 1.0005577642415544 0.002476929772338255
-0.14122002786849913 1.000973295270593 0.0024822688436393044
-0.14093254832963154 1.000343624350432 0.002553622403396162
-0.14069078689890208 0.9998902209645775 0.002511324874129575
-0.14016665529152306 0.9957250229680776 0.002471625925100643
-0.13983106276852192 1.003926695799819 0.0024850523305975673
-0.13954358602362205 1.003582210266032 0.0025544299327595363
-0.1393018432197995 0.9969728914298356 0.0025049257580793617
-0.1387776715646396 0.9986081420353146 0.0024756472818269195
-0.1384420981351155 1.0013304392952067 0.0024840104213524486
-0.13815462418327384 0.9970260956989643 0.0025507924821386425
-0.1379128995402415 1.0001653263747656 0.0025090337245541015
-0.1373886878382109 0.9978000318998355 0.0024729187320548527
-0.1370531330346842 1.0012118862085324 0.00248313111111793
-0.13676566187817252 1.000526402705934 0.0025531865619653907
-0.1365239563263448 0.9960864332945623 0.0025058151651320727
-0.1359997041117822 1.0002982572691865 0.0024759997780057557
-0.13566416840036827 0.9999159891879872 0.0024812070587820674
-0.13537670003737157 0.996401969929655 0.002549725464780055
-0.13513501264769492 0.9992656161755636 0.0025092323477151853
-0.1346107203853535 1.0009702331885553 0.0024750079217382183
-0.13427520330084514 0.9989174379774602 0.0024794111322726463
-0.13398773773136208 1.003216701827933 0.0025545128553837726
-0.1337460689672288 1.0022025717570175 0.0025098122013451924
-0.13322173665983428 1.0014706722069895 0.002476780309309056
-0.1328862386665292 1.0002527543792288 0.0024834943908875673
-0.13259877542580534 0.9980029735266054 0.002549169510572129
-0.13235712528676266 0.9965493216294244 0.002505839525307478
-0.13183275293340557 0.9992038655050665 0.0024749149200921053
-0.13149727403221328 0.9973061155128325 0.002481712399349502
-0.13120981358545714 0.9982825542590843 0.002550007470781737
-0.1309681816081128 1.0013090710566201 0.0025083533256627156
-0.13044376920697687 1.0031183853966246 0.0024776073361330734
-0.13010830893314557 0.9988320004004162 0.002482579644529374
-0.12982085127944765 0.9991374608988828 0.002551827811908449
-0.1295792383942161 0.9994879062553753 0.0025086200789352694
-0.1290547854810029 0.9974861765039668 0.002474209262439716
-0.12871934429837556 1.0000964114904383 0.002480916042261244
-0.12843188944001027 1.00242760670436 0.0025531570403960475
-0.1281902947146581 1.0028608820981615 0.002511701519983679
-0.12766580175502895 0.9981838442004161 0.0024731422997110067
-0.12733037919839835 1.00137445684047 0.0024844546821927572
-0.12704292713400078 0.9980535810629183 0.00255069813354444
-0.1268013510351001 0.9990151333545437 0.0025087594643068093
-0.12627681802860025 1.00231207188821 0.002473553284271593
-0.1259414145645365 0.9998866612440448 0.002480413990736851
-0.12565396529365258 1.0035052500109025 0.0025533971467446024
-0.1254124073555421 1.001042928008762 0.0025093997738614036
-0.12488783430217154 1.0017733069823807 0.0024793250997384594
-0.12455244993022056 1.001211476333783 0.0024839636369687517
-0.12426500298764309 1.0003456651552007 0.002550960541551013
-0.12402346414164539 0.996274978215027 0.0025064108839632795
-0.12349885057665233 0.9962700943548051 0.0024725174121272447
-0.12316348483024335 0.9996379787306694 0.0024795556495817656
-0.12287604114729489 1.000478166509661 0.0025504754412256745
-0.12263452046299823 0.9967472457415222 0.002504644816093889
-0.12210986684976888 0.9972716935026931 0.0024754549348116363
-0.12177452019683692 1.0011732760981824 0.0024820116294110186
-0.1214870788412854 1.0003157606758089 0.0025506185308531546
-0.12124557678343754 0.9974906013032112 0.002508838277103872
-0.12072088312334017 0.9996731845185426 0.002474563085833738
-0.12038555556206693 0.999569843105368 0.0024821882201313903
-0.12009811700184535 0.9973175099485975 0.0025504112081494315
-0.11985663356954353 1.001318219623877 0.0025086814941240997
-0.11933189939736621 0.9983492311601498 0.0024749199422561714
-0.11899659046208971 1.0021758740326867 0.00248591727214886
-0.11870915469583586 1.0009022510161942 0.0025521894909889885
-0.11846768988998284 0.9950233709576177 0.0025046198426252005
-0.11794291567093751 1.0014119318252939 0.0024765243441860394
-0.11760762582822785 1.0018927253027299 0.002481170125135735
-0.11732019285548766 0.9966460910523066 0.0025465577243036085
-0.11707874621042753 1.003083055698974 0.002509028273210449
-0.1165539319445088 0.9998246408773916 0.002477172524140192
-0.11621866119482142 1.0014368408668344 0.0024830601327409
-0.11593123054947817 0.9976502124341416 0.002549907143473358
-0.11568980299652813 0.9992707148282183 0.0025093683956030214
-0.1151649482189896 0.9981957428830491 0.0024736664218273268
-0.1148296965605055 1.0024062534457427 0.002484364942156223
-0.11454226870867724 1.0003580706320239 0.0025520000870004394
-0.11430085931788098 0.9973455788467455 0.0025074304006475947
-0.11377596449256089 1.0006530376742417 0.0024752471466855178
-0.11344073146052829 1.0007778320836362 0.002481661062649755
-0.11315330640221233 1.0025892063139503 0.002550494295068354
-0.11291191563832298 0.9999117806982606 0.0025093296754709928
-0.11238698076613218 1.0009822987148933 0.002475394251668984
-0.11205176682621236 0.9998862717211774 0.00248304716422888
-0.11176434456186413 1.0008310201445527 0.0025526107548979127
-0.11152297242442627 1.003331683178645 0.002509076704549688
-0.11099799703970348 1.0007819647539475 0.0024776583068838827
-0.11066280219189643 0.9998910959656152 0.002482837211104778
-0.11037538225585464 1.001495941392081 0.0025485089981845893
-0.11013402874486827 1.0009340705914163 0.00250821909099612
-0.10960901377984555 0.9962187453265551 0.0024711692220842486
-0.10927383755758051 1.0037162253994247 0.0024876226288214377
-0.10898642041550644 1.0036992439810128 0.0025516059743314603
-0.10874508506531028 1.0002168592251008 0.0025115706623982316
-0.10822003005341685 0.9937178778485322 0.002469797155091854
-0.10788487292417408 0.9961353176526863 0.0024790451787506493
-0.10759745857606638 0.9988120726026335 0.0025476354015591413
-0.10735614185141357 0.9981978678186832 0.0025074054450626277
-0.10683104632698814 1.0001566432099223 0.002475618749620015
-0.10649590782419686 0.9995447806261114 0.0024838652739781557
-0.10620849627051232 1.0037269413675238 0.002550313067960554
-0.10596719817276372 1.0015172122399423 0.0025109787219358653
-0.10544206260055944 1.0008686302410998 0.00247516223150948
-0.10510694318988094 1.0006644349521758 0.002483715475092453
-0.10481953443016412 1.0010020486646025 0.0025479824714173633
-0.1045782549588697 1.001481342653214 0.002509901523797874
-0.10405307887413073 1.0048425821064553 0.002476491252905764
-0.10371797855602044 1.000187086957696 0.0024846536378307716
-0.1034305721236992 0.9983428359247289 0.0025481718974960633
-0.10318931127930901 1.0000977041200916 0.002508293598436782
-0.10266409514770203 0.9982675702441703 0.00247658333626393
-0.10232901392170451 1.0024539378374702 0.0024830619717680887
-0.10204161028426184 0.9991568437463617 0.0025470135691195678
-0.101800368065415 0.9993291187157041 0.002506968398191947
-0.10127511142218282 0.998289685565361 0.002475538898209171
-0.10094004928693316 0.9990545855225657 0.0024808484403284624
-0.10065264844391364 0.9963290750365424 0.002543921468720335
-0.1004114243858543 1.0010782271149172 0.0025123186009706608
-0.0998861276966636 0.9997689105332689 0.0024751613189403
-0.09955108465352673 0.9980379486548961 0.0024819977000232487
-0.09926368613790415 1.001572533900761 0.002550854353655319
-0.099022480706299 0.9980212304747557 0.002508506824036461
-0.09849714443544144 0.9957225559282533 0.0024717022242405186
-0.0981621200192108 0.9998451990599361 0.002484287030012778
-0.09787472429801138 0.9974964499723767 0.0025444301534597456
-0.09763353749331044 0.9996640708414086 0.0025099238078687904
-0.09710816070901274 1.003138742503845 0.0024763804172723285
-0.09677315538489488 0.9992623939024086 0.002485884735301742
-0.09648576245766317 1.0016230874054017 0.0025482658932522106
-0.09624459381375244 1.0001688906015749 0.002509522619805019
-0.09571917698303878 0.9979391588430202 0.002475830844578304
-0.09538419028491767 0.9964680935392245 0.002480429978183214
-0.09509680015119826 0.997147953891534 0.0025474376668683826
-0.09485565059985573 0.9997680334470611 0.0025069881805708486
-0.09433019325661007 0.9984772156339672 0.0024762044733042453
-0.09399522564969225 1.00009542311384 0.0024854953512244513
-0.0937078383117582 0.999728527418552 0.002547844109745115
-0.09346670692075316 0.9990503027167542 0.002506898970615782
-0.09294120953018137 1.0017180463290767 0.0024777899231492556
-0.09260626101537632 0.9970068380197477 0.0024839554518520505
-0.09231887647141 1.0040493622007252 0.0025481737492965843
-0.09207776370685646 0.9966824571934912 0.0025075570575093815
-0.09155222580466216 0.9973499803364488 0.002475011068198131
-0.09121729638151582 1.0002975130343872 0.0024840528495402386
-0.09092991416540051 0.9990141366077147 0.0025479184465736523
-0.09068882049250432 0.9993451516450292 0.0025094065796729087
-0.09016324254343999 1.0040103058458723 0.002477677588221424
-0.08982833174765396 0.9999837754629048 0.002482223926303977
-0.08954095232596315 0.9986204340460574 0.002547767953440245
-0.08929987681385716 1.0052096992947712 0.002511169813523851
-0.08877425881701129 1.0050072365559264 0.0024799355873656326
-0.08843936711333804 1.0038889179528565 0.0024869606037453704
-0.08815199048515954 1.000692887959159 0.002546677855335386
-0.08791093359995776 0.9971888021174129 0.0025067427693423227
-0.08738527509103733 0.9987728107943536 0.002473835663710342
-0.08705040247902211 0.9979034561356181 0.0024838492048566275
-0.08676302817915005 0.998214133976539 0.002546647202643773
-0.08652198992040246 1.0030726711132965 0.0025111190430218673
-0.08599629136460862 0.998790218658277 0.0024742518672575963
-0.08566143784561568 1.0000805400839048 0.002484002073310567
-0.08537406633925726 1.002322303721478 0.002548665924122784
-0.08513304670695847 0.9978696654514421 0.0025085274717523936
-0.08460730763817992 0.9988200242897258 0.002476066304254922
-0.08427247321084569 0.9986008451131781 0.002483167256777587
-0.08398510449890906 1.0023105279485451 0.0025491583085271675
-0.08374410302740047 1.0018224736453212 0.002509501422110164
-0.083218324378322 1.002197821847329 0.0024767837596080945
-0.08288350904219105 1.0049682564884563 0.0024883771567899694
-0.08259614265856086 0.9971469392434759 0.0025463254310190715
-0.08235515981304835 1.0037869589214379 0.0025123703604536195
-0.08182934065189329 1.001886207890078 0.0024753291174536636
-0.08149454440832919 0.99536087174033 0.0024806171053190595
-0.08120718035345952 0.9998224193116257 0.0025456313187886804
-0.08096621660006248 0.9978036774290681 0.002509462640645997
-0.08044035692546458 0.9996981886067974 0.0024760443685198532
-0.08010557977401327 1.0080300168503848 0.0024905694948860004
-0.07981821851265859 0.9989609401732076 0.002546058690980138
-0.07957727292050448 1.0011016885979362 0.002509692119395789
-0.07905137319903588 0.9964172403998159 0.0024755812916447176
-0.07871661513969734 0.9986419793458775 0.002480100628011728
-0.07842925667231039 1.0009796048948532 0.0025469516164028654
-0.07818832970660777 0.9982139698559362 0.0025083513632111433
-0.07766238993917796 0.998921603217201 0.0024726980147408467
-0.07732765050629091 1.0014748400516311 0.0024861944145143757
-0.07704029483241491 1.0012021423846276 0.002547055428869406
-0.07679938649316649 0.9981662839401968 0.002507467560784078
-0.07627340621183976 0.9966998747423454 0.002473731769108013
-0.07593868587152092 0.9956565702882475 0.0024835416000428133
-0.07565133252640542 0.9988919511118547 0.0025462716640946353
-0.0754104428136085 0.9990943954405002 0.0025087206514937416
-0.07488442248450156 1.0022247014456807 0.0024770562579381527
-0.07454972123720499 1.0045041694810355 0.0024857298169956893
-0.07426237068605722 1.0042568178636242 0.0025468733857319688
-0.07402149959925636 0.999972067889467 0.002507748343520796
-0.07349543922464363 0.9992628932606721 0.0024723351051463512
-0.07316075660334313 1.0004119057417658 0.002486727685452189
-0.07287340884661986 0.9982897180208943 0.0025439026852608648
-0.0726325563862678 1.0022706331073712 0.0025089606795947092
-0.07210645549821493 1.0031867075960599 0.0024781288811430205
-0.0717717924346885 1.0049812183761238 0.002486982737161663
-0.07148444700581624 1.0023752290256782 0.002546900841554804
-0.07124361270580165 1.0018550741106942 0.002511116051502168
-0.07071747177178622 0.9976919445484894 0.002473365144974949
-0.07038282780037257 0.9973074286162039 0.002483515912576981
-0.07009548516546804 1.0005195970577794 0.002546537704268714
-0.06985466949099679 0.9979630901159151 0.0025067395978650544
-0.06932848804535752 1.001459465618329 0.0024734557299774117
-0.06899386316696614 1.005420181952476 0.0024870043185300523
-0.06870652285991397 0.9976181471650495 0.0025451554715205473
-0.06846572627800823 0.9999510215317637 0.0025103003254462286
-0.0679395047854996 0.9968681803076056 0.002474465485011701
-0.06760489853219614 0.9988035548530119 0.002484502447434679
-0.06731756101956576 1.0001418423526383 0.002544661746860153
-0.06707678259845024 1.0007716408354304 0.00250916381439408
-0.06655052105907089 0.998407776278875 0.0024735826517600333
-0.06621593389788022 0.998372281826678 0.002483315792574287
-0.06592859917921756 1.001803854481032 0.002545563051613205
-0.06568783938455353 0.9996421993296271 0.0025089579939110854
-0.06516153733264218 1.000506723114052 0.0024760200410082803
-0.06482696972967965 0.9961832215696841 0.002482179968358316
-0.06453963733977751 0.9963063334753561 0.002543782771636876
-0.06429889617111224 0.9965715732420615 0.0025095475489616027
-0.06377255407232951 1.0017602744023562 0.0024746317618020023
-0.06343800509536372 1.00775847653156 0.002490224742953561
-0.06315067549897659 1.0012694951177632 0.0025477532333446924
-0.06290995295721553 1.0020990426953535 0.0025085333085189134
-0.06238357034590081 1.0016109284790538 0.0024740504329941434
-0.062049040461047804 1.0036163318896023 0.0024854310814078342
-0.061761713658628384 0.9986490169328444 0.002543086526212311
-0.06152100927720211 1.0014497525477233 0.0025096620448090546
-0.0609945866194721 1.0003723168688547 0.0024752077780771983
-0.06066007582764137 1.0015766172552392 0.002485097901902771
-0.0603727518187329 1.0067987332581336 0.0025467783539237926
-0.06013206606421624 1.0026317623480865 0.002509636960145051
-0.05960560335915943 1.002619641398065 0.002476158376716143
-0.059271111659442155 1.0029515678264334 0.0024863336208352446
-0.058983789512723414 0.9986792210355843 0.0025436589121576886
-0.05874312285031684 0.9966474579296789 0.002507408800079362
-0.058216619632730726 1.003905000002831 0.0024754427143347814
-0.05788214702512623 1.0014742574067155 0.0024895849432737104
-0.05759482767237521 1.002923239543746 0.002544039030298491
-0.05735417963642282 1.003020789811204 0.0025108803625220884
-0.05682763637196331 0.9987560671316251 0.0024732687076365997
-0.05649318239035488 1.003732023897705 0.00248488143529688
-0.05620586583293786 1.0016585109868297 0.002544213606889275
-0.05596523642297884 1.0014018827258873 0.0025090553627481445
-0.0554386526464441 1.0008142660308228 0.0024764992471467636
-0.05510421822260974 1.0031922164118288 0.0024881690619371513
-0.054816903992589656 1.0011311583465934 0.0025441637871087565
-0.054576292743420844 1.0071361212446797 0.002511117838499508
-0.05404966892001539 0.9974119509318374 0.0024753489279177097
-0.053715253588293814 0.9996396714124289 0.0024829268724065037
-0.053427942152241455 1.0070182704462545 0.0025473744644537127
-0.053187349529068714 0.997923469899208 0.0025086229876710936
-0.052660685659247974 1.0011339941213957 0.00247524557190886
-0.05232628895397789 0.9990672231671596 0.002484600197049964
-0.05203898031189325 0.9953047266389077 0.002540152575618499
-0.051798406316082846 1.0008252426727353 0.002509483422942078
-0.05127170193281927 1.0038061071628048 0.002478448375063394
-0.05093732478577867 1.0038305253850095 0.0024857058127993477
-0.050650018471089624 0.9961282961871457 0.002539965651039346
-0.050409463102186136 1.0025961179758374 0.00251094313716071
-0.049882718672961346 0.9999137239770508 0.002472743810328735
-0.049548360151462745 1.0009686652782783 0.002486226026114904
-0.049261056630286 0.9982539225197886 0.0025404877627930485
-0.04902051988828943 1.0016898371431922 0.0025092574055488597
-0.04849373494653264 1.0047433860024075 0.002477485246840878
-0.048159395982352686 0.9988019144146509 0.0024862177141933466
-0.0478720947899378 0.9996163703463787 0.0025424295763448648
-0.04763157667530356 1.0004063658894835 0.0025110886153025622
-0.04710475168576522 0.9980466358945684 0.0024733749971207358
-0.046770431348946255 1.003460500497248 0.002485690447055533
-0.0464831329495896 1.0027993732530942 0.002543627204168556
-0.04624263346095143 1.0010741829447183 0.0025088122180536346
-0.04571576795933652 0.9966500141601851 0.002472584860926546
-0.04538146718029162 1.0020926055207795 0.002483582105147737
-0.045094171109241396 0.9945432275628302 0.002539082942916451
-0.04485368978139343 1.0043649143328264 0.0025118510752939797
-0.04432678423290781 1.001386432825248 0.002474466905071475
-0.04399250254597569 1.0050501451455522 0.002486319078550977
-0.04370520926980404 0.9955780457721632 0.002537997037187078
-0.04346474656794945 1.0009325464501877 0.002510855451966328
-0.042937800972140394 0.9985469818817959 0.0024751904869971075
-0.042603537912115186 1.0005319544396039 0.0024826758571388293
-0.04231624742945584 1.0023038927806336 0.002543013356821359
-0.04207580335405543 0.9993130784841646 0.002509988160264192
-0.041548817246621184 0.9928665977988456 0.0024701201912267767
-0.04121457374346055 0.9980924037109882 0.002484908996537027
-0.04092728558910764 0.996795952118736 0.002539356439270599
-0.04068686014015603 1.0007015902978824 0.0025091213320841367
-0.040159833985853766 1.0034757637775313 0.0024745018712319143
-0.0398256091086892 1.0052322449563895 0.0024877710048549617
-0.03953832374875944 0.9985821485523735 0.002539339208642911
-0.03929791692717016 0.9976187882955588 0.002504590094357578
-0.03877085025942506 0.9957092173081891 0.002474035343025201
-0.03843664494094406 0.9964202708634461 0.002481612715065886
-0.038149361908411235 1.000782023026156 0.0025426914109522407
-0.03790897371281803 0.996711298725953 0.0025078164607055167
-0.03738186699865764 1.0010810097153013 0.0024752208040360914
-0.03704768030662813 1.0035070754325373 0.002487036905650449
-0.03676040006806303 0.9978492942682274 0.0025392556316609603
-0.03652003049892132 1.000532063148645 0.002512430762948693
-0.03599288327313843 0.9956434232600995 0.0024714924497076097
-0.035658716137973494 0.9998657516421644 0.0024835017429324095
-0.03537143822862297 0.9986185160555402 0.0025432200341757197
-0.035131087285480034 0.9970069448054809 0.002509060583388967
-0.034603900012371014 1.0004825606856975 0.0024743701639716002
-0.034269751969774276 0.9994621254780159 0.0024825462818000806
-0.03398247638827477 1.0027589592667265 0.0025418750491301738
-0.033742144071583324 0.9965613721414619 0.002509429819699314
-0.03321491628594231 0.9964003162987651 0.0024729614856970404
-0.032880787335912424 1.0004792973045724 0.002481874640596436
-0.03259351454792657 0.9969207107441396 0.0025394907197833667
-0.032353200857686615 1.0003737443212248 0.0025119728407391314
-0.03182593302562964 0.9992784286029832 0.002474486828814236
-0.03149182316634829 0.9991136565847542 0.0024810499296736605
-0.03120455270757837 0.9956295266417009 0.002536441117321282
-0.030964257644698054 0.9990658042277172 0.0025072624598320727
-0.030436949299200933 0.9904825953002476 0.0024677332528996866
-0.03010285853157829 1.0001150047736242 0.002483022178660732
-0.02981559086723017 0.9948747776180901 0.0025359546107794895
-0.029575314430348616 1.0003026417294554 0.002509219472269854
-0.029047966037978767 0.9990439559615975 0.0024749945989652653
-0.028713894363377727 0.9992940973155613 0.0024837401566375392
-0.028426629026881967 0.9991301103488124 0.0025401729702205405
-0.028186371216451907 0.9977683074234428 0.0025081465032549466
-0.027658982312459557 0.9961045330068353 0.0024733126260719942
-0.02732493019472309 0.9989884374981292 0.002483262150283926
-0.027037667187444606 0.9966468161047066 0.0025410861445974886
-0.026797428003010618 0.99812458633866 0.0025080424576108622
-0.02626999905169214 0.9976195152005067 0.002474259908559565
-0.025935965560407163 0.9985280012377022 0.0024829444533263118
-0.025648705347551825 0.9948693135303373 0.002537397573484697
-0.025408484789111216 1.0015317654978495 0.0025102794430231614
-0.02488101579092472 0.9996815273124138 0.0024745136757807077
-0.02454700139266202 0.9983786869849479 0.0024817115715839383
-0.024259743507203623 0.9962657261489755 0.0025373980340195196
-0.0240195415752172 0.9945370112235072 0.0025070014594000462
-0.02349203206540551 0.9973537659586451 0.0024751515599679775
-0.02315803722400738 0.9953875175409144 0.002480820043823817
-0.0228707816664 0.993463384796539 0.002533827481265741
-0.022630598362228638 0.9977935782108708 0.0025092312289753086
-0.022103048804638092 0.9998858042303866 0.002474554910948195
-0.021769072589691456 0.9949484242289238 0.0024789231950704763
-0.021481819826959948 1.000686506062827 0.0025403854681061815
-0.021241655147876508 0.9932050892751636 0.0025041819076172043
-0.020714065078209387 0.9976172340399446 0.0024748375422104073
-0.020380108421036817 1.0038065976961768 0.0024860971755744747
-0.020092857986611746 0.9971484594057908 0.002535694100556119
-0.0198527119339798 1.0003157492606738 0.002509701624954594
-0.01932508181744197 0.9918806624353296 0.002469970001719017
-0.01899114425238218 0.9987665910789357 0.002483070580732504
-0.01870389661192483 0.997580397689908 0.0025361968912491896
-0.018463769186199797 0.9947739397576476 0.002506917406803531
-0.017936098557584046 1.0005640640243987 0.002477304514446372
-0.017602179618066253 0.9991473877973974 0.0024815686674493193
-0.01731493477203205 0.9970306407088383 0.0025361677893829472
-0.017074825972303087 0.9977413940754347 0.0025065813731107397
-0.01654711483115534 0.9941828089915447 0.0024716131292908403
-0.01621321545032111 0.9989944977715373 0.0024819473798888916
-0.015925972931683848 0.9980602723656895 0.0025385432602348444
-0.015685882758406378 0.9940702996111908 0.0025073279387355183
-0.015158131570387923 0.9959247629522207 0.002473309297926059
-0.014824251281666471 0.9954750762299811 0.002480835042623444
-0.014537011091335646 1.002135160573221 0.002540737631184086
-0.01429693954542051 0.9972979132138182 0.0025081767572285624
-0.013769147843959217 0.9957041710351432 0.002472220768750599
-0.013435287113011833 1.0009881294428213 0.0024840935341370277
-0.013148049251442865 0.9974728799072423 0.0025377371479784793
-0.012907996331521105 0.9951165895138967 0.002504637169050625
-0.012380164582737052 1.0012007310676985 0.0024745692150896126
-0.012046322478695907 0.9975151586301578 0.00248167236838965
-0.011759087411094663 0.9969022068572458 0.0025355879257358376
-0.011519053117627092 1.0001650457976439 0.0025093149310814198
-0.010991181321514887 0.9983428647421548 0.002472006408466182
-0.01065735831004127 0.9950592367702776 0.00247851134357914
-0.010370126036407749 1.0022289127160142 0.002541901725904202
-0.010130109903727686 0.9984178655982872 0.002508892951353088
-0.009602197595086182 0.9989817460045246 0.002473502821454804
-0.00926839414138663 0.9967502038721308 0.002482104299814399
-0.008981164196967694 0.9957422092376996 0.00253510444119313
-0.00874116715549496 1.0020683786106532 0.0025108201912777814
-0.008213214334318764 0.9944753910426204 0.002472262755996479
-0.007879429973641487 0.9956066288116195 0.0024816193877882646
-0.007592202356166766 0.9975543238045227 0.0025368777204788765
-0.007352223941142828 0.9970760977643748 0.002507276395272899
-0.006824231073551346 0.9964446691439964 0.002471846080455055
-0.006490465804986848 0.9932663783223873 0.0024787936896900034
-0.006203240515818565 0.9948743844385074 0.002534325331919501
-0.005963280726790698 1.0013896159194902 0.0025127030221241986
-0.005435247348032135 1.000335976240766 0.002476043320077233
-0.005101501170670922 0.9920393684208979 0.002478337474398946
-0.004814278675923089 0.9899426982980073 0.002531067168524009
-0.004574337512893989 0.9901178898214703 0.002505219379079731
-0.0040462640877194644 0.998682551419658 0.002474759726076277
-0.003712537002016284 0.997983066257705 0.0024833741543882856
-0.0034253173012361742 0.995204508234251 0.0025351526065095784
-0.0031853947646585663 0.9896187494463919 0.0025019895379779443
-0.0026572808269520465 0.9983826370391173 0.0024715807670005947
-0.0023235728342711403 0.9966891217934023 0.002482549834529343
-0.0020363554608879724 0.9954818684144316 0.002534348362503121
-0.0017964515516700043 0.9966374026120609 0.0025095110665699642
-0.0012682971000685939 0.9983231858719868 0.002473391188880313
-0.0009346086656165021 0.9988154908983016 0.0024825052216545717
-0.0006473936214506129 0.9992021299131377 0.0025381721598274906
-0.00040750833777598963 0.9956481296057142 0.0025069576246789277
0.0001206861597893294 0.9930743081351944 0.0024717162955715305
0.0004543555030381362 0.9925504393084823 0.0024791198777311483
0.0007415682193530099 0.9933587700715563 0.002533365109699731
0.0009814348761234147 0.9936345078041288 0.002505271108485958
0.0015096694205567474 0.9928254832058138 0.0024698447058649053
0.0018433196712373534 0.99978253703493 0.0024854254459405365
0.0021305295940399244 1.0006079208886096 0.002537390257112359
0.002370377624356142 0.9968214463743751 0.0025055760661864637
0.0028986531469854526 0.9966704324793323 0.0024715587438845924
0.0032322838398919918 0.9981241436949213 0.0024815360473808726
0.0035194914339327053 0.994884994399621 0.002533457279468035
0.003759320838255546 0.9973962709424211 0.0025106922564878064
0.004287636407298123 1.0003945056098034 0.002475187440106018
0.004621248009002051 1.0017958711033559 0.0024831739918037142
0.004908453274280907 0.9963266930401049 0.0025339831143289604
0.005148264052149561 0.9945897096536547 0.0025057077950182776
0.005676619668065541 0.9941304507006045 0.0024711749262224803
0.006010212176747195 1.0052926222815488 0.0024883751929079614
0.006297415114629109 0.9955630668081754 0.0025334831082340853
0.006537207265138123 0.9961207890707887 0.0025083545560624777
0.0070656029292877065 0.9975778798806312 0.002474285889763038
0.007399176345401833 0.9964697191172355 0.002478079385466312
0.007686376488407876 1.0018655007833914 0.0025392347485504617
0.007926150013373545 0.9947698027989809 0.002506290462862802
0.008454586654806917 1.0025522965264297 0.002478076101316848
0.00878814051405647 0.9991078189074428 0.0024818449504854846
0.009075338329208805 0.9932493993143592 0.0025315368648068212
0.009315093227270255 0.996177098196753 0.0025079000256200837
0.00984356991466484 0.9943300128065422 0.0024725256098279695
0.010177104682255689 0.9978106998821801 0.002480275100160731
0.010464300169557007 0.9961456412631335 0.0025358713684473454
0.010704036441166964 0.995697099944286 0.0025064794934219394
0.011232553175432258 0.9959642522400541 0.0024710388441400682
0.011566068850910327 0.9998437835338765 0.00248394925898354
0.011853261544243921 1.0000713078804542 0.0025369251370749033
0.012092979189402386 0.9947601080205939 0.0025071552699464763
0.012621536436199676 0.9972785315774907 0.0024729711962590737
0.012955033019564965 1.0019524967215916 0.00248472547756206
0.013242223385502964 0.9960110184886614 0.0025324414158933517
0.013481922403299096 1.001159449358048 0.0025113316618519993
0.014010519696967094 0.9972509670045251 0.002472114112465822
0.01434399718776553 1.002735790227289 0.0024843743166533534
0.014631185225851166 1.0013787732653028 0.00253720492291322
0.014870865150623675 0.9962184611653258 0.0025078318139626628
0.0153995034233958 0.9998932434419169 0.0024715445181884123
0.015732961356420168 1.0011830591045459 0.0024834264111856853
0.01602014660008266 0.9944152976656063 0.002530917194960655
0.01625980836452308 0.996525380131651 0.0025075339704055356
0.016788486684163217 0.9965721501155433 0.002473396543836204
0.017121925525074806 0.9973673580306626 0.002479805281333097
0.01740910844043086 1.0007623012619458 0.002536247275946803
0.017648751578417096 1.0009730999470632 0.002510042171687083
0.01817746994402114 0.9944704397703165 0.002471204239864633
0.01851088969281995 0.9954109745908538 0.0024817386541614362
0.018798070280779063 0.9984668435893108 0.0025349735255337917
0.01903769432665521 0.9999086819768054 0.0025089209398455013
0.01956645320478856 0.999972916150136 0.0024719831435258124
0.019899853861928662 0.9952524970822824 0.002480126523794297
0.02018703165455783 0.9995491505405935 0.0025368548091578113
0.020426637540549228 1.0026541913345188 0.002511053440849318
0.020955436465555977 0.9956173438410106 0.0024706702933489475
0.0212888180305833 0.999267200115634 0.002483477374260943
0.02157599349535876 0.9931004793763106 0.0025309709483675243
0.021815580288787342 0.9963331784375634 0.002506396394123846
0.022344420191984682 1.0022315799869317 0.0024745763350628126
0.022677782198783865 0.9980424623743651 0.0024810475030384374
0.02296495533570696 0.9974885649654186 0.0025358680657330164
0.02320452350177321 0.9982186601554843 0.0025078673873611163
0.023733403451842605 1.0002038295864806 0.002473333783765838
0.02406674590086772 0.9914258605615941 0.0024780801237655435
0.024353916709941147 0.9949601695450534 0.002530024010670172
0.02459346671566992 0.9966133964319267 0.0025089407791508613
0.025122386712610023 0.998679454272369 0.002472745574878053
0.02545571006952236 0.9987657940044521 0.0024817394970914693
0.02574287855028935 0.998525251053762 0.00253502378099018
0.025982409463905343 0.9949110520520856 0.0025066502463676568
0.02651136997337744 0.9970050974547917 0.0024747821534851886
0.026844674238176998 0.9999513903537786 0.0024856135361489952
0.027131839924976264 0.9953660320417694 0.002533397610061493
0.027371352677346632 0.9935352332817761 0.00250402033285228
0.02790035323369011 1.0012094162965697 0.0024749027454194225
0.028233638406831636 0.9966866269608831 0.0024797947667388413
0.028520801764413625 0.9934675079940815 0.0025309280956996127
0.028760295425582054 1.000577292381976 0.002509448300047491
0.02928933649445753 0.9947153918016362 0.0024729774779208677
0.029622602575486275 1.0036032653560574 0.002487726346214174
0.029909763604761826 0.9984363594166468 0.0025326559797737578
0.030149238639934184 0.9942030369113309 0.0025059367521910038
0.030678319755679695 0.9993500545383206 0.002474431172451924
0.031011566278479626 0.9979820300468761 0.002482761012130851
0.03129872497944874 0.9961516897573481 0.0025326175673375927
0.03153818138726146 0.9964133926140056 0.0025077659996975534
0.032067303481198906 0.9968071890693869 0.0024755147489582095
0.032400530447134264 0.9948269683737752 0.002480345291794756
0.03268768681979694 0.997977266786184 0.0025343894453876406
0.032927124601155475 0.9959316552243858 0.0025076798830865397
0.03345628674196632 0.9957589115518608 0.0024727312613915978
0.0337894946166984 0.9952185146683304 0.0024797166142989835
0.034076648194483854 1.000256802923032 0.00253496905012573
0.03431606734939359 0.999886963300211 0.0025104359604850974
0.03484527000273374 1.0000950486405662 0.002475240567493237
0.035178458785353035 1.0004125820381877 0.0024837318064725566
0.035465610034832055 1.0013524568327947 0.0025345232814664603
0.03570501056283488 0.9948669848563798 0.0025077482646952854
0.03623425326304641 1.0004408062492567 0.002473204525923178
0.03656742248743689 1.0006221055721012 0.0024851432171280334
0.03685457140861083 0.9962474355921613 0.002532355444586963
0.0370939533110703 1.000873986904879 0.0025104179327757148
0.03762323652381383 1.000699680621097 0.0024738849343949225
0.03795638665609153 0.9949629054525003 0.0024795631026688827
0.03824353324895903 0.9922524048463393 0.0025296608386886667
0.03848289605975845 0.9984648937073597 0.002508778645431566
0.039012219785035995 0.9975375946605931 0.0024746428517342565
0.03934535082474617 0.9972039181265122 0.002481629630999875
0.039632494623645945 0.9947539743061937 0.002530736952304108
0.03987183927274701 1.0029991144408843 0.002512389591256605
0.04040120304489392 0.9978555878948409 0.002473723658165656
0.04073431452773952 1.00039072319363 0.0024834637015859013
0.041021456463994146 0.9957110807721008 0.0025315600395323158
0.041260782020982434 0.99687029165962 0.002508371387052352
0.04179018630475184 0.9972081793073977 0.002472079626255516
0.04212327869639416 0.999641533520283 0.0024826128632010154
0.04241041783868106 0.9953541605153899 0.0025310535171896866
0.04264972523487914 0.9972388768408162 0.002506850186185517
0.04317916956597401 1.0038927537533222 0.0024788757921733605
0.043512242865048796 0.9949274933919222 0.002481920398564743
0.04379937967902926 0.9997652415931854 0.0025326063530313227
0.044038667982659145 0.9958890380453836 0.002507142346932522
0.044568152826741425 0.998175653732494 0.002472730954087965
0.04490120656713265 0.9991901167517854 0.0024801979405797148
0.04518834105280533 0.9983374828502664 0.0025319848399767667
0.045427611196555855 0.9987538683362343 0.0025074729420757965
0.045957136087054096 0.9987999263149021 0.0024737895996276914
0.04629017073578729 1.0023303341635972 0.0024850958611072017
0.04657730289315353 0.9959261265324083 0.002532647312241751
0.0468165539452467 0.9992507225226883 0.0025094415112630643
0.047346119347821514 1.001042672529827 0.0024744888476444507
0.04767913490444193 0.9997300537042093 0.002483520812888431
0.047966264267840446 0.9984309717087401 0.0025334284994646323
0.04820549669348212 0.9982513891117163 0.0025107755798687527
0.04873510260858893 1.0007062544186702 0.00247571460866061
0.04906809860697986 0.9957419452698423 0.0024802069688394496
0.04935522610818865 0.9981112953081465 0.0025300867819624583
0.04959443990737883 0.9986521790849031 0.0025086860181261685
0.050124085868446855 0.9987742516900391 0.0024742251544170573
0.0504570627756345 1.0009990443816763 0.002483595771213095
0.05074418748196742 1.0036973756846885 0.0025377483217016755
0.05098338265470341 1.0011974675427022 0.002511744719761272
0.05151306913012377 1.0002083734257614 0.002474381122534445
0.05184602647908327 0.9986922111480357 0.002482104383232922
0.05213314932231562 1.0033318739106107 0.0025341973400510075
0.052372325402941525 1.0071204863365892 0.002514391604723079
0.05290205239180068 1.00260774724861 0.002475808214824325
0.05323499064682841 1.002640443173699 0.0024850348279339568
0.05352211069700254 0.9962668738877043 0.0025297152607327727
0.05376126861683554 1.0012851583440843 0.0025093521774251417
0.0542910356516586 0.9967094945985912 0.002471161800918474
0.05462395434891227 1.004530734164549 0.002486515434230446
0.05491107253689532 1.0045584115202828 0.002535110272447536
0.055150211365073656 0.99838538430584 0.002511088530387531
0.055680018911971274 1.0003624028703963 0.0024745883273638762
0.05601291851802098 1.0019286800284546 0.0024861599364109366
0.05630003391158223 0.998136749392777 0.002532482010317769
0.05653915411376181 0.9980935633247071 0.002508064193052503
0.05706900217273869 1.0017180284119809 0.002475829430399913
0.05740188268667562 1.001511171654819 0.0024835587987944076
0.05768899528672457 1.003254149624211 0.0025353579349298855
0.05792809686245265 0.9990588238509848 0.002511594372190467
0.05845798543396086 1.0017466446724443 0.0024731766576134265
0.0587908463892149 1.0042131876987423 0.002485533720208942
0.05907795712616192 1.0004797709485491 0.0025331128200899306
0.05931704007634936 0.9961282656488513 0.0025064382144362476
0.05984696869381878 0.9989711054328856 0.0024742913685224443
0.06017981009220825 0.9981890923300853 0.0024804490664537557
0.060466918500848836 0.9995116333275395 0.002531641913572142
0.06070598282458478 0.9956946971154071 0.002508522576785408
0.0612359519545862 0.9986657458453081 0.002473973433418508
0.06156877426086289 0.9970298008797367 0.0024831185630362967
0.06185588034119704 0.9984759801235811 0.0025329519637129643
0.0620949255728202 1.0037108220101352 0.002513014558119292
0.06262493521535395 0.9995210731008274 0.002472448873682929
0.06295773796294675 1.0008556359708658 0.002485770077226029
0.06324484171497581 1.0014689262512375 0.002535812989639417
0.06348386832014748 0.9996370056485182 0.002510026308205268
0.06401391847566595 0.999265647018826 0.002473099455862427
0.06434670213205546 1.0007146197954322 0.0024826086211167235
0.06463380309011545 0.9991286041540687 0.002531903538575675
0.0648728115340415 0.9962157254456241 0.0025079760810410414
0.06540290173643337 0.9985671396216519 0.0024736029311613612
0.0657356658350488 0.9971208635139969 0.002484101241021317
0.06602276493046365 0.9973559987411912 0.002530729420065904
0.06626175428227961 1.0005272741225273 0.002510776267795097
0.0667918849976562 0.9967441886116185 0.0024741024468367635
0.06712463000324938 0.9954755973869023 0.0024802206281021536
0.06741172630469784 1.0009733306406767 0.002533526665220228
0.06765069703005962 0.9981303974394297 0.002507900976961664
0.06818086825751413 0.9983495783178111 0.0024745142103358517
0.06851359370624273 1.0046210058625482 0.00248551894146436
0.06880068767938476 1.0029227908616367 0.002534549005482276
0.06903963977829504 0.9959555231714602 0.0025082043270235996
0.06956985151737205 1.0049718944582804 0.002476137702179204
0.06990255740923608 0.9936103870913595 0.002478510042783581
0.07018964951973296 1.0011644276556337 0.002534430518602816
0.07042858299264447 0.999562718227885 0.0025092372353003435
0.07095883477859355 0.9986511283801253 0.0024726447446860957
0.07129152157698122 0.9996731719966374 0.0024841821940261052
0.07157861089350903 0.9997782652978909 0.002532576699341272
0.07181752573997174 0.9990069639949255 0.0025072014355718847
0.07234781803936097 0.9935135234538081 0.0024724047940054526
0.07268048528042864 0.9999181725734251 0.0024837273442740544
0.07296757226865136 0.9980992172925299 0.00252930481952622
0.07320646848820717 1.0054763262274904 0.0025131323159941063
0.07373680083401302 1.0003738415176189 0.0024737526968342887
0.07406944898342199 0.9962305256241503 0.0024802886005819594
0.07435653410899956 1.0044942854556862 0.0025326718948821556
0.07459541123644259 1.0017513758212377 0.002510010095437472
0.07512578409478043 0.9995282289795286 0.002474199834291801
0.07545841315162256 1.0002639198747927 0.0024819704252491527
0.07574549548368648 0.9991523466652255 0.002532583901647793
0.07598435398422258 1.0000735253500999 0.0025100984486947668
0.07651476735554785 0.9981271709305631 0.0024752965839986603
0.07684737685461591 1.0013283205274934 0.002485123184076286
0.07713445685928154 0.9951385552176932 0.0025280259452281073
0.077373296732458 1.0005064104823764 0.002510480537179069
0.07790375061540578 0.9936494047797719 0.00247037108317469
0.07823634055760927 1.0021048233668899 0.00248412610668332
0.07852341823396845 0.9997423406647014 0.00253268538206379
0.07876223948114885 1.0041028468637956 0.002512492264056277
0.07929273387662727 1.0020870889219982 0.0024726052969081154
0.07962530472535441 1.0009102998450683 0.0024834321770503026
0.07991238007386393 1.003990252650717 0.0025339181494867555
0.08015118222847344 0.997020813679359 0.0025072120814351186
0.08068171713739469 0.9984090778991817 0.002474711019663197
0.08101426842834776 0.9981681519471913 0.002483317970048053
0.08130134144855085 0.9980823283647834 0.00253023030398501
0.08154012544237284 1.0017773437069062 0.0025125133748021026
0.08207070039770803 0.9999781921767353 0.0024750710996112248
0.08240323213134111 0.9969027080325521 0.0024807883362890954
0.08269030282323776 1.0051402687236004 0.0025336599720790164
0.08292906819060557 1.001660935912013 0.00251086167140375
0.08345968319281416 0.996867154031365 0.0024761131536896997
0.08379219583433446 1.0032675239163653 0.0024863641115913477
0.08407926419701384 0.9981601887658124 0.0025320510015521937
0.08431801093838827 1.00008318667334 0.0025076437725860016
0.08484866645358158 0.9988613429229445 0.002475169945343388
0.0851811600020796 1.0021587661713747 0.0024841538252623682
0.08546822603781745 0.9995463965486813 0.0025294949771595496
0.08570695368662369 1.0021016051521439 0.0025117555519335835
0.0862376497134395 0.9939307961430156 0.0024725354741780407
0.08657012370507296 0.9954192545334324 0.0024800264362671728
0.08685718741250437 1.001054453609761 0.002531613276487293
0.08709589643531453 1.0014594257111524 0.0025103171190325835
0.0876266329737515 1.0015982195286217 0.002475467682192557
0.08795908740806631 1.0037526460583686 0.0024859877454533577
0.08824614878673587 1.0043035626854888 0.002533628164995879
0.08848483918263911 0.9994810268905353 0.0025088247194113415
0.08901561623451892 1.0022076486450249 0.0024756573287099803
0.08934805111060423 0.9974229941410225 0.0024810424945464404
0.08963511016142278 0.9989356183124647 0.0025281031546620586
0.08987378193087453 0.999097181064154 0.002510827500714533
0.09040459903008047 0.9996716990649055 0.002472066905051842
0.09073701481359758 1.0006212337221236 0.0024823575301115937
0.09102407200177098 1.00242142982673 0.002532148584456048
0.09126272467910995 0.9960711371877128 0.0025067259082252806
0.09179358228993839 0.9991666235596187 0.002473437047822959
0.09212597851704636 0.9997506871603172 0.002482385229278389
0.09241303337554975 0.9958867664886472 0.0025261221037080283
0.09265166742688995 0.9999675606858172 0.0025100087061394683
0.09318256555070581 1.0035177373200308 0.0024766775434076366
0.0935149426847915 0.997225452341768 0.0024823711423256085
0.09380199475068939 1.0016223136573148 0.002532306164002603
0.09404061017512537 1.0004441910526005 0.002511337327758196
0.09457154881147323 1.0036426155505356 0.0024755860352775874
0.09490390638869435 1.0013380432040755 0.002484839698632344
0.0951909561253763 0.9954430938926379 0.0025304776044148022
0.09542955292381622 1.0023030625687395 0.00251231093741838
0.09596053160612394 1.0020355477658203 0.0024792733316780675
0.0962928700925972 1.0009183498559395 0.002486882572861191
0.0965799174996105 0.996722590667526 0.0025278188262214192
0.09681849567114349 0.9976763094537079 0.002508621300099136
0.09734951486689136 0.9973003401395008 0.0024732314101872585
0.09768183379468105 1.0031665337762707 0.002485026195421801
0.09796887887429741 0.9994130610184243 0.002530352800197489
0.09820743841937622 1.0020868934065987 0.0025135757717262884
0.0987384981281142 0.9971923442372995 0.0024737688496979447
0.0990707974976744 1.002391322027948 0.0024847903406056806
0.09935784071464561 1.000920466105834 0.0025302990234267976
0.09959638116761434 0.9971945617658846 0.00250860413787381
0.10012748138797212 1.001581741677707 0.002477085219268329
0.10045976120066775 1.0029405517929102 0.002486576467300523
0.10074680208842168 0.9984260110855229 0.002529197453043885
0.10098532391539435 0.9998492541898748 0.0025091960702242917
0.10151646418216875 1.0008789219193566 0.0024754742950803023
0.10184872490320568 1.0012251240955423 0.002486224583862684
0.10213576346356401 0.9979806812450701 0.002526236468316022
0.10237426666362977 1.0056734733160588 0.0025138730648896655
0.10290544744339025 1.000366691490266 0.0024750180805071407
0.10323768860619903 0.9941855472844897 0.0024795958287060524
0.10352472483825093 0.9955563729349689 0.002528753601379518
0.10376320941231791 0.9978406669579409 0.0025088226035634006
0.10429443070415767 0.9999455793796276 0.0024742424648154
0.10462665230964781 0.9970899277965057 0.002483494753807868
0.10491368621248243 1.0002727611756745 0.002529842224037454
0.10515215215964518 0.9965988092194822 0.002508643415531262
0.10568341349880972 1.0020539540552806 0.0024755734938594178
0.10601561601173166 0.9962077092856201 0.0024813878550956616
0.10630264758716934 1.0025859222729723 0.0025315422241944945
0.10654109444221932 1.0020849703068386 0.0025112752994584445
0.10707239675957714 1.0042052023336736 0.0024764546341899574
0.10740457971472502 1.0010490253414968 0.0024840589470871044
0.10769160896185626 0.9962347206551837 0.0025284745919274963
0.10793003719045474 0.9967249322973983 0.0025063335157768005
0.10846138002034456 0.9990610304570794 0.002475162919590838
0.10879354341771837 1.0004184027807803 0.002485038977176951
0.10908057033563502 1.0007635540672741 0.0025281902418302334
0.10931897993778202 0.999107277237913 0.0025119085201118136
0.10985036328020248 0.9976440130761656 0.002472023474924235
0.11018250712025629 0.9989993547302093 0.0024820846966546162
0.11046953217598322 1.0003687268645032 0.0025282825883804114
0.11070792268647016 0.996234000719497 0.0025083236087803194
0.11123934607576269 1.001517469859839 0.002477557935355164
0.11157147082279557 1.0009899303112677 0.0024863794659356086
0.11185849355067014 1.0042446700159398 0.0025315296391190865
0.11209686543470558 1.0008976714210138 0.0025120380952365334
0.11262832933653011 0.9998355889970529 0.0024771500263218557
0.11296043452578892 1.0003223491686195 0.0024858337455386996
0.11324745492535705 1.0051334861211876 0.002531752634000601
0.11348580818248559 0.9987681020542684 0.0025082596706731725
0.11401731259684345 0.9964785837791662 0.0024712646745546963
0.11434939822878228 0.9996640471529175 0.0024835696662908148
0.11463641630004397 0.9975807434106534 0.002529541731997531
0.1148747509307237 1.0017179427763458 0.002510750158481861
0.11540629539285907 1.0013318989378313 0.0024757595339689074
0.11573836193086613 1.0006852765266727 0.002485554602672614
0.11602537767473088 1.003707798559657 0.0025312604350682124
0.11626369321329515 1.000767021932844 0.002509996380080447
0.11679527865408057 1.0031695478271931 0.002477476523336241
0.11712732563431355 0.998869186599241 0.0024837545567277077
0.11741433904850695 0.9986469497481519 0.0025281587507113876
0.11765263596062242 0.999381337599987 0.0025092343655514224
0.11818426144873262 1.000531772259826 0.0024764602376086036
0.11851628887164561 1.0028771152290048 0.0024883127631334175
0.11880330042319387 0.9999882107377077 0.002527877353669652
0.11904157870931327 1.0027152583925993 0.002512390369616226
0.11957324470859054 1.001342324450956 0.002474609363821912
0.1199052525741849 1.0007664816975133 0.0024835921097505647
0.12019226179788078 0.9966744712663552 0.0025258438518741995
0.1204305214580041 1.0023335671233582 0.00251210637825779
0.12096222796935796 0.9943325522687676 0.002471401144384586
0.12129421627717825 0.998466540248189 0.0024832763010266784
0.1215812231725677 0.998480961258052 0.002528954340942122
0.12181946420623684 0.998965415787767 0.0025088471485010576
0.12235121076446409 1.0006821475162784 0.0024756696918555687
0.1226831799801716 0.9934330071716756 0.002478449016606229
0.12297018454725461 0.9969670880830497 0.0025255743792771262
0.12320840648926638 1.0011511623101887 0.0025092784509571165
0.1237401940247761 1.0035124833381206 0.0024787517070266004
0.12407214368225546 1.0032250479880223 0.0024876156043562186
0.12435914592194153 1.0002165995255767 0.0025296245286221567
0.1245973492375018 1.0018699473362866 0.002511567528196646
0.12512917681988223 1.0035280797336361 0.002480094187155219
0.12546110738570423 1.003393101959174 0.002485439207395432
0.12574810729572028 0.998844440454122 0.0025276330119946237
0.12598629198528452 1.0006356599760573 0.002508949198752389
0.12651816008110506 1.0022223830628607 0.002476866158849116
0.1268500706230363 1.0004245662451583 0.0024817871060489895
0.1271370686704072 1.0065056828871344 0.0025320751362852213
0.12737523426785594 1.001686707473785 0.002515111898440365
0.12790714334096298 0.9985050827722326 0.002475479463892061
0.1282390343255742 1.0011044290252251 0.0024872379613001296
0.1285260300450941 1.0014818494576694 0.002531202430786795
0.12876417701609408 0.997077804636705 0.002507438995631227
0.1292961261360691 0.999547061432111 0.002475825393270157
0.12962799802856756 1.002518980032292 0.0024847250375914422
0.12991499141978102 1.005602870269888 0.0025281263242890825
0.13015311976341865 0.9974430378237199 0.0025082993749217346
0.13068510939683653 0.9965033368187878 0.0024745450896231595
0.1310169617315609 0.9996473612457166 0.00248659074659088
0.1313039527935571 0.995973066938177 0.002524255709847566
0.13154206251210948 0.9993584327894691 0.0025105478685973274
0.13207409219148725 0.9930198591844801 0.00247246197832802
0.13240592496798348 0.9989988048288565 0.002484971140034726
0.13269291416824402 1.0021541890714079 0.002530547467366274
0.13293100479468362 0.997274392762579 0.0025097950112496596
0.13346307545180058 0.999844863515667 0.00247660047363431
0.13379488867097683 1.0002041168008586 0.0024812021258269726
0.13408187554293094 1.0017676797744381 0.0025279085032082803
0.13431994754246362 1.0021691961034496 0.0025104171406087144
0.13485205824690671 1.000230619358456 0.002477910924360905
0.13518385237397018 0.9998932291599872 0.0024847550793990316
0.13547083691716244 1.0019474597830385 0.0025270818719099883
0.13570889029069905 0.9976290673480832 0.002509827699580531
0.13624104150767413 1.001606891621954 0.002475841129971364
0.13657281561130225 0.999521081595671 0.002485217312432075
0.13685979782618807 0.9969033221657028 0.002524621657718036
0.13709783257327318 0.9982435618835696 0.0025101194304125514
0.13763002430187077 1.0006125070809766 0.0024742771844063673
0.1379617793133861 1.0021728184922023 0.002485963237333134
0.13824875920087498 0.9982772959911129 0.0025260930448139985
0.13848677532060047 1.0003733520941618 0.002511410903213911
0.13901900756309227 1.0001902578217072 0.0024750399986364162
0.13935074301637945 1.0002247555604336 0.0024845999214578333
0.1396377205755619 1.0040782293255075 0.0025305732971737556
0.1398757180692886 0.9958692041873265 0.00251062466270912
0.1404079903581984 0.9981895328106262 0.002476176699704637
0.14073970625371152 0.9979052683592331 0.0024829456348006754
0.14102668195115964 0.9973452641364848 0.0025276098754679855
0.14126466035186275 1.0000991675116975 0.0025104522717589355
0.14179697361851173 0.9980642577469488 0.0024739060151106667
0.14212866995624945 0.9996193849437249 0.0024848960082392035
0.14241564332584655 1.0019700487344765 0.0025293998440933723
0.14265360309964273 1.0012161322319884 0.0025113815052549386
0.14318595641361787 1.0007176920663992 0.0024752647551544355
0.1435176336592428 0.9991892056810359 0.002483513582296041
0.14380460470007805 0.9955326855727413 0.0025232653340389118
0.14404254538221958 1.000612778860298 0.002512892139933384
0.14457493967438528 0.9976977403058458 0.002475663617204563
0.14490659689703028 0.9980204746399223 0.0024839484543215593
0.14519356607476497 1.0037482833812252 0.002527642869965726
0.14543148813045229 1.0026841063111473 0.0025110638285501825
0.14596392246858192 0.9983435248707977 0.002474177870918481
0.14629556059911414 1.0053780334496931 0.002487861312017916
0.14658252744945188 1.0050566946314858 0.0025307562909978334
0.14682043041211829 1.000406156427412 0.0025100451187851014
0.14735290572934934 1.0037288906866215 0.002476977843285111
0.1476845238364462 0.9985515968640101 0.0024820273487267796
0.14797148882323063 1.003967138911657 0.0025286009332879137
0.14820937316080912 0.9989471263753669 0.0025094242468578377
0.14874188852445547 1.0042530473435105 0.002478667388038891
0.14907348753943955 0.999730577706531 0.002485401272207656
0.149360449732709 0.9986630107131789 0.002527359802016283
0.14959831590904454 1.0047519023471723 0.0025138556061039936
0.15013087178522289 1.0040745317883777 0.002477333872290435
0.15046245077631756 1.0022725617558412 0.002485004915702399
0.15074941110739593 1.0000283377695436 0.002526128346282781
0.15098725819116326 0.9993429033652901 0.0025081478972669158
0.15151985457941952 1.0042249596017305 0.002475827547043667
0.15185141447931091 0.9958137491137484 0.0024843315867558538
0.1521383724816301 1.000701923341398 0.0025285077658976705
0.1523762009393987 0.9992304698862383 0.0025096994038273403
0.15290883784018694 0.996983503986478 0.0024750290706150205
0.15324037771709703 1.0013200482787097 0.0024856554788504504
0.153527333856317 0.9934625424747795 0.0025220384059257087
0.15376514322197282 0.9983376907061186 0.0025100287732548587
0.15429782063529307 1.0017409257932692 0.0024781945615613005
0.1546293414191809 0.9986346660636154 0.0024836326744049507
0.15491629523100392 0.9999391523384912 0.0025257670515301104
0.1551540859692974 0.9990402648690073 0.0025091490873243886
0.1556868034299438 0.9978809633012753 0.002474112898599878
0.15601830465651295 0.9978823988943868 0.002484546657219657
0.15630525613911872 1.000095260345333 0.0025285188821781946
0.15654302825187424 1.0000580187658805 0.0025116860594739457
0.1570757866907112 1.0019572438057187 0.00247606937073258
0.1574072683595063 1.0016627043679907 0.002485776034807002
0.15769421751426105 1.001039505247894 0.0025267508411151354
0.15793197100010695 1.005082720093336 0.0025121772197850838
0.15846476948627275 0.9989442705434189 0.0024745746149688187
0.15879623159683837 0.9954348418537334 0.002481793287691492
0.15908317888894796 1.0000683460343047 0.002526151176724627
0.1593209132826838 0.996791450865644 0.0025059466716676948
0.15985375274613067 1.0012722682725774 0.0024774305300885244
0.1601851953007412 1.0029483315935308 0.0024864332304956513
0.16047214026317946 1.0002561097230729 0.002526438960694599
0.1607098560309165 1.004073272147985 0.002513070502513147
0.1612427355412368 0.9987649706021621 0.0024761232196438845
0.16157415853807328 1.002712311396508 0.0024840706600736872
0.16186110163786638 0.9992984007632942 0.0025257864116520717
0.16209879831349336 0.9956788238633788 0.002510071008258529
0.16263171833634293 0.9992436390455183 0.0024746436329542007
0.1629631217749513 0.9992532255373371 0.00248462756487182
0.163250062546892 1.001027102309486 0.0025260442989362996
0.16348774059515664 0.9978973555509861 0.0025090369155795827
0.16402070159665494 1.0015035162244694 0.0024776456869357827
0.16435208547794464 1.0002226703590746 0.0024855167921716877
0.16463902392067076 0.9951088472573791 0.0025259730407231743
0.16487668334339206 1.0013797665292148 0.0025105319050063215
0.165409684391307 0.9966479185822233 0.002473654148179886
0.1657410487152767 1.001146286298942 0.002483620003796108
0.16602798529581042 0.9980989433003931 0.002526030494289626
0.1662656256259662 1.0001539062613671 0.0025095430379390563
0.16679866718641312 0.9999994038070024 0.0024743504544361885
0.1671300124178146 1.0007562733629765 0.0024834710919977953
0.16741694667049734 0.9993360021063118 0.002525925146755919
0.16765456837420162 0.9976908633637779 0.002509974595740078
0.16818765044718054 0.9964251107840633 0.002471234249595821
0.16851897565423718 0.9961893607515069 0.00248116660704872
0.1688059075790702 0.9961880960082009 0.0025233305361924262
0.16904351065677575 0.9985336794841252 0.0025113362694728454
0.16957663324137717 0.9981208181899648 0.002476815578395145
0.16990793889156924 0.9997135021744619 0.0024817422292011224
0.17019486895375713 1.0022071853206813 0.0025296326486045216
0.1704324529393499 0.9972714502658687 0.002506378498984561
0.17096561603693738 1.0038057543731118 0.0024772869319062587
0.1712969025945626 1.0025920441569192 0.0024826940173637985
0.17158383032844404 0.9964177960472018 0.002523108246417141
0.17182139568667718 0.9987836082852515 0.0025097010511766532
0.1723545992977048 1.0032661178342244 0.0024786583827177996
0.17268586583189466 1.0011462684161354 0.0024852943881997244
0.17297279123655884 1.0004565029941261 0.0025269624127904206
0.1732103379692486 1.0025511597514267 0.0025099484820861858
0.17374358209235685 1.0006652242047642 0.002475678802064586
0.17407482906922672 0.9985771463363292 0.0024840460569360854
0.17436175261170117 1.0025724430919773 0.0025282654249509946
0.17459928071748673 1.000486720903667 0.002511163409730387
0.17513256488746298 0.9928790935954952 0.002470134841801361
0.17546379230655879 1.0000140091698662 0.0024837717925305135
0.17575071398638809 1.003192830299289 0.002527087697515209
0.17598822300005815 0.9994640219037814 0.002505668622090241
0.1765215481482304 1.0007544626318587 0.002477061407551913
0.17685275600864264 0.9976213197001765 0.0024824792907264196
0.1771396748949583 1.0007633258664208 0.002527350335978315
0.177377165282635 1.0025655391317165 0.0025133644749153645
0.17791053094333653 0.9982284093387361 0.0024741147721715926
0.1782417192459747 0.9939627302000835 0.0024804936121701087
0.1785286362696452 1.0035590613721594 0.002528594895503271
0.1787661080308677 1.0005284900752927 0.0025104997562970847
0.17929951373844266 0.9985862174263338 0.002474764124143393
0.17963068248330677 0.9999315075842385 0.0024830202871525156
0.17991759764433213 0.9957512481788086 0.0025267009582028367
0.1801550503125337 0.9989169276404145 0.002508852354079807
0.18068849699921008 1.0007543419074816 0.0024760357982422454
0.18101964572063883 1.000965107690877 0.0024850971169419617
0.1813065585524496 0.9990071876587475 0.0025268419380742907
0.18154399259510784 0.9998091099232844 0.0025117765770749545
0.1820774797943162 0.9953531980252671 0.0024754497882064374
0.1824086089579709 1.0055517727231083 0.0024862720487255578
0.1826955199271365 1.0036799703991763 0.002529852843697692
0.18293293487768197 0.9982238479878646 0.002508260321867249
0.18346646258942234 0.9980919044180508 0.0024760890431092613
0.18379757266096425 0.9993869291750302 0.002485229430207147
0.18408448130182342 1.0008873824790028 0.002526632893880063
0.1843218776263728 0.9963021272860585 0.0025077930492419997
0.18485544538452847 1.001151781063465 0.002476381546301998
0.18518653589738682 0.9969777246227998 0.0024822007128801433
0.18547344221084905 0.9996318536869794 0.002525065828864744
0.18571081990940239 0.9985520653299346 0.0025093124588275446
0.1862444286452959 0.9983763706880152 0.0024729603085974733
0.18657549913471888 1.0011755612260196 0.0024827432771232544
0.18686240358553596 1.002961669734092 0.0025276059147793504
0.1870997621919738 1.0020899201798983 0.0025098626308346986
0.18763341143949253 0.9986509764236222 0.0024731366943444018
0.18796446237205094 1.0022975262174383 0.002487061903103541
0.18825136496022288 0.9979676743703937 0.0025277910075130997
0.18848870447409521 1.0024784085183642 0.002511906909226417
0.18902239423459866 1.000456308722924 0.002476118415362302
0.189353425609383 0.9968119890147351 0.002482915985049973
0.18964032586833768 0.9999350625597767 0.002527661934613836
0.18987764722233064 0.9991528417338772 0.00251259239127907
0.1904113770297048 1.0019040132460144 0.0024756099247860226
0.19074238884671507 0.9988639723915309 0.0024813951003467213
0.1910292872430246 1.0030639476643326 0.002528992914948702
0.1912665895053602 1.0082729848573104 0.0025155073651004817
0.1918003602904722 1.0037432621787459 0.002479483406184391
0.19213135208404714 1.001614137267473 0.0024846912148850635
0.19241824815205022 0.994276503466536 0.0025243621828201198
0.1926555317870235 0.9992610207811594 0.0025104145728276155
0.19318934308557834 1.0030176360485938 0.002476497765652858
0.1935203153204697 1.0013482439895434 0.002485175235805603
0.19380720952673713 0.9999519666727373 0.0025263854970400505
0.19404447406959763 0.9999378063061782 0.002508477664220123
0.19457832588068447 1.0036174608467023 0.002475770220263264
0.19490927902346306 0.9971295238223534 0.0024815622835720748
0.19519617043576276 1.0012291234068746 0.00252794637885071
0.19543341635217176 1.0052265523121557 0.002512599448789734
0.1959673086748811 1.0003455678744655 0.0024751969987954594
0.19629824226079512 1.0033458905052595 0.0024867321834519257
0.19658513181044968 1.0002900167024826 0.0025273522319157363
0.19682235909995177 0.9964728164714319 0.00250827716900887
0.19735629146907774 1.000089277168419 0.0024763598207507556
0.19768720549812718 0.996994044237798 0.0024803670720226524
0.19797409318422843 0.9976916599855865 0.0025281719873334824
0.1982113013825259 1.0048645217137975 0.002512461172444239
0.19874527426463795 0.9990754975197612 0.0024734979903856032
0.19907616873454975 0.9998467570611259 0.0024847928474051994
0.19936305409325406 1.0014372657976158 0.0025274402718729458
0.19960024366555545 0.9996111314893104 0.002508901452568774
0.20013425752540537 0.9961510004419288 0.00247371635246479
0.20046513197188182 1.0002267117722174 0.002484767998360929
0.20075201546794097 0.9998590433999709 0.0025271739199267573
0.20098918594722145 1.0043396868262935 0.002513554580227321
0.20152324032005742 1.0024136072576744 0.002473831327248006
0.20185409520921388 0.9976611963260024 0.002480542119788397
0.2021409763769666 0.9988895847652627 0.002527332171144618
0.20237812822979287 1.0003640294319436 0.002511692908214734
0.20291222311516355 1.0008699893369988 0.002475611949265998
0.20324305844563645 1.002085841949942 0.00248485791490542
0.20352993775210626 1.0001197989666057 0.002527905103707164
0.20376707051236972 0.9988790973630257 0.002507753617339259
0.20430120591026968 0.99948498653193 0.0024735074600067395
0.20463202121776267 0.999221257321087 0.002484005263724215
0.2049188986615873 0.9992002257176512 0.0025265377167716704
0.20515601279448842 1.0015541945214719 0.002513775662619639
0.20569018870446631 1.0033884849680457 0.0024785793327240253
0.20602098445509473 1.003068188495789 0.0024844226424587178
0.20630786003627422 1.0032531878392066 0.0025287600286163243
0.20654495507706255 0.9978753396660144 0.0025089685813483036
0.20707917150002653 0.999104100516203 0.0024739341831246675
0.20740994769197135 1.0063396262757651 0.002487918385699892
0.20769682094529984 0.9976959093913105 0.002526866656038378
0.2079338973600894 1.0013793545922764 0.0025113159544721754
0.20846815429513266 1.00012253645698 0.0024747628482246517
0.20879891092930342 1.002269823951577 0.0024835862577052325
0.20908578231998676 0.9987724689473805 0.0025270445650576855
0.2093228401074167 1.001674546834447 0.002511167785689849
0.209857137555446 1.0023376862389284 0.0024746444439812327
0.21018787416663548 0.9972712848364559 0.002482764256414838
0.21047474322810422 1.0019847696052024 0.0025280478994491877
0.21071178238999083 1.0021074989033134 0.0025118345359017866
0.21124612034964263 1.0012743440721843 0.0024754396768653926
0.21157683740305805 1.0010740691738214 0.002480892615133755
0.21186370460279114 0.9990430917470806 0.002527094301508236
0.21210072467256497 0.9990506951002878 0.002508327320159444
0.21263510314474876 0.9976644699512021 0.002473631263762253
0.2129658006408442 1.002401341012952 0.002484369578402902
0.21325266551181676 0.9993096221142168 0.002526496298554134
0.2134896669546837 1.0004522783964092 0.0025124494448570465
0.2140240859398549 0.9989651665883325 0.002473445106626045
0.21435476387817626 1.0041809730327358 0.002486146021791287
0.2146416264208424 1.0009171164228812 0.002526108550915519
0.21487860923725782 0.9988902034434172 0.002508954051413516
0.21541306873496102 0.9959564228664091 0.002471552459894409
0.21574372711505424 0.9997149421451155 0.0024805591366167928
0.21603058779461848 0.9994448912229988 0.0025267031916579065
0.21626755152028737 1.0021887178679683 0.0025130162201970896
0.21680205153006715 1.004243973082604 0.0024778184203874494
0.21713268988672502 0.9995381009782415 0.002481779373017517
0.2174195487036441 0.9995018627401197 0.002526588348171363
0.21765649380195065 0.9964801032523722 0.0025105712328495466
0.21819103432517328 0.9999927291876274 0.002474674022886253
0.21852165312405708 0.9984389223373844 0.0024821360904923296
0.21880851007833102 0.9983405901472228 0.0025242111288069666
0.2190454360845275 0.9980349415167272 0.0025081601658347615
0.21958001711936992 0.9971948699246292 0.002473773507929187
0.21991061636047965 1.0006360879624911 0.0024845640360132816
0.22019747098690123 1.0063216917921949 0.0025303203367033366
0.22043437836709892 0.9979983585359085 0.0025095434106178907
0.22096899991447605 1.0025900134857555 0.002476397618732091
0.22129957959826715 0.9995503442256178 0.0024805364831811698
0.22158643236158815 0.9999328924418414 0.002527896663329963
0.22182332064922033 0.9941819910278386 0.002506458115649277
0.22235798270958218 1.0015236639816845 0.00247767955827687
0.22268854237039198 0.9943206379335023 0.0024767333235146505
0.22297539327061378 1.0057976501148314 0.0025286780604841116
0.22321226293179447 0.9982546517125138 0.0025098294933683027
0.2237469655046883 1.0039256611511254 0.002477554503019116
0.22407750560772405 0.9993290489562447 0.002483849960993782
0.22436435417918665 0.9997450117552085 0.002525720488195201
0.22460120474916276 1.001014584442625 0.002512002687303906
0.22513594829888495 0.9949899885568185 0.002471626703562973
0.2254664688450561 0.9999145364244686 0.0024839865400381354
0.22575331555387357 0.9991994846660185 0.0025272279431798627
0.22599014703082604 0.999051490927075 0.002510982233392637
0.22652493109399108 0.9989251175345453 0.0024719358807344643
0.22685543208238818 0.9987403944272928 0.0024811228459910334
0.2271422764628992 0.9991716013646583 0.0025263051435997263
0.22737908931340017 1.0013042242084698 0.0025106754951856073
0.2279139138890972 0.9972802097226737 0.0024716292453933085
0.22824439485405895 1.0030141681037867 0.0024848588100948948
0.228531237371014 1.0024951443897696 0.0025274016569425315
0.2287680315959743 1.0021445216996083 0.002514261887201761
0.22930289668329384 1.0030888454188978 0.002477402502358045
0.22963335809048152 0.9982363334617105 0.002482466944513282
0.22992019874615632 0.9963456129654032 0.0025229993986985487
0.2301569738776376 1.0019383553146413 0.002509596055069976
0.23069187947885406 0.9976829464189105 0.0024717948437126863
0.23102232132781358 0.996023349516623 0.0024802332777872074
0.23130915965518195 0.9968925392570609 0.0025234523675024276
0.23154591616066716 1.0000586338806843 0.002511328989917776
0.2320808622739602 1.0014023901761906 0.0024759566782650735
0.23241128409948436 1.0053870723136806 0.002486116873533835
0.23269812056375216 0.9951348224879263 0.002525605008292706
0.2329348584432413 1.0033500576772467 0.002512535336670091
0.23346984506861224 0.9995899054417159 0.002473052084734723
0.23380024733681642 0.9996066768628737 0.0024841233402359557
0.23408708193843908 1.0011676954131599 0.0025253461615380728
0.2343238007253627 0.9992287121389329 0.002509455863854333
0.23485882786371837 0.9998138697982298 0.002474598127973451
0.2351892105741485 1.0000259826259663 0.002482341526168795
0.2354760428474647 1.0023186484011863 0.0025277204397510817
0.23571274300793413 0.9993789136996023 0.002512228671011905
0.2362478106588245 0.9966768579534045 0.0024710908856557887
0.23657817334581926 0.9998178951612432 0.002485608751344185
0.23686500375558217 0.9999273464590488 0.002526916713950076
0.2371016848248497 0.9980541593023389 0.0025105626205004037
0.23763679345302113 1.0008357582996055 0.002476307448029968
0.23796713658224183 1.0036791552554654 0.0024862312780368732
0.23825396513072183 1.0015325791060765 0.002524925204004182
0.23849062710651298 1.001700956881438 0.002513132675486664
0.23902577624858135 0.9974449308651135 0.0024753305316787934
0.2393560993539126 1.0013225384824609 0.0024837080747941043
0.23964292603974746 0.9990680203863761 0.002525937818268922
0.23987956938954252 1.002053044436704 0.002510494718727783
0.24041475904368748 1.0001688758375264 0.0024725744358688943
0.24074506259124467 0.9968377563147436 0.002479806490689611
0.24103188694832034 0.9990608684541197 0.0025240568743290855
0.24126851167211666 1.0001097441732107 0.0025110866590688707
0.2418037418387936 0.9994971975826394 0.0024710236309091796
0.2421340253624614 0.9968238281184355 0.0024831033922818394
