Sector 05:
[1288, 1562], [1289, 1562], [1290, 1562], [1287, 1563], 
[1288, 1563], [1289, 1563], [1290, 1563], [1291, 1563], 
[1287, 1564], [1288, 1564], [1289, 1564], [1290, 1564], 
[1291, 1564], [1288, 1565], [1289, 1565], [1290, 1565], 
[1291, 1565], [1289, 1566], [1290, 1566]

Sector 06:
[1257, 1642], [1258, 1642], [1259, 1642], [1260, 1642], 
[1256, 1643], [1257, 1643], [1258, 1643], [1259, 1643], 
[1260, 1643], [1256, 1644], [1257, 1644], [1258, 1644], 
[1259, 1644], [1260, 1644], [1256, 1645], [1257, 1645], 
[1258, 1645], [1259, 1645], [1257, 1646]

Sector 32:
[1710, 1507],[1711, 1507],[1712, 1507],[1710, 1508],[1711, 1508],
[1712, 1508],[1713, 1508],[1710, 1509],[1711, 1509],[1712, 1509],
[1713, 1509],[1710, 1510],[1711, 1510],[1712, 1510],[1713, 1510],
[1711, 1511],[1712, 1511]

Sector 33:
[1783, 1800], [1784, 1800], [1785, 1800], [1782, 1801], [1783, 1801], 
[1784, 1801], [1785, 1801], [1786, 1801], [1782, 1802], [1783, 1802], 
[1784, 1802], [1785, 1802], [1786, 1802], [1782, 1803], [1783, 1803], 
[1784, 1803], [1785, 1803], [1786, 1803], [1782, 1804], [1783, 1804], 
[1784, 1804], [1785, 1804]