-0.24369887641432797 0.999085746113078 0.001037765975779267
-0.24269036565116173 0.9988112550999633 0.001031257625827529
-0.2423099559866838 0.9995400481639026 0.0010379249759906073
-0.24130149691078462 1.0008480772795383 0.0010311985721906882
-0.24092103602492865 1.0011938862850238 0.0010378032626724156
-0.23991262770519892 0.9988910353939962 0.0010311770418951977
-0.2395321155966027 1.000486294068147 0.001038351515046655
-0.23852375850007135 0.999958071476499 0.0010320086374040842
-0.23814319516736726 0.9993622398140027 0.0010390494879636168
-0.2371348892953965 1.0009432450848168 0.001031489634489628
-0.2367542752047026 1.001581920696778 0.0010384579031368362
-0.23574602055593022 0.9983204837900905 0.001030539468892223
-0.23536535477728615 1.0010137064271758 0.0010388029194325506
-0.2343571513505709 0.9994597086020665 0.0010300699957191003
-0.23397643434941562 1.000288366642608 0.001040012524553753
-0.23296828214521156 0.9993445613829169 0.0010311825426443369
-0.23258751438675096 0.9978823493325939 0.0010383049554414192
-0.231579412940084 1.0015164967966286 0.0010312803396590393
-0.23119859395865205 1.000089338208348 0.0010378278446275442
-0.23019054420015958 1.0004488794635173 0.0010305655716436482
-0.22980967399621444 0.9995559110969385 0.001036870511503505
-0.2288016749945793 0.9988298571493248 0.0010311268089767728
-0.2284207535678885 1.000592671310369 0.001037200171746301
-0.22741280578990444 1.0004788342950908 0.0010326696911087377
-0.22703183314001796 0.9998875855931965 0.0010390332018914215
-0.22602393704998003 0.9996383019300655 0.001032860009463738
-0.2256429131773533 1.0014344366450827 0.0010380089785496072
-0.22463506784439435 0.9986918704785971 0.0010316096746060843
-0.22425399274902735 0.9978133562201689 0.0010369039053724992
-0.22324619863949313 1.00022413889903 0.001031350191483159
-0.2228650727863627 0.9988575600428823 0.0010395120565162607
-0.22185732990025323 0.9994231079628655 0.0010322354899194204
-0.22147615235803675 0.99950573273882 0.0010386700118365805
-0.22046846069557838 1.0006986412912235 0.001033019055772697
-0.22008723192993784 1.0016901340330076 0.0010386566048466636
-0.21907959195610668 1.0006746584382427 0.0010307183402759343
-0.21869831196750023 0.9987908979446696 0.0010385130218814368
-0.2176907227505264 1.0005167929274212 0.001031398312301555
-0.2173093915396297 1.0002046813935348 0.0010393476778749612
-0.2163018535444826 0.9987887318634217 0.0010304081998689727
-0.21592047157787453 1.0008935918253161 0.0010386135920154452
-0.21491298480456358 0.9998318729269496 0.0010320055951478875
-0.21453155114954858 1.0000083946032212 0.0010375813477789277
-0.2135241155994306 0.999114258472502 0.0010315934629587557
-0.21314263118597443 0.9981612716770767 0.001037264547457575
-0.21213524686041704 0.9996324879981906 0.0010304374198260643
-0.21175371075764848 1.0001252853484817 0.001037513819225684
-0.21074637765483675 1.0005176373490041 0.0010319235233726277
-0.21036479079589332 0.9992274038255454 0.001037441898141697
-0.20935750891491234 0.9993532767214062 0.0010307498879338845
-0.20897587036824916 1.0005993090076806 0.0010373090192609424
-0.2079686397102375 1.0011457608836694 0.0010322996097636998
-0.207586949940605 1.000543335485805 0.001038077013897014
-0.20657977050510454 0.9997028424145296 0.0010318180305235246
-0.20619802997748626 0.9992695608368369 0.0010377754537901187
-0.20519090176609098 0.9999087975957647 0.0010309029737629932
-0.20480910954825082 1.0017319799186242 0.0010386387226224304
-0.20380203302617197 0.9989653127866729 0.0010321413289022063
-0.20342018958649566 0.9984926685333974 0.0010371633773135418
-0.20241316381967542 0.9978874735515544 0.0010324925655046358
-0.2020312691586238 0.9991843747428265 0.0010370901771304044
-0.2010242950799828 1.0003013777789196 0.0010321948672851172
-0.20064234919595914 0.9993760002473486 0.0010373294431270982
-0.19963542587507618 0.9999449040278183 0.0010311311289903232
-0.1992534287671791 0.9981628050417521 0.0010369602961155715
-0.19824655713606262 1.0002677929336379 0.0010305851178201665
-0.19786450880451445 1.0002314546690054 0.001037191186020937
-0.19685768793093505 0.9985878594374941 0.0010308095749514876
-0.19647558884253158 0.9989033663526731 0.0010372685185086094
-0.1954688191919215 1.0015343993259926 0.0010311244549571722
-0.19508666841488742 0.9999610752603855 0.0010386962217263766
-0.1940799499863358 1.0010757268651496 0.001031903220304699
-0.19369774845222276 0.99986400517204 0.0010364982356207242
-0.1926910812464168 1.0014091120225168 0.0010321388605054108
-0.19230882802389682 1.0000106605282484 0.0010376963002064928
-0.19130221250717147 0.9997231621051663 0.0010307762470842853
-0.19091990806123216 0.9997756464011162 0.0010367392185912118
-0.18991334330181753 1.0009967389940926 0.001032802170939661
-0.1895309876329062 1.0009138786582796 0.0010382683585760488
-0.18852447456189314 0.9996116033734521 0.001032287857970685
-0.18814206767115105 0.9992611268498318 0.001037842908942449
-0.18713560535676557 1.0000987931297907 0.0010318446264302823
-0.1867531472428251 0.997485323815555 0.0010377059596989847
-0.18574673661684116 0.9989654895434278 0.0010314462580805327
-0.18536422728016044 0.9996048857217724 0.0010370100426856407
-0.18435786787691674 0.9994959920223141 0.00103274797230941
-0.18397530731840528 1.0013754162370825 0.0010379512443614253
-0.1829689986722419 1.0008808246654668 0.0010315346381588894
-0.18258638689007933 1.0009104962067112 0.0010376748152779447
-0.1815801299327756 0.998012196427693 0.0010306413976802187
-0.18119746692741467 1.0000984548452796 0.0010372419224128503
-0.18019126119376205 1.000939353428043 0.0010317737986030185
-0.17980854649908873 0.9999913790850938 0.001037693139335402
-0.17880239245383767 1.000873012909077 0.0010305322735934804
-0.17841962653642407 1.0002116507197916 0.0010375789914664232
-0.17741352324779924 0.9993033686674062 0.0010320662083525682
-0.17703070657421482 1.0011831048269968 0.0010381830651324533
-0.17602465450787483 1.0021294455847432 0.0010326464007931317
-0.17564178614679837 1.00193739847987 0.0010382631880321521
-0.17463578576840855 0.9994110020320818 0.0010311223137887797
-0.17425286618322422 1.0016519964793356 0.0010386698486527012
-0.173246917029395 0.9985685559581865 0.001030687830748192
-0.17286394622010415 0.9991273458656837 0.0010381972884644423
-0.17185804782426203 0.9991724916789801 0.0010312531077702925
-0.1714750257926877 1.001631535372051 0.001036826314917544
-0.17046917908434303 0.9983358357509767 0.0010313376140074757
-0.17008610583047845 1.001547092148085 0.0010380557748501569
-0.169080310344645 1.000708123933645 0.0010307580633967237
-0.1686971858687233 1.0019621251249209 0.0010377375853357965
-0.16769144160540506 0.9996676732388369 0.0010322264948454034
-0.16730826543948785 0.999431644414606 0.0010377265059431874
-0.1663025724007302 1.0007472035081102 0.0010311470687124262
-0.16591934547636777 1.0003997582351005 0.0010378504849319424
-0.16491370366126393 0.9993298321867425 0.001031632173799696
-0.16453042551415853 0.9996546701422458 0.0010381816461596674
-0.1635248349213395 1.0011076043560878 0.0010314630128813842
-0.16314150508674208 0.9992289467049171 0.001040087438688411
-0.1621359661809624 1.0013665233468445 0.0010308751939300063
-0.16175258512498691 1.0019520682659646 0.0010376041317041412
-0.160747097441038 1.000674366315524 0.0010319853126213043
-0.16036366516232226 0.9999412018354321 0.001038100479611912
-0.1593582287015717 1.0006897597403905 0.001030991771304632
-0.1589747451987481 1.0005679116164514 0.0010386267233613326
-0.15796935996255815 0.9991823163607519 0.0010309999560832415
-0.15758582477042216 1.0012261875178832 0.0010384131148673521
-0.1565804907578833 0.9988783024289514 0.0010298131132997507
-0.156196904808667 1.0002425032878959 0.0010372050120017744
-0.1551916220184116 1.000451549727954 0.001031639356132183
-0.15480798484600233 0.9996956355978007 0.0010373676117866905
-0.15380275327848722 1.0010401967771219 0.0010318865211956046
-0.1534190644176764 1.0000525358736696 0.0010374297034255772
-0.15241388453856822 1.0007257411425658 0.001031357783666226
-0.1520301444554658 0.9985341229984832 0.0010376030050503024
-0.15102501579955466 0.9980259305666142 0.0010310694267378925
-0.15064122449302886 0.9996059838026198 0.0010361978457445447
-0.14963614705963024 1.0009329351721152 0.0010315328505449018
-0.1492523045305919 1.0003962428460922 0.0010387283096470034
-0.14824727831970583 1.0003139890836865 0.0010314529462039312
-0.14786338410226596 1.0001307387847425 0.0010375313791474601
-0.14685840957978144 1.0007372609625107 0.0010308392709491125
-0.1464744641396013 1.0018373871228967 0.0010380753018680467
-0.14546954083986244 0.9998576145802774 0.0010312595810537829
-0.14508554417739072 1.001841927455122 0.0010393207987237365
-0.14408067210084888 1.0016496621057933 0.001031298176472448
-0.14369662421563556 1.0005017230910216 0.0010389023375616117
-0.14269180336137718 1.000026569534346 0.0010314934883407993
-0.1423077042529709 0.9998107236701194 0.0010375313836652154
-0.14130293462236362 0.9984173228159888 0.0010304213199316882
-0.14091878382373546 1.0007097355803756 0.0010399662144970642
-0.13991406588289734 0.9994571490816538 0.0010307400246577652
-0.1395298638612985 0.9987572597574127 0.00103830258104203
-0.13852519714297293 0.9993797180656615 0.0010302622159266514
-0.13814094389931564 1.000251273443711 0.0010378873789394184
-0.13713632840259582 1.000973392691766 0.001030993157442968
-0.13675202393756047 1.000614841026308 0.0010388036634983388
-0.1357474596626714 0.9983501707354822 0.0010306780075184855
-0.13536310397398632 1.0008186689683416 0.0010379190799577837
-0.13435859092365784 1.0002986790352895 0.00103213647640472
-0.13397418401086758 1.0007357764004956 0.001037742931945075
-0.13296972218419156 0.9997099911889337 0.0010290157238108065
-0.13258526358299572 1.000382006784013 0.0010380276732908115
-0.131580853445178 1.0006344891310124 0.0010319821451759315
-0.13119634362124055 1.0010225253097975 0.0010377196102826448
-0.1301919847052536 1.0003498110426283 0.0010324350701871995
-0.1298074236590313 0.9979852413791492 0.0010374386519490868
-0.1288031164309905 0.9997273606639907 0.0010298423830354504
-0.1284185036965937 0.9986660229060486 0.0010371368714498887
-0.1274142476915242 1.0006105122942373 0.0010325025847512082
-0.12702958373324658 0.9993144031362072 0.0010380971236760128
-0.12602537895251065 0.9975638238203289 0.0010297579698300026
-0.12564066377058192 1.000458793262389 0.0010376998386867542
-0.12463651021349707 1.0015860681271127 0.0010315569976691457
-0.12425174380882675 1.0007550563192391 0.0010377166780170808
-0.12324764147357267 1.0009110034465625 0.001031324460798341
-0.12286282338095622 0.9990469687924507 0.0010375733352945037
-0.12185877273274281 1.000026788225979 0.001032256958062888
-0.12147390341829156 0.9993230418234157 0.0010368627836025172
-0.12046990399281841 0.9988749013935493 0.0010310868262597525
-0.1200849834556269 0.9988705857497339 0.0010374823118865304
-0.11908103571946614 1.000077977919553 0.0010309528626876252
-0.11869606349296224 0.9997582124456974 0.001037613965650807
-0.11769216697999986 1.000366951119216 0.001031380382477277
-0.11730714353029759 0.9990562038018485 0.0010367200848689017
-0.1163032982409863 1.00281031397978 0.0010315794164747218
-0.11591822356854242 1.0004541316894036 0.0010371554672428702
-0.1149144295010619 0.9991662755498087 0.0010312248917185819
-0.11452930360587776 1.0003306208952691 0.0010372562944819896
-0.11352556122679879 0.998813121579341 0.0010312167637371954
-0.1131403836432131 0.9999866227101603 0.0010384393046725972
-0.11213669248778523 0.9985263051208288 0.0010312691063549292
-0.11175146368145794 1.0007186178591192 0.0010377387599050966
-0.11074782374831893 1.0022811672387957 0.0010315559903387765
-0.11036254371879328 0.9980575382579658 0.0010370172774223831
-0.10935895500839453 1.0020676020211057 0.001031164999342861
-0.10897362375521913 1.000453609799928 0.0010388648557616278
-0.10797008673413142 1.002718553120669 0.0010323048745423079
-0.10758470379255447 1.0004781627957704 0.0010384860696705028
-0.10658121799421241 0.9999034516841647 0.0010317043934970618
-0.1061957838307993 1.000799437853463 0.0010387175294758178
-0.105192349254288 1.001086999416577 0.001034894770224493
-0.10480686386881644 1.0008465037953702 0.001037315775280191
-0.10380348098093573 0.9993597673697193 0.0010311380807933544
-0.10341794390637948 1.0006244832493418 0.001037581202678712
-0.10241461224192216 0.9999354349398133 0.0010319369170273993
-0.10202902394280533 0.9998650052508365 0.0010370306056379523
-0.1010257435024505 1.0027824931985554 0.0010318065668155356
-0.10064010398014067 0.998766222604247 0.0010381819679968261
-0.09963687522909823 1.000896467799459 0.0010314526307439106
-0.09925118401838551 0.9981160965998436 0.0010374686320227275
-0.09824800648917921 0.9989390428732385 0.0010310928702679518
-0.09786226405617493 0.9995632078183571 0.0010389703644289113
-0.09685913774834397 0.9994491476876627 0.0010320023871643125
-0.09647334409441977 0.999911045051291 0.0010374474050071866
-0.09547026947408085 0.9992685792969174 0.0010305971711153715
-0.09508442413084561 1.0007794230671623 0.0010373516414820504
-0.0940814007350673 1.000287706745543 0.001031705803277294
-0.09369550416772687 1.0003497828777859 0.0010383201365166466
-0.09269253199582737 1.0018521242107055 0.0010316029513291625
-0.092306584205744 0.998731833806815 0.0010368313803046658
-0.091303663721796 0.999553257464412 0.0010324632937878044
-0.09091766424376113 1.0002854894609226 0.0010378190679642492
-0.0899147949818716 1.0006181931398754 0.0010310528433697074
-0.08952874428109647 0.9998394124195524 0.0010376070959067247
-0.08852592670806661 1.00008405927894 0.001031332030378849
-0.08813982431843181 0.9983923398336861 0.0010359507193048953
-0.08713705796905305 0.999767422717037 0.0010308024031339827
-0.08675090435576716 0.9982516198767598 0.0010362515081395632
-0.08574818969524266 0.9999549751036518 0.001031496481510586
-0.0853619843931025 0.9980082217696207 0.0010363124351847035
-0.0843593209562291 0.9973259514019869 0.0010306776785797484
-0.08397306443134733 0.9983187744893744 0.0010360539349586254
-0.08297045268106053 0.9998069818238661 0.0010292290277686997
-0.08258414446868267 1.0004082683399362 0.0010375731054659393
-0.0815815839406834 1.0004587512068723 0.0010325224289574179
-0.08119522450601802 1.0007681330370224 0.0010364977749448927
-0.08019271566733113 0.9998219010253528 0.0010321272557129633
-0.07980630500992414 0.9989696734442686 0.0010374390439160093
-0.07880384692785945 1.0005683965221521 0.0010314878809968586
-0.07841738504725948 0.9995328100902463 0.0010374993882960985
-0.07741497865450718 1.0018405472735947 0.0010311919762675513
-0.07702846508459482 1.000394390865611 0.001038205913149208
-0.07602610991504088 0.9980023927718814 0.0010316345038770933
-0.07563954512193016 0.9994197999374557 0.001037913329736468
-0.07463724164077777 1.0011028862867497 0.0010310575816742896
-0.0742506251592655 1.0003848911689353 0.0010373861212856698
-0.07324837290085337 1.0011117156644174 0.0010329627518127678
-0.07286170519705626 1.0018050028785555 0.0010397737575731701
-0.0718595046275011 1.0013950639420353 0.0010314906984104236
-0.0714727852343916 1.0023343663043505 0.0010393482155659657
-0.07047063635324338 1.0012924628809623 0.001032471255584196
-0.07008386527195398 0.9989325602995752 0.0010377259356628362
-0.06908176761331897 1.0007775482745518 0.0010303911547238423
-0.06869494577517765 1.0004527269908612 0.0010375171066336606
-0.0676928993399667 1.0012393738592504 0.0010310281301089466
-0.06730602581251299 1.0001917600465522 0.0010367750506833585
-0.0663040306000423 1.0005926308139905 0.0010307463274663164
-0.06591710585030375 1.0024740230685598 0.0010387240231966063
-0.06491516232577918 1.0001710746971846 0.0010309601466330892
-0.06452818588854858 1.0005083979932308 0.001036908069808694
-0.06352629405197419 0.9994148154451783 0.0010332179608615224
-0.06313926592497443 1.0009276977714152 0.001037385549517486
-0.062137425312960626 1.00165276053739 0.0010320411520236316
-0.06175034596185435 1.0016432359560274 0.0010378680304573714
-0.06074855703938199 1.0015727084343302 0.0010304926915721136
-0.06036142646530641 1.0012685143510807 0.001037921743568826
-0.05935968876534524 0.9989921380684845 0.001030405807119172
-0.05897250650355124 1.0006351949774348 0.001037967662958869
-0.05797082002542084 0.9999968458782861 0.001032607567801401
-0.05758358654179608 0.9996862224151325 0.0010373282072076637
-0.05658195175116311 0.9999779392100674 0.0010319059952168638
-0.05619466657913142 1.0010210365930088 0.0010368859196870583
-0.055193083476899996 0.999163945776744 0.0010303385548963413
-0.054805747081218555 1.0007382729266763 0.001037965717024154
-0.053804215203094995 0.9977246357302871 0.0010306269353896698
-0.053416827118553896 1.0021593233952897 0.001036952866591425
-0.052415346464081435 0.9984424190865461 0.0010307204015991282
-0.05202790715679873 1.0000891284633842 0.0010373312366834004
-0.05102647818981832 0.9993560329701278 0.0010310247416897235
-0.05063898719458814 0.9974983472553269 0.0010372186086084671
-0.04963760991555521 0.9979586044551472 0.001029879993014023
-0.04925006723192348 0.9988847943198306 0.0010372615038804253
-0.048248741642202934 0.9992894706557217 0.0010306065464877976
-0.04786114773446604 0.998452306635749 0.0010373992018679213
-0.046859872902736646 0.9960603054427066 0.0010303779936814829
-0.046472227771801385 0.99947110548945 0.0010374487273270222
-0.04547100462938437 0.9992737307571538 0.0010312389898657036
-0.04508330781004622 0.9988271906586184 0.0010375847964789612
-0.04408213635557399 0.9995163316296216 0.0010313792887711054
-0.04369438831304285 0.9980539785776924 0.0010370892360057704
-0.042693268080858146 0.9973654156550084 0.0010299085711000962
-0.04230546835037819 0.9993700241308321 0.0010371085178322592
-0.041304399805689576 1.0005311027947952 0.001031341364011296
-0.0409165483881676 0.9976692144611193 0.0010374799063765912
-0.039915531066676016 0.9989466864942006 0.0010311569667209909
-0.03952762842550294 0.9982351401564221 0.0010382357383977817
-0.03852666279309199 0.9992988628020268 0.00103268435347622
-0.03813870892849957 0.9994345110706749 0.001037893607381462
-0.03713779451951336 1.000867293393014 0.0010320852033982638
-0.03674978896583491 1.0001509941969824 0.0010367686313137237
-0.035748926246161085 0.9995371106534318 0.001030865327645516
-0.035360869003397966 0.9999208820367498 0.0010383717494453102
-0.034360057971903356 0.9984164210661173 0.001031360026893811
-0.033971949507076375 0.9977195637250659 0.0010370939280220288
-0.03297118969764024 0.9984732721893087 0.0010307750953328552
-0.03258302954532121 0.9974707528084059 0.0010376870238509013
-0.03158232142382986 0.999153457343529 0.001030717338896285
-0.031194109582656556 0.9987431959864721 0.0010362491463831718
-0.030193453149572128 0.9997699946308513 0.001031574940159226
-0.02980519008474369 0.9993827895981551 0.0010378655210278357
-0.028804584875309014 0.9979575625752042 0.001030261873851688
-0.02841627012207903 0.9983335387124582 0.001037838971590282
-0.02741571660127226 0.9977125906031586 0.001030190021844926
-0.027027350160323867 0.9980627517303055 0.0010377261118572688
-0.0260268483272409 0.9981037740052534 0.0010298727012450176
-0.025638430663775916 0.9973910909029147 0.001036451902204393
-0.02463798005343051 0.9972382174233843 0.001029844887651286
-0.024249510702020752 0.9989641702544229 0.0010367161564120997
-0.02324911131441695 0.9996834002289445 0.0010311780410891076
-0.02286059120456196 0.9990557241169866 0.0010370681162532565
-0.021860243040611953 0.9982534496841051 0.0010308615359360675
-0.021471671240987807 1.0014770007743783 0.001038145103630876
-0.02047137476725968 0.9985466868826782 0.001031013598075102
-0.020082751279232643 1.000246106272831 0.0010374278412220725
-0.01908250695865785 0.9979178794884674 0.0010313418086305998
-0.018693831782684692 0.9995275159771873 0.0010366873156741911
-0.017693638684400124 0.998728385572587 0.001033212367100934
-0.017304911820020034 0.9983257475261631 0.001037014381934805
-0.01630477041013701 0.9978859800769511 0.0010323230290755349
-0.015915992322561242 0.9966670066282854 0.0010347271433332641
-0.014915902135873895 0.9985660333043138 0.0010299419111616207
-0.014527072359896583 0.9983456121579133 0.0010372558080538178
-0.013527033862521623 0.9978332637559648 0.0010312501179131296
-0.013138152397914382 0.9971764242095693 0.0010369811478570343
-0.012138165588716623 0.9980532512043052 0.0010304970921862619
-0.011749232901593468 0.9984532622745244 0.001038140717439943
-0.01074929731445351 0.998239894845885 0.0010305826319750601
-0.01036031293892881 0.9993295251930995 0.0010383042353012913
-0.009360429040190394 0.9988697196543719 0.0010304874811408397
-0.008971393441925438 0.9990901854999061 0.0010384180842321529
-0.007971560766838122 0.9989271647905631 0.001030407941497493
-0.00758247347926078 0.9979136153743652 0.0010378894972918808
-0.006582692493259486 0.999214550529314 0.0010318997387719065
-0.006193553982257408 0.9990686576761552 0.0010371582816823329
-0.0051938242196808496 0.9983518753721586 0.0010305325372628564
-0.004804634020502244 0.9997758983820902 0.001036714609890705
-0.0038049559463285768 0.999403282333521 0.001030714304018614
-0.0034157145234988734 1.0005640743596536 0.001037186957298855
-0.002416088136815907 0.9990282845844015 0.0010313641602553185
-0.0020267945608342147 0.9973703547356954 0.001038354663440466
-0.0010272198621000656 0.9990004933862836 0.0010304771715853023
-0.0006378750645126274 0.9992032567558856 0.0010360241705908843
0.0003616484117049334 0.99904946786705 0.0010307649506048273
0.0007510448979243207 0.9993306022912448 0.0010372624818943742
0.0017505166850572062 0.9972376403200184 0.001029884489762919
0.0021399643958371867 1.0004376369549894 0.0010366207194837788
0.003139384958867595 0.9987639475679267 0.00103035749983977
0.0035288843585018453 0.9975526027169339 0.0010356166230005642
0.00452825276723767 0.996980995504592 0.0010301486495953422
0.004917803854595722 1.0006405124813096 0.0010373249784080096
0.005917121041274421 0.9983306250914089 0.0010306606841874752
0.006306723816806307 0.9994253575670858 0.001036939119650119
0.007305989315079421 0.9990714987858651 0.0010310465509081124
0.0076956433129001835 0.9963068133132909 0.001036988644080053
0.008694857588431693 0.9981279578369945 0.0010304106235636548
0.009084563276474337 0.9984977540012218 0.0010379918686357309
0.01008372539703352 0.9991483316046512 0.001030531925792827
0.010473482773931782 0.9995147369403172 0.0010373546448499648
0.011472593671296636 0.9977618615537535 0.0010304779006298905
0.011862402735686946 0.9993183389925355 0.0010376543708913136
0.012861461945554362 0.9977700394837485 0.0010301418384857828
0.013251322232236244 1.0002998250069957 0.001037326440036774
0.014250330219817475 0.9993318744559496 0.0010315980676284457
0.014640242193991407 0.9981736594465763 0.0010368078631905597
0.015639198027734825 0.9980140633808047 0.0010320380994520138
0.016029161691904274 0.9980604614139525 0.0010379504341425678
0.01702806630131346 0.9989500301277753 0.0010304804639462884
0.01741808118936172 0.999113829281467 0.0010377309127032985
0.018416934574665735 0.9989926811946277 0.001030078351166955
0.018807001151572304 0.9990473219327142 0.0010370664732415923
0.019805802382814836 0.9991132291790726 0.0010311444283745952
0.02019592064766618 0.9984636387161167 0.0010367165597610333
0.02119467065707795 0.9977959640659507 0.0010310961110748297
0.02158484060964838 0.9975224476652745 0.0010374798134245367
0.022583538931335675 0.9984903017069042 0.001031010981584781
0.022973760106424716 1.002660806500201 0.0010389051496322256
0.023972406739937502 0.9989220787330924 0.0010301543087182315
0.02436267960433758 0.9994635545670724 0.0010382416417541722
0.02536127501420062 0.999138535399688 0.0010302987915338836
0.02575159956700224 0.9979056740860404 0.0010384997231944948
0.026750142821891604 0.9983427555321729 0.0010304594665621317
0.027140519063096117 0.997810760207553 0.0010371613393229397
0.028139011095243877 0.9973612440024792 0.0010305797176339193
0.028529439025760776 0.9981411272119893 0.0010374972378650407
0.02952787936950699 0.9992074375678301 0.0010311904072521504
0.029918358522764147 1.0006231472315466 0.0010369952983452448
0.03091674717810343 0.9986405780480297 0.0010327979307194997
0.031307278019312094 1.0005667039911748 0.001036612236304124
0.032305615451913815 0.9977239642917433 0.0010302501284175285
0.03269619798197675 0.997993421161501 0.0010371493641528188
0.0336944832596048 0.9994672015536776 0.0010302913966276422
0.03408511747875309 0.9972590695703795 0.0010360378052711903
0.0350833515334098 0.9986797196749697 0.0010302399362438603
0.03547403697552943 1.000107343934338 0.0010376467989104206
0.03647221934201163 0.9981375575700974 0.0010311267093701827
0.03686295693819409 0.9988271149842862 0.0010370226113915017
0.03786108761672747 0.9970076629816844 0.0010298085067290258
0.03825187643474203 0.9987616804687068 0.0010367357451429994
0.039249955425329296 0.9968765132102022 0.0010298723749359473
0.03964079593083591 0.9997375557074968 0.0010374381579054716
0.04063882369868157 0.998601605564768 0.0010302004473701565
0.041029715893500567 0.9987224659556129 0.001036133399814892
0.04202769150682528 0.9996499720628191 0.001031304705330928
0.04241863539141343 0.9995832212540631 0.0010363528632752255
0.043416559780177555 0.9971444570286779 0.001030190604939729
0.043807554888416804 0.9985329364210755 0.0010363039829878842
0.04480542758877938 0.9998605210098445 0.0010317545353848159
0.04519647438451068 0.9983228449714218 0.0010369960418763484
0.04619429539738121 0.9983251773999028 0.0010296687825167713
0.046585394346265845 0.9987645750561344 0.0010378190726143452
0.04758316367095985 1.0001607127914673 0.0010311206439983479
0.04797431384417871 1.0005415098214607 0.0010382841953809876
0.048972031478877194 0.9997538276733895 0.0010308950289072642
0.04936323334163751 1.0002973524255592 0.0010376693166846674
0.05036089975222947 0.9983763678412487 0.0010311081192907873
0.05075215283818545 0.9985365305292632 0.0010388007006526475
0.05174976756083129 0.9991432660273739 0.0010307076524261802
0.05214107279994062 0.9995514077039568 0.0010372365629724792
0.053138635370338576 0.9990023334067206 0.0010299571329150214
0.05352999229648992 0.9980389291372872 0.001036772199828685
0.05452750364460169 0.9985675399896243 0.0010292914208557288
0.05491891179349329 1.00088866390881 0.0010377363190640931
0.055916371452292675 1.0000502089695666 0.0010315750079092992
0.05630783129095073 1.0011707258794438 0.0010370449067630945
0.057305239726097676 0.9995805241922353 0.0010290461554779327
0.05769675125361539 0.9995976830231306 0.0010380823036890488
0.05869410753378866 1.0013875834196226 0.0010313116794169674
0.05908567074970927 0.9991527118244866 0.0010377802022928833
0.06008297534239049 0.9982079748153776 0.0010309898466577662
0.06047459024625857 1.0003872783910082 0.0010377793599568234
0.061471843150992314 1.000319386209279 0.0010306051107257406
0.06186350974326194 1.001928068815051 0.001037954038458167
0.06286071142434459 0.9996861048891472 0.00103000347327834
0.0632524297059266 1.000156239421021 0.0010374726949628663
0.06424957923294641 0.9995509585507428 0.0010325716188198007
0.06464134920292997 1.0012936110461728 0.0010383261926304847
0.06563844704154286 1.0002354164080445 0.0010324050656257387
0.06603026869993334 1.0014021319742397 0.0010376644438191776
0.06702731531535325 0.9997395539012588 0.001030720899928155
0.06741918819602721 1.0011860855066992 0.0010378293513958786
0.06841618312394968 0.9983506130343981 0.001032424804186072
0.06880810769303058 1.000690613939173 0.0010376333314723364
0.06980505093232514 0.9998456631808754 0.0010311700195003986
0.07019702719003396 1.0008584503865556 0.001038447860944482
0.0711939187402425 1.000759319605022 0.0010319265205464257
0.07158594715269861 0.9993706993622222 0.0010384310829325508
0.07258278654793349 1.0030787886443768 0.001032046063830326
0.07297486664970199 1.0010324944968478 0.001037508673677012
0.07397165482174387 0.9991284215558138 0.0010309684636859936
0.07436378614670536 1.0013881618218132 0.0010365509058722826
0.07536052262943485 1.0000783963097843 0.0010299156789522227
0.07575270564370873 1.0001941307838773 0.0010384796169422919
0.07674939043803129 0.9991334993715282 0.001030291496848508
0.0771416251398026 1.0014379765772974 0.0010383362881268142
0.07813825824754396 1.0009160642104282 0.0010312431088009965
0.07853054463635056 1.000445475506517 0.0010378780947571358
0.07952712605614579 1.001243138000177 0.0010310988095813343
0.0799194641331269 1.0015153047938423 0.0010383177370272734
0.08091599386383677 0.9991791372661352 0.001030878212103201
0.08130838363081272 0.9992171605674653 0.0010367822361188014
0.08230486213718904 0.9998563654814131 0.0010309886697975256
0.08269730359347738 0.9999269307849075 0.0010370850923656775
0.08369372994533276 0.9991860040984496 0.001030141377283654
0.08408622308957125 0.9996905199951105 0.0010377578289124363
0.08508259775393459 1.0001307192743472 0.0010307832451658299
0.08547514258611921 1.0003514553620523 0.0010377348868264478
0.08647146556253102 1.0008981789778366 0.0010314862659781922
0.08686406208221309 1.0002379620794355 0.0010371848073219407
0.087860333370222 0.9983793763896807 0.0010308010084178357
0.08825298158012596 1.0000994566965486 0.0010371430227282235
0.08924920117837111 0.9992811469851901 0.0010307451240835794
0.08964190107758474 1.0006537905988393 0.0010373097898537232
0.0906380689860621 1.0027949876319826 0.0010309364216699668
0.09103082057390566 0.9996198474971955 0.0010383665936626047
0.09202693679511666 0.998143574604118 0.0010302297352005935
0.09241974007022657 1.0005873587908027 0.0010379053793078245
0.09341580460462393 1.0016652779446789 0.0010321820513865911
0.09380865956632045 1.0020757177917263 0.001038643829465968
0.09480467241231491 0.9999616567522415 0.0010307825143005946
0.09519757906332382 0.9989134782754856 0.0010366469212670889
0.09619354022046402 0.9994987930157803 0.0010313426004413785
0.09658649856123669 1.0004613891127747 0.0010378510923704516
0.097582408028155 0.9993131373520758 0.0010305112798121051
0.09797541805824006 1.0005526385921348 0.0010377765070013099
0.09897127583629872 0.9985686568234342 0.0010305636103426297
0.09936433755433394 0.999170078603331 0.0010365979874815306
0.10036014364490055 1.0016150608496297 0.0010319754243712054
0.10075325705133731 0.9995122836109349 0.0010366772861402332
0.10174901145350237 0.9996180268118743 0.0010297263835827245
0.10214217654834068 0.9996452203695658 0.0010358796961932111
0.10313787926119336 1.0004387897836526 0.0010313555525442697
0.10353109604534405 0.9994703894180983 0.0010368902015543636
0.10452674706978979 0.9998694734425084 0.0010310267478825209
0.10492001554234742 1.0018913329867343 0.0010373140203472496
0.10591561487839163 1.0011334133602297 0.0010309257853187775
0.1063089350384413 1.0000230670648995 0.0010369560962465243
0.10730448268608261 0.9985956442460986 0.001029005359639678
0.10769785453544467 1.0000326104913417 0.0010373784023273032
0.10869335049468444 0.9986580318454484 0.001030898235864919
0.10908677403244804 1.0015487098327376 0.0010363352774548893
0.11008221830328627 1.0000755976902782 0.0010304262771079974
0.11047569352899733 0.9996866415139937 0.0010377427557329215
0.11147108564576869 0.9990258948406194 0.001030255426807512
0.1118646130260007 1.0008218425323745 0.0010389020199599564
0.11285995345345967 0.9997009514732156 0.0010311951179768802
0.11325353252300407 1.000983839127845 0.0010375214722439785
0.11424882126115066 0.9995181022087517 0.0010313045225702102
0.11464245201977974 1.0004437149855188 0.0010373231308030452
0.11563768906929436 0.9984300578756641 0.0010301692026016063
0.1160313715165554 1.0012532818560973 0.0010383149024279022
0.1170265568778962 1.0004655274760124 0.0010313155275307616
0.1174202910131047 1.0000902430756418 0.0010370724212424047
0.11841542468695075 1.0007650934151775 0.001031704370211282
0.11880921050919857 1.0023273915518338 0.0010370722773021877
0.11980429202989129 1.0001227299703588 0.0010313170974422968
0.12019813000711144 1.0002845318147513 0.001038404144997024
0.121193159838035 0.9994173906551382 0.0010313735020682422
0.12158704950456889 1.0025540733118077 0.0010379406111417206
0.12258202764572598 0.9998517987440959 0.0010312124368538314
0.12297596853545689 1.0009922769771153 0.0010381311026421054
0.12397089545432782 1.0012218074237953 0.001031314967785811
0.12436488803155077 1.0000830527073001 0.0010378024919328265
0.12535976279726835 1.002225515121874 0.001031920693751619
0.12575380752787169 1.0020780554480697 0.0010387169107182266
0.12674863060495933 0.9980954126269612 0.0010302974522700783
0.12714272702464802 1.000846298972715 0.0010383028106136435
0.12813749841310304 0.9990436590624785 0.001030279893311458
0.12853164652256088 0.9984641227493123 0.0010364879645999303
0.12952636622079403 0.9997116649150063 0.0010309161356878212
0.12992056601956425 1.001075840337359 0.0010376372163293653
0.13091523356328186 1.0005328178273938 0.0010316174880588115
0.13130948551565813 0.9984359275015855 0.0010383319194427864
0.13230410137233642 1.0011392730975193 0.0010313336549875715
0.1326984050122061 0.9983340507536644 0.0010372191355136522
0.13369296918184367 1.0009057339351226 0.0010311784159500413
0.13408732404354817 1.0012475110252712 0.0010388363065448132
0.13508183652387337 0.9995006212962562 0.0010298831969529315
0.13547624354100696 0.9983085355684894 0.0010374649629501804
0.13647070433156436 1.0007715526577121 0.0010319827585724601
0.13686516303801033 1.0011156922831668 0.0010375979955196395
0.13785957213971348 1.0004684188092146 0.0010314608443974438
0.13825408253433125 1.0006961067039593 0.001037070611095339
0.13924843948174317 0.9997286836697243 0.0010300305163833722
0.13964300203065216 1.0006269224807667 0.0010365456699491145
0.1406373072903396 0.998839500983117 0.0010312371448016765
0.14103192152765553 0.9993651617244682 0.00103724711648292
0.14202617509894144 0.9994772613070035 0.0010317350000760377
0.14242084055899762 1.0027717539656837 0.0010395369088121952
0.14341504244142925 1.0005630698657992 0.0010317371238062253
0.143809760056001 1.0001498410665755 0.001037077479263446
0.14480391024912023 1.0006872349762457 0.0010322171555001587
0.14519867955300436 0.9990129623465062 0.0010374489493265207
0.14619277759205537 0.999260791582179 0.0010313610722135116
0.14658759905000773 0.9990780676070429 0.0010375432496823158
0.1475816454006572 1.0019616675031233 0.0010313310488200063
0.14797651808134982 0.998281705025555 0.0010360190830383197
0.14897051274359777 0.9985805880213481 0.0010303829529483151
0.1493654375774437 1.0014183406793569 0.0010365585059563971
0.15035938055219958 1.0008735445945114 0.0010318298585746753
0.15075435707353757 1.001366545266034 0.0010377471749338256
0.15174824789422928 1.0017429206253408 0.0010319431009176623
0.15214327657054094 1.00024485519712 0.0010367893281722845
0.15313711570237298 1.000877721586825 0.0010310837638805022
0.15353219560279252 0.9997158186451027 0.0010371509104749152
0.15452598304440268 0.9987651216794075 0.001030126007207751
0.1549211150997959 1.001575492467239 0.001037371523893188
0.15591485085300452 1.0005319557761743 0.0010317042886984677
0.15631003459588977 1.002070970378243 0.0010372525104545716
0.15730371819593966 1.0009218556824715 0.0010317262133550393
0.15769895409243906 1.0012683567564693 0.0010381724978101867
0.1586925860045415 1.0000421723352895 0.0010311591200677995
0.15908787312287165 0.999791628374574 0.001036794308681132
0.16008145334748203 0.9996568104554034 0.0010317686647416265
0.16047679262078451 0.9996518182240149 0.0010365930645722164
0.161470321155173 0.998482652617085 0.0010312154338425093
0.16186571211824197 1.0012234979669115 0.0010373935999484685
0.16285918849765543 1.0017487631829063 0.0010318231127874316
0.16325463161433584 0.9989412297456819 0.0010364601839063178
0.16424805630625727 1.0004134118626704 0.0010334136055343177
0.16464355064522385 1.0007015048742804 0.0010373330630592725
0.16563692364919783 0.9990543898656942 0.0010305948237224886
0.16603247014131772 0.9990009906556605 0.0010372939551262718
0.16702579099122752 0.999887077469178 0.0010300212154175288
0.1674213896392306 1.0013162155363562 0.0010375912152208195
0.16841465879914486 0.9991507683841181 0.0010328939697871193
0.16881030867102675 1.0003618720529726 0.0010370178965748902
0.16980352614140093 0.9999767739542584 0.0010313316101028286
0.17019922816757604 0.9998321252534388 0.0010370977737144142
0.17119239394909191 0.9980996555647581 0.0010319083006904378
0.17158814766366992 0.9987626730303076 0.0010362527570677332
0.1725812612929433 0.9982487479012561 0.0010321556014247517
0.172977066695012 0.9995625111330628 0.0010371241206787504
0.17397012863633657 1.0007890039124903 0.0010313158530898194
0.17436598619201538 1.0007243550883234 0.0010373755539471985
0.175358995978819 1.002477493444062 0.0010325661066102536
0.17575490568901875 0.9994921533155392 0.0010365232113922628
0.17674786378650997 0.9999076118346731 0.0010299742536481564
0.17714382472036083 1.0006009958996684 0.0010371556738038741
0.17813673112876602 1.0006925199225085 0.0010297804725851944
0.1785327442164547 1.001707454920593 0.0010375560985563955
0.17952559847102748 0.9985603641002497 0.0010303147638779581
0.1799216632477968 1.0005009807534924 0.0010364754429430256
0.1809144662796239 1.0005262634254473 0.0010313269406459406
0.18131058274480016 1.0010062194110618 0.0010400072547416682
0.18230333362256446 0.9988419059005285 0.0010295288667769454
0.18269950224112108 0.9993219168991885 0.0010372240690158874
0.18369220096459415 1.0003332324637322 0.0010326300878535795
0.18408842127223612 1.0000767897915026 0.0010377280074629885
0.18508106830707657 0.998501585648918 0.0010305488742262977
0.1854773407692395 1.0005441538336217 0.001038418504444712
0.18646993611567841 1.001045082973329 0.001030708236844015
0.18686625980058158 0.9995613546501289 0.0010383490395996908
0.18785880345907166 0.9984630131584664 0.0010308795955132869
0.18825517929758495 0.9992060947230372 0.001037709546450346
0.1892476708020122 0.9992118349814573 0.0010297680202730035
0.1896440987941329 0.9994349012672925 0.0010353027464017706
0.1906365381440419 1.0002100407587984 0.001030838538255207
0.1910330178245655 1.00696857645747 0.0010400113503970453
0.19202540548652433 0.9996945737358875 0.0010311519905805764
0.19242193732156887 0.9998591654666396 0.0010365225355603801
0.19341427282855403 1.0003020593165526 0.0010328644902665859
0.19381085635382045 1.0003134267366274 0.0010372007018113558
0.19480314063670315 0.9993364839783007 0.00103062955920735
0.19519977585059678 1.0015494570135137 0.001036729160719098
0.19619200797964367 0.9983903521853082 0.0010324609704432874
0.1965886948812564 1.0005853605602997 0.0010368322986196118
0.19758087532257881 1.0005583676622296 0.0010304448952282459
0.19797761437735029 1.0023793696689753 0.0010389682679631943
0.1989697426646085 1.0000421887627113 0.001031750671016226
0.19936653340960186 1.0015094815540726 0.0010371623256350663
0.20035861000754907 1.0052747136658007 0.0010324362400976768
0.20075545290706065 1.0001634358677765 0.0010359333891172859
0.20174747735048962 1.0017988482648132 0.0010316005957330052
0.20214437193794732 1.0003864044430313 0.0010383380255715687
0.20313634469251932 0.9999892430574648 0.001031829136315207
0.2035332914340412 0.9984785710650244 0.0010375201213461067
0.20452521203545984 0.9999631268196184 0.0010324038230227841
0.2049222104649292 0.9990580038041698 0.0010374786878962245
0.20591407937839498 1.0018763692137749 0.0010319991187418814
0.20631112996170486 0.9994905867721686 0.0010367547619025788
0.2073029467208828 0.9994453467630391 0.0010301522972135477
0.20770004899372874 1.0010847400251681 0.0010371442481530218
0.2086918140629125 1.0017478017407173 0.0010311553559435847
0.2090889684907321 0.9993616336533162 0.0010367876220803301
0.21008068140516856 1.0019096425131382 0.00103257921225969
0.2104778875211647 1.001577717986848 0.0010376797878639751
0.21146954874787735 1.0013747447180041 0.0010318197477232282
0.211866807017714 1.0001515264412288 0.0010383966774379408
0.2128584160908179 1.0006313762579635 0.0010311964370189617
0.21325572604905607 0.9998256879035511 0.0010360341022386612
0.21424728343375843 0.9993066617322517 0.0010303485781198328
0.21464464554605944 0.9983022557242303 0.0010365772292364312
0.21563615077669898 0.9979269117408979 0.0010302357502685897
0.21603356457740153 0.9995653693086733 0.0010364343770061797
0.2170250181191814 1.000191301381911 0.001031464280092091
0.2174224840744049 1.0000869158913395 0.0010369933206999895
0.2184138854612111 0.9985829877064335 0.001032305435242475
0.21881140310551928 1.0002842765432622 0.0010367726591290715
0.21980275280415165 0.9999617259713818 0.0010306505788687007
0.22020032213663365 0.9995489798523934 0.0010364641862940108
0.22119162014709218 0.9987482356248358 0.001031961094634158
0.22158924163318294 0.9996695223962216 0.0010363950729505912
0.22258048748934825 1.0010430802447887 0.0010304832739164965
0.22297816066452503 0.9994856505043376 0.001037128940168822
0.2239693548316043 1.000263168502009 0.001030935659499667
0.2243670801615284 1.0022144354082918 0.001038239639338897
0.225358222173634 1.001510945508579 0.0010318192023011264
0.22575599919287048 1.0015945451415391 0.0010356226007345625
0.22674708905091326 0.9997276892075826 0.0010318108437178252
0.22714491822421257 0.9997330625978106 0.001037520460525799
0.22813595639475925 0.9999210148043259 0.00103115481749988
0.22853383772030644 1.000317727862085 0.001037546252569602
0.22952482373769978 0.9994259650992237 0.0010296256490045068
0.22992275675096607 0.9996552033190714 0.001037325010316019
0.23091369107972948 1.0000219151159309 0.0010303385659150702
0.23131167578208112 0.9994451307779151 0.001036256711277675
0.23230255842198555 0.9997738556599585 0.001030496522531955
0.23270059527999398 0.9993746406017349 0.0010364435879430757
0.2336914257642416 1.0004042097446062 0.0010309601999450905
0.23408951431133607 0.9998045971569559 0.0010371476767086945
0.23508029264061 0.9993253240627282 0.0010302347674307796
0.23547843334176866 1.0006269782655086 0.0010376806786220538
0.23646915998355056 1.0001750556272244 0.0010306904076578425
0.2368673528383166 0.9982947147541447 0.001037373836021385
0.2378580273264911 1.0007978925211403 0.0010313283135954183
0.2382562718687492 1.000733718408613 0.0010367928614064517
0.23924689466897353 0.9999241977832897 0.0010316167074739327
0.23964519090100078 0.9998045388285327 0.0010369269343101042
0.24063576154625277 0.9988270137715382 0.00103000055977296
0.24103411039845957 0.9992093080611832 0.0010373385119456706
0.24202462888919332 1.0005064270296495 0.0010308044250143648
0.24242302942889216 0.9993764164062059 0.0010364942231099634
0.24341349623212846 1.0005253910660061 0.0010298423453558613
0.24381194845977883 1.0011858675136527 0.001037998489103553
