-0.20191633868489925 1.000638967441948 0.002661768834613034
-0.20182529953858883 1.0001147485479207 0.002665634352409439
-0.20175428762591158 1.000418456726583 0.002911077919510919
-0.2016353816520226 1.0039012670257554 0.00267378753357061
-0.20161255659581911 0.9966409273536823 0.002662845022816421
-0.2005274871737607 1.0033587481627009 0.0026662286965724864
-0.2004364396455471 1.001230410711561 0.0026696945355776905
-0.2003654207481769 0.9981148133082539 0.0029122707136169912
-0.20024650453292486 1.0030387759119206 0.002670489386182063
-0.20022367016349563 0.9968969516405604 0.002662840172271884
-0.1991386361285125 0.9993822496968392 0.0026627070100432937
-0.1990475792868468 0.995930990049566 0.0026649741265500704
-0.19897655386953678 0.9988117801989566 0.0029085353216300788
-0.19885762694771175 0.9978727388004638 0.002666094408075191
-0.19883478419683343 1.000472668134808 0.0026663093074060155
-0.19774978508280885 0.9996484642662081 0.002659764985326687
-0.19765871939403143 0.996476417351826 0.0026639610725035594
-0.19758768745655525 0.9991354665686807 0.0029111365418388446
-0.19746874936227027 1.0017615896837337 0.002674505538888089
-0.1974458977640552 1.000278666407372 0.002667784037211135
-0.19636093403756064 0.9978699799570948 0.002659527108463859
-0.19626985903510205 0.9991187457700006 0.0026677492222709123
-0.19619882057836785 1.000640796978272 0.0029104074022128666
-0.19607987177773828 0.9989178514003997 0.002667877980868596
-0.19605701179671087 0.997849553275326 0.0026620866360375765
-0.194972082991857 0.9991911362630614 0.0026644050015643904
-0.19488099867571995 1.00621044992388 0.002671601319955584
-0.19480995416629715 1.0011911526606891 0.002907295560709697
-0.19469099465864054 1.0045177734912376 0.0026704001332812696
-0.19466812583027604 0.9989814172351491 0.0026628498118527358
-0.19358323194660612 0.9984078230180614 0.0026580002882989726
-0.19349213878199642 0.9965162354289667 0.002665333231360517
-0.19342108728810975 0.9982439760561055 0.0029102997996595407
-0.193302117072972 1.0003053951471887 0.0026700043801349705
-0.19327923939795255 1.002908018335722 0.0026651970817706747
-0.1921943809009025 0.9987874871531377 0.002658757708861439
-0.19210327842352248 1.0016084008721668 0.0026674681619690828
-0.19203222040946694 0.9986620249338676 0.0029074351288588965
-0.1919132394884407 0.9981842589590789 0.002667049367328011
-0.19189035343038086 0.9968288523353321 0.0026621310326496866
-0.1908055298547461 1.0011372236812546 0.0026636219246028558
-0.1907144185302544 1.0019779777820608 0.0026691416624847167
-0.19064335399648538 0.9976598449419151 0.0029065262637496337
-0.19052436236957065 1.0010122437152036 0.0026719029142032898
-0.19050146746394603 1.0036480668806307 0.0026690679315950244
-0.18941667880858706 0.9992928306240055 0.002661527913695573
-0.18932555817177774 1.0017949751793855 0.0026682949224597096
-0.18925448711875342 1.0000322074234413 0.0029087208144827955
-0.18913548478390213 0.99929877923976 0.002667616772262521
-0.1891125810318499 0.997692379516867 0.002663885205736228
-0.18802782776333885 1.0039995280806873 0.002662936227364034
-0.18793669827805692 1.0029148579707126 0.002668614606252507
-0.18786562070668272 1.0009357570123918 0.0029075711591821218
-0.1877466071986877 1.0001928778424418 0.0026704841214450084
-0.18772369506427822 0.9980423549665306 0.002664535656536041
-0.1866389767176352 1.002072557735537 0.0026620103074151114
-0.1865478379186721 0.9994506161114136 0.0026674125678606366
-0.18647675382849532 1.0059749329609657 0.002907800583391118
-0.18635773007958994 0.9971984278538923 0.0026669002938896507
-0.18633480909716127 1.0029922699692462 0.0026679965414828553
-0.18525012567238433 0.995663845228307 0.0026598809644674737
-0.18515897802631218 1.0044176186796432 0.002667890186086339
-0.18496885249483092 0.9970106003106789 0.0026658831466900594
-0.18494592266483778 0.9957529937244519 0.0026653334819622797
-0.1838612746266807 0.9965779582218242 0.0026589079545058115
-0.18377011766829363 0.9975736078900467 0.0026642036090195865
-0.1836990205377818 0.997244557374442 0.0029041086988709245
-0.1835799749096178 1.0008826174848744 0.0026694793023872092
-0.18355703669817558 1.0021550579497072 0.0026685359875892145
-0.18247242358143248 0.995742970835546 0.0026591297650912418
-0.18238125777502553 0.9991063171153489 0.0026668310267907356
-0.182310153659139 0.9969224326562168 0.0029059047598346145
-0.18219109778961057 1.0007224268192914 0.0026703350155886135
-0.18216815073105863 0.9992908381649821 0.002666915868800059
-0.18108357253618426 1.0009334080790107 0.0026621152058236854
-0.1809923974165516 1.001775437550931 0.0026674969799511897
-0.18092128724661288 1.0016849934410172 0.0029063047886838307
-0.18080222020485154 0.9988112941028153 0.0026692766159929593
-0.18077926429782565 1.0005115896612684 0.002668439524633054
-0.17969472149048063 0.9979476053510391 0.0026648045902623184
-0.17960353752282807 0.9970318490669083 0.0026625817276113586
-0.1795324203688809 0.996853054703542 0.00290129525307217
-0.17941334262031955 1.0043887993842895 0.002672320099038227
-0.17939037833116345 1.0019027490186159 0.0026648921597672067
-0.1783058704452324 1.0018054270940768 0.0026650798101544764
-0.17821467716344327 1.0007615210490874 0.0026654476755617203
-0.17814355395635478 0.9985496695670889 0.002903904235703958
-0.17802446550053935 1.0011497989001068 0.002670120622626163
-0.17800149236472862 0.998379004617738 0.0026633277883085418
-0.17691701939952878 1.0016992276551862 0.0026638479261801686
-0.1768258172706306 1.0036482064476708 0.002669443859971287
-0.17675468707771197 1.0015966414276223 0.0029037119351795196
-0.17663558791532624 1.0020746349242449 0.0026706524612673628
-0.176612605931723 0.9994171730080363 0.0026642566978212347
-0.17552816835336973 1.0090059107596927 0.002672046120200987
-0.17543695691170122 0.9958158057111373 0.002660691203388598
-0.17536582066564127 0.9994012029985664 0.0029007911466688175
-0.1752467107962285 1.0001880181466758 0.00267244689599051
-0.17522371996460606 1.0011687925018162 0.00266724436757893
-0.1741393173072107 0.9976945758017094 0.00265984087502992
-0.17404809701888857 1.0080561080527084 0.002672103569258606
-0.173976953788362 1.0086856670075337 0.002903592207049683
-0.17385783321146947 0.9975620241830346 0.0026667193031078926
-0.17383483399794386 1.0013419372295402 0.0026689818162920326
-0.17275046626196247 0.9983361989173772 0.0026630362074551864
-0.17265923665950375 0.9978194508918502 0.0026655744000879497
-0.1725880869101746 0.9988514937381534 0.002903776914797466
-0.17246895562625503 0.9981755963721549 0.0026685427408898
-0.17244594803128166 0.9998592286683794 0.0026647494078255044
-0.17136161521625884 1.001660933738175 0.00266426584284647
-0.17127037676578025 0.9979500726090536 0.0026656547582856603
-0.17119922049810393 1.0012395629757695 0.002902815303655354
-0.17108007850715728 0.9963724685819582 0.002665627864274537
-0.17105706159850342 1.0004656630654993 0.0026630106558239025
-0.16997276417101062 1.006596757283061 0.002667958493551269
-0.16988151687251216 1.002687044144041 0.002668203819374833
-0.16981035362037195 1.000388495870308 0.0028991353823568126
-0.16969120092239826 1.0064727148392871 0.002674503672994368
-0.16966817563184122 0.9998564835150177 0.0026643583278209504
-0.16858391359096828 0.9994614840199968 0.002661425360220389
-0.1684926565140382 0.9987766268482166 0.002663660952957743
-0.16842148720739042 0.9985680394174403 0.002897027789872129
-0.16830232380239102 0.9974565183365992 0.0026683950406256266
-0.16827928966517902 1.001296509617953 0.0026663822470028857
-0.1671950625457174 1.0030273936190484 0.0026629660117426573
-0.1671037966207701 1.002860098814478 0.0026703589163292675
-0.16703262032874758 1.0015471444319914 0.0028976273544396736
-0.1669134462171779 1.0026841015583474 0.002672143010433968
-0.16689040369760733 0.9994129850004507 0.0026648287693532436
-0.16580621150001376 0.9982276944593836 0.002659591066726196
-0.16571493626229616 1.0044910301112375 0.0026680367669827667
-0.16564375391622146 1.0023093740644482 0.0029020197686182997
-0.16552456909808017 1.0026614345673714 0.0026703916877997037
-0.1655015172648291 1.00175928289095 0.0026681128051874075
-0.16441736045476554 0.9989473257978423 0.002660807542105777
-0.16432607636902807 1.0022328061842496 0.002665011070214282
-0.1642548870384895 1.001812857890941 0.0029005452770635935
-0.16413569151332114 1.001399363923319 0.0026706033346005444
-0.1641126312981669 1.0018524762428913 0.0026692494403655455
-0.16302850940951732 1.001000227221519 0.002663439263408094
-0.1629372164762127 0.9994548027676381 0.002668031178492825
-0.1628660206259634 0.9976585300341843 0.0028972528745967296
-0.16274681439376798 1.0008831874873276 0.00266938551694879
-0.1627237453315047 0.9976452123048763 0.0026633859608066186
-0.1616396583638137 0.9993664459032332 0.002662311384797417
-0.16154835611751237 0.9929982032756218 0.0026605122897707207
-0.16147715374732055 1.0052201273990191 0.0028944428667254303
-0.16135793680832716 1.0055208228505506 0.002672454209190206
-0.16133485936438774 1.0035766832455875 0.002671753111093339
-0.16025080731765465 0.9997833892028032 0.0026618212864168715
-0.16015949622447065 0.9937223471913909 0.0026612661816797878
-0.16008828733433902 0.9995008142553757 0.002895823843650922
-0.15996905968945713 0.9959356998300414 0.0026689131593804188
-0.15994597293138213 0.9973222564979107 0.0026647909346758734
-0.1588619567371569 0.9978519600596516 0.0026659925070911636
-0.15877063586599668 1.0026294998713077 0.0026706657269240258
-0.15869942045660704 1.0022040106063947 0.002900706451708697
-0.1585801821046981 1.0008907491723387 0.002671074786552051
-0.1585570869649473 1.0007881193801986 0.0026651648431680543
-0.15747310569190867 0.9991481218850156 0.00266078228197118
-0.15738177597227318 1.0003045531591992 0.002666542853719169
-0.15731055404408092 0.9993013708874361 0.0028957608781442932
-0.15719130498469086 1.0057141049621077 0.0026743320186560973
-0.1571682009982851 0.9978949020594162 0.002665200761718085
-0.15608425464620504 0.9986883674085915 0.002660495335100991
-0.15599291607854968 1.0025564013274535 0.0026701614418701107
-0.15592168716634897 0.9966280744601403 0.002895882596575286
-0.15580242739947642 0.9971026189457844 0.002671432040477519
-0.1557793150307134 1.0008180734079457 0.0026665852164911167
-0.15469540360095682 0.9989824447454219 0.0026612128166440337
-0.1546040557196203 1.0002389087108108 0.0026649700412144364
-0.15453282075382285 0.999519627237893 0.002894551529237317
-0.15441355028037868 0.9995259189661596 0.0026678989066058574
-0.15439042906427858 0.9998243403952067 0.0026669377611671275
-0.15330655255479778 1.0004749423828674 0.0026626189380536034
-0.15321519582680762 0.9995802147876155 0.002667301882655273
-0.15314395387518 0.9987866381952724 0.0028926649112368027
-0.15302467269561965 1.0036254735932648 0.002673296688915532
-0.15300154263218246 1.0010817892966453 0.002667927387156122
-0.15191770197475543 1.0007964329522436 0.002660754388420601
-0.15182633546787824 0.9956351437451234 0.002663755972955698
-0.15175508746219848 1.0024553373755687 0.0028955738604936852
-0.15163579557606782 1.0003724112095238 0.0026712891943255533
-0.15161265666461077 1.0023872342330842 0.0026675238806036354
-0.15052885092996263 0.9941958262024646 0.002658578593677937
-0.15043747557506557 0.999363525591108 0.002662184015310812
-0.1503662205844665 1.0024070721945741 0.002898995724562125
-0.1502469179913088 0.9974683257297582 0.0026663922851060226
-0.15022377069749382 1.003319549309084 0.002667111544456693
-0.14913999988471174 1.000112441028016 0.002663242128651594
-0.14904861568134206 0.9994425660544615 0.002666327594438447
-0.14897735417216676 0.9991129990863443 0.0028939471631593905
-0.14885804087221105 0.9953529852456431 0.002665157249981997
-0.14883488473083162 0.995413382517588 0.0026606364645346426
-0.1477511488390081 1.001224147813496 0.0026626863945803498
-0.14765975532195727 1.0019403605976918 0.0026669985883366783
-0.1475884877598697 1.004352093745256 0.002897538314553762
-0.1474691632869966 1.001601977259464 0.002668327210924898
-0.14744599876416942 1.003874969953744 0.0026699033930274113
-0.14636229825942118 1.000980381412445 0.002664272154431038
-0.14627089542868918 0.9984095879806066 0.002662330488401745
-0.14619962088213773 0.9988284942537905 0.0028908276959687396
-0.14608028616698937 0.9988402391036703 0.0026683719707279235
-0.14605711279705247 0.9982028976742198 0.002662194298027664
-0.14497344721326214 0.9983304069292104 0.002662739282901139
-0.1448820355358765 0.9998265403931612 0.0026655164246987637
-0.1448107544696116 0.9963132844772569 0.0028918300515703693
-0.14469140904789163 0.9952401277945361 0.002662499498518897
-0.14466822682948077 1.001213925825644 0.0026661551487264495
-0.14358459616710575 1.0037627890692686 0.002662619081055482
-0.14349317517785798 1.0025153597340069 0.0026647735034384733
-0.1433025314633603 0.9991549178656162 0.0026686284500983684
-0.14327934039715728 1.0013708254204894 0.002665109339891127
-0.14219574558751616 1.0014606049437087 0.002664643009794428
-0.1421043152845899 1.0009333817971588 0.0026674032890140953
-0.14203302117935082 0.9975513568669581 0.002890196419249994
-0.14191365434358078 0.9966783976421288 0.002665839399106254
-0.14189045443072246 0.9970218068669344 0.0026635057406605776
-0.14080689454181253 1.0023523088150468 0.0026625965732753843
-0.14071545539109273 1.0016236781416885 0.0026644264423000383
-0.14064415430161883 0.9997888521949264 0.002887629361944845
-0.14052477675836633 0.9944240369814766 0.0026638871610634315
-0.14050156846337813 1.0021265678109876 0.0026667385029674564
-0.1394180434965643 1.0015352440790293 0.002663185717461838
-0.1393265954980537 1.001286161132795 0.0026656657955165986
-0.13925528788909272 0.999206448210549 0.002889812946238715
-0.1391358996392686 1.0000202239633922 0.0026671463314267324
-0.1391126824962612 0.9972338072287981 0.002662245056719335
-0.13802919291606655 0.999109920102464 0.0026634806800278315
-0.13793773513957705 1.0006081463949512 0.0026672049196801335
-0.1378664210104499 1.0039432376051105 0.0028907772810766097
-0.13774702252017085 1.000759261670971 0.00266633511857565
-0.13772379652959899 1.0004559016100267 0.0026660456634457876
-0.13664034187036292 1.0016913091082695 0.0026653536824804485
-0.13654887524630896 1.0014949936407165 0.0026674187544063134
-0.13647755459747107 1.002005771340636 0.0028897829184989696
-0.13635814493495774 0.9958755788892784 0.002666562106150209
-0.13633491056293678 0.9982531938460132 0.00266407816119646
-0.13525149082557011 1.002166299680945 0.0026647544675240864
-0.13516001535349628 1.0004665385037375 0.002664282326604382
-0.13508868818539768 1.0016812024228778 0.0028888208260336528
-0.13496926781586 0.9953837972147309 0.002664818416256742
-0.13494602459581984 0.999457083200928 0.002667250855361845
-0.13386264024598318 0.9996544756891905 0.002662226905820864
-0.1337711549941115 1.0012350126289 0.0026650590655329506
-0.13369982130721028 0.9984858474862248 0.002885674925790605
-0.13358039069676225 1.0037992584993816 0.0026706433184553948
-0.13355713862915763 1.0012801185633622 0.0026652317377579733
-0.13247378920027955 1.0018460573930907 0.0026629375569151405
-0.13238229510039068 0.995536905812237 0.002662587104262417
-0.13231095489513958 1.0023091352936477 0.002886714459613685
-0.13219151311132077 1.0029381962167143 0.002669670346054221
-0.13216825219683415 0.9984175721286959 0.002666234575837656
-0.13108493815502867 0.9988292487254532 0.0026625447327775103
-0.1309934352071226 1.001543986071985 0.002664413014649353
-0.13092208801649677 0.9993103304356121 0.0028844110724549543
-0.13080263599154057 0.9980899402765521 0.002665972225992491
-0.13077936622948982 1.000682918117689 0.002665900461722773
-0.12969608757453358 1.002776359485375 0.0026645356680639574
-0.12960457531430722 0.9978356520702626 0.0026601985191595508
-0.12953322160351793 0.9997110074386817 0.0028866619539921696
-0.12941375887244283 0.9985602469702661 0.002668161236872068
-0.1293904802621455 0.9979063938386903 0.002667740129691669
-0.12830723652837453 0.9973523654940929 0.002658571872289688
-0.12821571495537784 1.0019387515737375 0.0026658108987664473
-0.12814435519144454 0.9970186587816102 0.002883798605463992
-0.1280248812876838 1.0017739824420246 0.0026708521105015537
-0.1280015942954833 1.0078650987781996 0.002670036868934089
-0.12691838594833219 0.9947212985459081 0.002655243989649241
-0.12682685506165703 0.9974414990664107 0.0026625869601421713
-0.12675548831325714 0.9973261710067672 0.002882475014571405
-0.12663600416813198 1.0002973550258518 0.002670652500156762
-0.1266127083288211 0.9965253950346663 0.002664892899409323
-0.12552953490308397 1.0060305947305277 0.0026643354520254296
-0.1254379951679335 1.0022638581635948 0.002665500252684303
-0.12536662190118644 0.9991053987530791 0.0028833202108009643
-0.12524712704835178 0.9987183984019148 0.002667923934206663
-0.12522382236170415 0.9952652794741115 0.0026584849421868837
-0.12414068385760671 0.9971561254606394 0.0026615254292550925
-0.12404913527557357 0.9962119936025629 0.0026627975205220696
-0.12397775502299906 0.9932385172063642 0.0028815765996629363
-0.12385824992948107 0.9969900974929431 0.002667537255590475
-0.12383493639435983 1.0001545277279056 0.002664399081265394
-0.122751833277338 0.9956738781996882 0.0026580436860108502
-0.12266027491778139 1.000325557090192 0.002664680218119673
-0.12258888861001752 0.9988419133987311 0.002885334294589926
-0.12246937234472204 1.0003819591197542 0.002668817087834966
-0.122446050427925 1.0031037189269474 0.002667497712851058
-0.12136298223163437 0.998581250181639 0.002661281150277187
-0.12127141502474235 0.9986578348903185 0.0026633183629652104
-0.12120002219703868 0.9989646837074745 0.0028856233491188366
-0.1210804952247148 1.0032233344931754 0.0026714948053368722
-0.1210571644612628 1.002429625213436 0.0026697169408948338
-0.11997413165250018 1.0019985268621354 0.002666739197113064
-0.119882555131927 1.0000834150142612 0.0026614682176870717
-0.119811155319304 0.9993287182214252 0.0028807726283364373
-0.11969161810516299 1.0001023814302519 0.0026698059654873155
-0.1196682784936911 1.0028025519865535 0.0026660129825316083
-0.11858528060725196 1.000233574924368 0.0026613930256326147
-0.11849369523820617 0.9993229670677587 0.002661578494753964
-0.11842228890677789 1.0032369462928747 0.0028839797694880744
-0.11830274052040396 1.0023279321187453 0.002676200841913971
-0.11827939252725628 1.0030842795548418 0.002667094574642863
-0.11719643002720961 0.9967917336668454 0.0026573808606545173
-0.11710483534448267 1.0020975617841652 0.0026692580468444336
-0.11703342202950134 0.9984124624144665 0.0028806014893314256
-0.11691386340130622 1.0020543836207758 0.002669540774440516
-0.11689050656082145 0.9958504166784715 0.002662451392670087
-0.11580757898196141 0.9987572368456317 0.0026637843949309176
-0.11571597498555329 1.0033767598905199 0.0026676045861717705
-0.11564455561743064 1.0006109807591435 0.0028870288364557296
-0.11552498628175305 0.9967684504635549 0.0026650346920383348
-0.11550162059324975 0.9970214120973142 0.0026658537776207128
-0.11441872840146364 0.9986462674920643 0.0026630977804027894
-0.11432711509274061 0.9972214623638783 0.0026616428836387647
-0.11425568920444912 1.0005242941953927 0.002883281355728813
-0.1141361091626553 1.0020588122108738 0.002670383097433361
-0.1141127346261328 0.998941168236047 0.00266088023142646
-0.11302987735530459 1.0052765822212604 0.0026655206543745734
-0.11293825519947252 1.0023869168765767 0.0026666243820750737
-0.11286682232626172 1.003386666434578 0.002883938575568527
-0.11274723204355756 1.004709502893098 0.0026710558532282297
-0.11272384865878848 1.0032423856787946 0.0026664833371384754
-0.11164102677526225 0.9984138969570836 0.0026604231819969113
-0.11154939530574902 1.002958373322161 0.002666857963783105
-0.11147795591419102 1.0042028646243624 0.0028803086817186505
-0.11135835445834447 1.0040128816974934 0.0026726232668053814
-0.11133496269144416 1.0000496365993858 0.0026621755364412986
-0.11025217573001403 1.0012914833332898 0.0026650658709209936
-0.1101605354120255 0.9983101523575649 0.0026653401024074024
-0.11008908950189127 0.998638568851464 0.0028774769452641967
-0.10996947733833723 1.0005940765254333 0.0026698770815127048
-0.10994607672432721 0.9986801894870808 0.0026645451353204527
-0.10886332514997168 0.9994245309438801 0.0026624761733803335
-0.10877167551921284 1.0019767910092616 0.0026650869745415123
-0.10870022262393023 1.0004737125875396 0.002878290061930753
-0.10858060021946653 1.0037820077193815 0.002669492516143698
-0.10855719075675552 0.9983428861585882 0.002662519348443715
-0.10747447410381264 1.0027380110020752 0.0026659747467324933
-0.10738281516028346 1.0012735534502233 0.002665206722151489
-0.10731135621095139 0.9995518071904218 0.0028766685983892004
-0.10719172310059581 1.0018596268145203 0.002669581229185998
-0.10716830479009332 0.9982001436885586 0.0026670901256935662
-0.10608562352331487 0.996286928355824 0.002658107782893592
-0.10599395526747078 0.9955776793807714 0.00266235704479699
-0.10592248979796987 1.0042580915123687 0.002879131962926779
-0.10580284598058858 0.9991714345327972 0.0026677764430341404
-0.10577941882365849 1.0036322609809925 0.002668684902698921
-0.10469677294440974 1.0028398180153033 0.0026641246385155515
-0.10460509537420269 1.0009320945788034 0.002667769487880386
-0.10453362292023788 0.9985062703860415 0.0028764472349699865
-0.10441396886103677 0.9979813527663158 0.002665580325429824
-0.10439053285631417 0.9992707520264096 0.0026646424106614697
-0.10330792189984331 0.9949623166969923 0.002659571294875271
-0.10321623548138734 0.9995693695153561 0.0026644420511502927
-0.10314475650771177 1.0053730491374355 0.002877490477551319
-0.10302509127627774 1.0002315011627265 0.0026681758245364383
-0.10300164688919722 0.9997247070266241 0.0026635904392761783
-0.10191907131980096 0.9987632104302984 0.0026620558645411643
-0.1018273755883483 1.0027611934336609 0.0026638458865467507
-0.10175589009563837 0.9993720099543814 0.0028714681483103157
-0.10163621415718 1.005099905340745 0.002673675298096105
-0.10161276092253502 0.9996565149333881 0.002664328484091262
-0.10053022027455275 1.004896719648147 0.002667365676230741
-0.10043851569530657 1.0027405495813042 0.0026665540011022292
-0.10036702321745097 0.9967145487520149 0.002870582945350838
-0.10024733703808225 0.9992733316969027 0.002669858734494531
-0.10022387495587282 0.9981563904122542 0.002662472948520917
-0.09914136969405499 0.9978550323526167 0.0026593605120867527
-0.0990496558024939 0.9995073739202454 0.0026633358967466944
-0.09897815680447214 0.9967288469648959 0.0028758042268729367
-0.098858459919894 0.9993690927776099 0.0026676523491926487
-0.09883498898875587 1.000055579206141 0.0026648360928895154
-0.09775251911355722 1.002242213368743 0.0026678646691219304
-0.09766079544356453 0.9946730728186075 0.0026615870212526216
-0.09758929039149061 0.9948065775563045 0.0028693996959646196
-0.09746958280079626 0.9973020770373145 0.0026683565354986565
-0.09744610302209367 0.9992295223609892 0.0026631406012349776
-0.09636366806785358 1.0015226700443947 0.002667625600844694
-0.09627193554984101 1.0031953891199141 0.0026645850844788676
-0.09620042397941991 0.9989828600050374 0.0028720170366330127
-0.09608070568101607 1.004254568114737 0.002673381176092795
-0.09605721705543147 1.00307780593923 0.002665052459010687
-0.09497481748826667 1.0024610197559471 0.0026644474392176253
-0.0948830756561175 1.0002706034026634 0.0026648402626146704
-0.09481155710123251 1.0032215868129857 0.0028738416834945615
-0.09469182856123586 1.0022683438142628 0.002667416411244045
-0.09466833108808714 1.002606362709627 0.002663894944339441
-0.09358596644256303 0.9988136114202113 0.002663969059464183
-0.09349421576330483 0.9993083816559993 0.0026627828825443543
-0.09342269068915912 1.0001654452760547 0.0028694740994705155
-0.09330295144213811 0.999499932606357 0.0026670870092801555
-0.09327944512074282 1.0025426454818418 0.002665685682142658
-0.09219711586206526 1.0022508155810956 0.0026645503906669787
-0.09210535587003674 0.9994472323282763 0.0026644120812495745
-0.09203382427618029 1.001011249977204 0.0028711854765688352
-0.09189055961974191 1.00106637693646 0.0026648710907098707
-0.0908082652815702 0.9948167351382573 0.0026594253707616896
-0.09071649597722407 0.9985599006739243 0.0026641256270253633
-0.09064495739753747 1.0037269269158546 0.002871555301636377
-0.09052519673782727 1.002683404936742 0.00266739086767603
-0.0905016736530797 0.9981211138418896 0.0026603645817404728
-0.08941941423677471 1.0020332129172465 0.002664017662308534
-0.08932763608395598 1.0019724681928623 0.0026645260976154157
-0.0892560909859195 0.9985459286658194 0.0028649636117888777
-0.0891363196182741 0.9992006974863141 0.002669287956591716
-0.08911278768596276 1.000787048611735 0.0026645373022992553
-0.08803056365764321 0.9959770522371388 0.002661055451136218
-0.08793877619023246 1.0003550143677982 0.0026624813069733226
-0.08786722457430424 0.9988430908693035 0.00286550602468192
-0.08774744249917636 1.0044766723110117 0.0026719460537179196
-0.08772390171861844 0.9960492458570689 0.0026610041491188655
-0.08664171307805359 0.9989256301839654 0.0026661473746420602
-0.08654991629650896 0.9992301191872554 0.002663660546216546
-0.08647835816223354 1.0020817228169263 0.002870449855372349
-0.08635856538007862 0.9968391025951221 0.0026676821764349385
-0.08633501575218361 0.9996762209451135 0.002663258844888771
-0.08525286249846667 1.0045132202752471 0.002667941572754438
-0.08516105640369628 0.999109101555388 0.0026647098446334876
-0.08508949128404614 0.9980445881341129 0.002866439270257669
-0.0849696882602991 0.9983479135965017 0.002664774238973988
-0.08494612978552141 1.0014265747712472 0.0026646900474337006
-0.08386401145230761 1.0013998172659382 0.002664067448600683
-0.08377219651133903 0.9986679485614959 0.002665732060154308
-0.08370062487106461 1.0004606431937675 0.0028667478125705415
-0.08358081114051957 1.0057304738663146 0.0026725641331670023
-0.08355724381794971 0.9994258832533298 0.002664067172135312
-0.08247516087181254 0.9978931455468653 0.002660110733855363
-0.08238333661897909 0.9980319147794597 0.002663466041721761
-0.08231175845808307 0.9969937119960718 0.0028637099580720283
-0.08219193402142183 0.9984452195109348 0.002667994258956486
-0.08216835785151488 0.9965167583965702 0.002661782073721881
-0.0810863102917702 1.0015613285269724 0.0026659415282138965
-0.08099447672525559 1.0040087725134272 0.002670025991757467
-0.0809228915803511 0.9989608161112296 0.0028599556229180123
-0.08080305690232409 0.99898801918539 0.0026662856473374554
-0.08077947235074134 0.9978596725228165 0.002661572216271415
-0.07969745971218058 1.0019649544592908 0.0026649704163534734
-0.07960561683153476 0.9983674380891806 0.002661486514239773
-0.07953402516782498 0.9993750937031708 0.0028627678033640897
-0.07941417978277092 0.9964860969612883 0.0026653211777637542
-0.07939058638316965 1.0003105395332887 0.0026625755605298065
-0.07830860866647694 1.0022993631112136 0.002663235670181052
-0.07821675647305812 0.9978133192228437 0.002663673296493406
-0.07814515875575428 0.9996838873854919 0.0028609341468898153
-0.07802530266367318 0.9994437639506532 0.0026706589496721536
-0.0780017004160527 0.9972488072433937 0.0026612828714499873
-0.07691975808598188 0.9999988083497503 0.002663538468078788
-0.07682789657979003 0.997677102803209 0.0026626577985826064
-0.07675629234277276 0.9985485874618169 0.002860703339958976
-0.07663642554457543 0.9961964322219187 0.002663509307564973
-0.0766128144493905 0.9980844903923511 0.002663425343949976
-0.07553090750548411 0.9992339323918076 0.0026631152709503136
-0.07543903668697735 1.0004356059420538 0.0026649535864611026
-0.07536742546412993 0.9990186832133754 0.0028597273786191754
-0.07524754842502362 0.9991655195668506 0.002668897622035081
-0.0752239284827283 0.9997746646173123 0.002663048755679338
-0.07414205692634991 0.9986279383849178 0.0026633130643360864
-0.07405017679370926 0.9984034558465315 0.0026633106101062835
-0.07397855905160382 0.9980539637172081 0.0028553930606735503
-0.07385867130501639 0.9967041910965304 0.0026678017720924933
-0.07383504251561135 1.000243057311201 0.0026620361161838932
-0.07275320588155712 1.0026820910538095 0.0026678934936440663
-0.07266131689998576 1.001220015794331 0.0026654752330385165
-0.07258969263953313 0.9997502251072388 0.0028607759190458835
-0.07246979418614569 0.998585398896388 0.002666000751739923
-0.07244615654803965 1.0023015600427476 0.0026671581165116885
-0.0713643553019702 1.0042808763014925 0.0026658968610740576
-0.07127245700626493 0.9988398979253249 0.0026637517928376035
-0.07120082622700702 1.0001233361976725 0.002858356413190324
-0.07108091706727497 1.002712737658422 0.002670550655551416
-0.07105727104726611 1.0008428722039187 0.0026640003106641356
-0.06997550472192786 1.0046166889647332 0.0026674753998754837
-0.06988359711344957 1.0008998834235154 0.0026654919968797683
-0.06981195981493632 1.0009686793286525 0.0028561255088724305
-0.06969204041292902 1.0017856457709613 0.0026689947669838185
-0.06966838508083129 1.0017117614511892 0.0026646938404782036
-0.06858665414143009 0.998107483992362 0.002660424431604606
-0.06849473722018148 0.9974367487025914 0.0026631512532133044
-0.0684230929362935 1.0035160955479034 0.002858582703272375
-0.06830316329337721 1.000533876132264 0.002670776635597586
-0.06827949911325959 1.0027301465999503 0.0026653139826212785
-0.06719780356115869 0.9955763661283594 0.00265816250521423
-0.0671058777930301 1.000540227966425 0.0026659923380269934
-0.06703422652331197 1.0025252260453854 0.002859699504564997
-0.06691428617427947 0.9980614010983683 0.0026695502508578485
-0.06689061314614264 0.9980689538019234 0.00266486269369941
-0.0658089529813454 0.9983006597487699 0.0026608129246339382
-0.065717017899762 1.0013202859095323 0.002668245131255687
-0.06564536011124128 1.0025225618551947 0.002858623385000373
-0.06552540905518173 1.0013282875115912 0.0026666779203379557
-0.06550172717948044 0.9996214836911455 0.002662638856721347
-0.06442010240175848 0.9981185028546051 0.0026619899309927014
-0.0643281580060385 1.0015338858819904 0.002665423396171187
-0.06425649369871517 1.0003455505716836 0.002853862794409087
-0.06413653193562856 0.9988810947620425 0.002667667446054488
-0.06411284167847953 1.000020816749323 0.0026634305889879158
-0.06303125135605485 0.9969255430642685 0.0026599180568191395
-0.06293929811322582 1.0014849431981954 0.002663649510139839
-0.06286762728664447 0.9960749098068691 0.0028542711070633393
-0.06274765481653082 1.0002997326275167 0.002668155288741337
-0.06272395571136258 1.0028737187424057 0.002666583634445942
-0.061642400775557084 0.9999415953643407 0.0026636329437754068
-0.06155043822086858 1.0008663816324948 0.002665253499492052
-0.06147876040800165 1.0016403562672225 0.0028518243210698025
-0.06135877769743308 0.9977268430866528 0.002668476632204715
-0.06133506974470038 1.0003955007360477 0.002665255391923982
-0.06025355019505932 0.999975687333883 0.0026632942495275424
-0.06016157832805321 1.0009647484230413 0.0026658280385560558
-0.060089893995475534 0.9918715756705767 0.002848037801170553
-0.05996990057788126 1.0036891807399404 0.0026710759147895047
-0.059946183778038176 0.9980132857682609 0.0026625082706445546
-0.058864699615927815 0.9924667353852548 0.0026600667659749245
-0.05877271843478512 1.0000557337886848 0.0026646537080961263
-0.05870102758385757 1.00092058681139 0.0028501363859260403
-0.058581023457874026 0.9982854874274215 0.0026667774453508724
-0.05855729827635514 0.9976148665828344 0.0026605026522451905
-0.05747584903679362 1.001466550403423 0.0026636663168039918
-0.05738385854106431 1.003638047077826 0.002666903083162342
-0.05731216117178688 1.0042969003759215 0.002854735278673133
-0.057192146338776284 1.0002722176078358 0.002666529003279632
-0.05716841230901082 0.9968894929239441 0.00266102147182674
-0.056086998457206695 0.9986869910288307 0.002661585837748429
-0.05599499864734079 1.004485927047577 0.0026701808645384598
-0.055923294759260764 0.9977962434241173 0.0028503118047879267
-0.05580326968533983 1.003235431062495 0.0026699396958888926
-0.05577952634234862 1.0053895196350826 0.0026668556362201804
-0.05469814787716435 0.9968568663997172 0.0026611270282237373
-0.054606138754528126 1.0028699839953226 0.002665587902001761
-0.054534427881528784 0.9988827486700236 0.0028485202762290607
-0.054414392565786666 1.0011416412659067 0.002668625075594698
-0.054390640375686417 0.9992101399952 0.00266435766997908
-0.053309297296666586 0.9998197389006703 0.0026630841769398027
-0.053217278861260035 1.001465423262093 0.0026636231522601164
-0.05314556146854725 0.9986115879569779 0.002849593684610576
-0.05302551544623485 1.0001005918514954 0.0026679123071732067
-0.053001754874230755 1.000504017565999 0.0026641089181367716
-0.05192044671616882 0.9980858073247644 0.0026649544841162946
-0.051828418968444666 0.9984237555886135 0.0026606593240919825
-0.05175669505556572 1.0007980569663646 0.0028482666816592563
-0.05163663832713711 0.9993190571165896 0.002667217486135869
-0.05161286890711381 0.997387066845088 0.002661285319885638
-0.0505315961365819 0.9993767122105246 0.00266231694282958
-0.050439559075176575 0.9993459082571237 0.002663327928790763
-0.050367828643268664 1.0003952870281059 0.0028463810707684487
-0.050247761208039365 0.9998774705972598 0.0026682063185715396
-0.050223982940451606 0.9985881061612666 0.002662874384651565
-0.04914274555653955 0.9991991817396811 0.002665464585882368
-0.04905069918145576 1.0006991099051483 0.002664681709388278
-0.04897896223096891 1.0035939301919075 0.0028486569178275776
-0.04885888455392045 1.0023873609029887 0.0026683501777825984
-0.048835096973789405 1.0033248476492003 0.0026654270586065126
-0.04775389497695263 0.9995857208194276 0.002664905904222657
-0.047661839287732245 0.9950931987263155 0.002659757183147772
-0.04759009581889822 1.0011432104067794 0.0028462325138582387
-0.04747000743414025 1.0035699541671665 0.0026730823110139796
-0.047446211471878996 0.9978740479361696 0.0026625266744803207
-0.04636504439645486 1.00488837583306 0.0026662719600740797
-0.04627297986058087 1.001176180292552 0.0026660399803501724
-0.046201229405916686 0.9957757721427916 0.0028412949650209233
-0.04608113031504251 0.9998468501549981 0.0026670614632745182
-0.04605732550476205 1.000135982523297 0.0026650503759856133
-0.0449761938159571 1.0046225739799006 0.0026699151886309777
-0.04488411996731278 0.9996110647826207 0.002665712125041703
-0.044812362527273865 0.9934749311941098 0.0028429702808596457
-0.04469225319594477 0.9969321285119565 0.002665988555899135
-0.04466843953809985 1.0003297641881324 0.002666474152986807
-0.043587343236370174 0.9985608200442498 0.002662356903491445
-0.0434952600751792 0.9993732969481481 0.002665956006559003
-0.04342349611474775 0.9975165809543087 0.002842558378184601
-0.04330337607639295 0.99673830618665 0.0026634781370776933
-0.04327955403709893 0.9945309177210698 0.0026583851645891805
-0.04219849265723867 0.9986080249640722 0.002664591036154539
-0.04210640018214016 0.9957624193730659 0.0026606484999205362
-0.04203462970267706 0.9952464119479596 0.002839111568133197
-0.0419144994229565 0.9988014918440024 0.0026671326715995546
-0.041890668069981984 1.0007668379260177 0.002665117352703227
-0.040809642078104474 0.9996217935951218 0.002667058182693256
-0.04071754028841665 0.9968958286995576 0.0026625321401087033
-0.040645763290150946 0.9960394860884847 0.0028390978184311653
-0.040525622303858755 1.0013509552893873 0.0026685734848657786
-0.04050178210331978 0.9999417384974575 0.0026648548684036584
-0.03942079149806213 1.000766903720072 0.0026655734637468635
-0.03932868039560398 1.0014215964291129 0.0026645040689817407
-0.039256896878080254 0.997168423707913 0.0028424099023915293
-0.03913674518430559 1.0054372405424388 0.0026721417821199598
-0.03911289660231887 1.0066284352894386 0.0026712666807190036
-0.038031940917564365 1.00309346517397 0.002668310633462788
-0.03793982050233589 0.9970395308081316 0.002662106933045951
-0.03786803046509872 0.9991879572544452 0.002835915310902698
-0.037747868064298355 0.9981588623517886 0.002667516231256974
-0.03772401063520192 1.001409291791568 0.0026653618735265196
-0.03664309033706929 0.9973901824138003 0.002663350602288234
-0.03655096107518451 0.9976859822337989 0.0026634693960874626
-0.03647916405211719 1.001619816364494 0.002839791920076764
-0.03635899141108961 0.9974071566357431 0.0026646799336393925
-0.036335124667630225 0.9964719725056568 0.0026628559544485376
-0.035254239757479676 0.997858480692445 0.002663250298491742
-0.03516210118191642 0.9992095337201429 0.0026643120501410895
-0.03509029717392979 0.9980139771927602 0.0028394368944778506
-0.03497011429221958 0.9980945267407094 0.0026657979083795913
-0.034946239166856685 0.9970455689809254 0.0026583591027748757
-0.03386538917743733 0.9939311329289072 0.0026595152345961558
-0.0337732412881929 0.995421985661712 0.002664966765554071
-0.033701430761859094 0.996343639143992 0.0028382160656511986
-0.03358123717221234 1.0018394311844088 0.0026670883774422404
-0.03355735320042186 0.9960483591747951 0.0026603681097034627
-0.03247653859785041 0.9946304222345144 0.0026619467425644566
-0.03238438139446939 0.9952544165319266 0.0026612937524115544
-0.03231256435024382 0.9983723132516683 0.0028357114744741083
-0.032192360518320466 0.9959145969050514 0.002662814089132955
-0.03216846723285016 0.9868280256193075 0.0026538659904894314
-0.031087688017808063 0.9948121975421936 0.0026603149336256043
-0.030995521501656725 0.9956867679826628 0.0026616170398428675
-0.03092369793771771 0.993550362209203 0.002835900169228304
-0.030803483399222724 0.9967164206999872 0.0026653308897099165
-0.0307795817313945 0.9933102963617347 0.0026587404482086947
-0.02969883790297158 0.9904466329658191 0.0026575594693234463
-0.02960666207404992 0.9929672167998697 0.002655981995164417
-0.02953483152496254 0.9867291840947762 0.002829584225314862
-0.02941460628012498 0.9885023876599333 0.0026593349264668704
-0.0293906957647323 0.9901752242934119 0.0026543599255716968
-0.028309987322702877 0.9914373368003512 0.0026564328242915636
-0.02821780218123725 0.9956505185296862 0.002662072878253328
-0.028145965112665483 0.9916511638457755 0.0028299095760403246
-0.028025729626234452 0.9914539986976848 0.002661677836338903
-0.0280018097980701 0.9914169031388971 0.0026548144414409005
-0.026921136743797737 0.9928780839770845 0.00265770294824885
-0.02682894228751374 0.997705597696583 0.0026638748895434113
-0.026757098700592098 0.9902353857454708 0.00282797731968804
-0.026636852506227215 0.9974931142442559 0.0026652242402678086
-0.026612924296614437 0.9950358582821636 0.0026605423052164464
-0.025532286164663538 0.9920747882851157 0.002656925718873444
-0.02544008239379023 0.9906594526258863 0.0026615004461160927
-0.025368232288065985 0.9910904876893112 0.002829455885969436
-0.02524797538735651 0.9939714831789506 0.0026621389747996343
-0.025224038329952236 0.9922573558060135 0.0026586419043923676
-0.024143435584621193 0.9876078422341759 0.002654667282868412
-0.024051222500522138 0.9875976223795246 0.0026576765897012985
-0.023979365875995293 0.9934189354057251 0.0028292251009343133
-0.023859098734147093 0.9969372470448654 0.002664425015421975
-0.023835152828951323 0.9895202390607281 0.00265353086605406
-0.022754585004126124 0.9951404615244993 0.002658791571070196
-0.02266236307405254 0.9921955061322199 0.0026590144191681667
-0.02259049946301376 0.9934488126882424 0.0028281747015316706
-0.022470221614139856 0.996103305011487 0.002665977261732777
-0.022446266861607 0.9881845409266237 0.0026531470636027006
-0.02136573442362836 0.9980636738398326 0.0026621271690336922
-0.021273503181921654 0.9891984610147087 0.002658761951777528
-0.021201633050034918 0.991246589079173 0.002826457775062019
-0.021081344495042113 0.9940002845521715 0.002661996187756443
-0.02105738089426268 0.9907813375922647 0.002656708380321371
-0.019976884309702722 0.992956661264026 0.0026574564033227696
-0.019884643288653563 0.9880442236536238 0.0026565651330429777
-0.019812766637508805 0.9932069395083858 0.002827887875590733
-0.01969246784183337 0.9896808051082435 0.002658888067386185
-0.019668495393261765 0.989817260836903 0.0026566495453966
-0.018588033729660378 0.9941239159821185 0.0026564498922696067
-0.018495783394930052 0.99261506253234 0.0026588383594743237
-0.018423899759774133 0.9923203558947562 0.002830958691821066
-0.018303590722053842 0.9963474134381806 0.002664233318049135
-0.018279609426599563 0.9867433980387303 0.0026552416904310097
-0.017199183150070758 0.9922953436524885 0.0026592563588639737
-0.017106923966867825 0.9945291338628909 0.0026615047729251964
-0.01703503334724802 0.9955749855258965 0.0028250949608393306
-0.01691471360250068 0.9915516142673423 0.002663480906226933
-0.016890723925143902 0.9948826744134698 0.0026587681041930684
-0.015810332570028413 0.9902521883752196 0.002655952758342091
-0.015718064074055158 0.9886926766193083 0.002658117264468702
-0.01564616693426918 0.987808201500699 0.0028247284792526253
-0.015525836949064224 0.993536830647171 0.00266276742110436
-0.015501837958026954 0.9970432717033367 0.002658894084652871
-0.014421482455194631 0.9941804570895678 0.002656915353583854
-0.014329204180787066 0.9911098788465922 0.002659441635191697
-0.014257300521287646 0.9949934628491242 0.0028259585006621445
-0.014136959829966482 0.9881839681189366 0.0026584387776306183
-0.01411295245702604 0.9931232832797661 0.002658550308364836
-0.013032631874696866 0.9867069995389384 0.002656237073592139
-0.012940344287974397 0.9932280197647978 0.0026613802286155554
-0.012868434109216953 0.9975759497806534 0.0028267236042183053
-0.012748083175848243 0.9913105656687066 0.002660860959512536
-0.012724066490363839 0.9919816045349956 0.0026590479660257606
-0.011643781295562669 0.9906124348745045 0.0026548644135284986
-0.011551484859912172 0.9906154536140265 0.0026559550729096573
-0.01147956769669084 0.9899076522872383 0.0028216529565107964
-0.011359206056068716 0.9930840036643719 0.0026635087865618397
-0.011335180522792143 0.9927116042647011 0.00265595526649912
-0.010254930716657529 0.9951633485332323 0.0026618594882307856
-0.01016262496618866 0.9962378904978704 0.002658116574624459
-0.010090701284617453 0.9916507599883331 0.002819552290026978
-0.00997032940263226 0.9924780077621083 0.0026625384220030474
-0.009946295021336482 0.9946151095715957 0.002657779493529895
-0.00886608060250553 0.9995409496848204 0.002661804351261122
-0.00877376507292057 0.99533246888288 0.002662570297143919
-0.008701834872546763 0.9885547943405061 0.0028211339104628344
-0.008581452283534519 0.9891673499731585 0.0026647489560379977
-0.008557409054674281 0.9900820899950893 0.0026574059252925946
-0.007477230022007764 0.9950334667131745 0.002660774570730484
-0.007384905180107901 0.9934705931206633 0.0026642396948563627
-0.007312968459565228 0.9901615393270146 0.0028223266743918284
-0.007192575629642643 0.987987585204219 0.002659712369464327
-0.00716852355321862 0.9909461680982321 0.0026591163257955516
-0.006088379441509999 0.9901080912197056 0.0026588001816198322
-0.005996045752501097 0.9892814351779826 0.0026559282438256763
-0.005924102046586389 0.9913307568493327 0.0028231859469907998
-0.005803698510544901 0.9935121342308134 0.00266404529476027
-0.005779637585192177 0.9903544201930531 0.0026567914898702584
-0.0046995293275843624 0.9916195238301585 0.0026580841966165223
-0.004607185859688427 0.992357884574819 0.0026602147912412576
-0.004535235634060276 0.9870797192538591 0.002817232312832373
-0.004414821391447159 0.9934267930236484 0.002662851150114351
-0.004390752084191263 0.9916899145028804 0.002657943321065358
-0.0033106787475420184 0.9879966567631833 0.0026514912945575396
-0.0032183259668757576 0.993189610425457 0.002658090497760612
-0.0031463692224423102 0.9934252960062185 0.002822656184832411
-0.00302594473755663 0.9945856566021876 0.002663940936558809
-0.0030018661175290617 0.9969750093725259 0.002663394682185972
-0.0019218281679550947 0.9887071277602288 0.0026533165498124358
-0.0018294665392689542 0.9964438769884787 0.002662668504480116
-0.0017575028108270392 0.9904658007776846 0.0028212649174278012
-0.0016370676177764297 0.9927665436085352 0.002661891538511588
-0.0016129806160734006 0.9918379245048066 0.0026588048354646895
-0.0005329780535740375 0.9952833998072669 0.0026605536042281835
-0.00044060664645358984 0.9892243981060822 0.0026591002591214922
-0.0003686363978455052 0.9903134733368923 0.0028195772609906876
-0.0002481909645670115 0.9915629672006266 0.002663722824151184
-0.0002240946485017048 0.9877653817741296 0.002654630049500966
0.0008558725269237281 0.9929107577530503 0.0026574747186925668
0.0009482532468145008 0.9885769192634078 0.0026574962926622504
0.0010202300151360287 0.989720224050393 0.0028165806872336133
0.0011406861545307308 0.9916960320192489 0.002662318883673777
0.0011647908522718353 0.9887744213481441 0.002652584175212105
0.0022447231074214937 0.9967022135353863 0.00266054762132872
0.0023371126739658832 0.997218053893769 0.0026612239353480255
0.002409096427206721 0.9912031517105077 0.002817259089070904
0.0025295628088766804 0.9956082086558101 0.0026646124146945576
0.0025536768187066627 0.9886891221109284 0.002656742023643661
0.0036335732208917088 0.992100665977268 0.0026562010606652965
0.0037259725676893948 0.9934640533336079 0.0026602481893978494
0.003797962839732834 0.9963098365380034 0.002820979627651708
0.003918439462767209 0.9935021174476089 0.0026638902984506183
0.003942562320617071 0.9910535716971215 0.002658940609594494
0.005022423800025906 0.9942896691435892 0.0026589138511880998
0.005114832461410212 0.9933491004820394 0.0026593930931113
0.0051868292518035255 0.9872046370607516 0.0028130830657915966
0.0053073165818649515 0.9918607074115182 0.002661155803526801
0.00533144828773402 0.9883756149756758 0.0026580134454498926
0.00641127437961283 0.989186102424804 0.0026560924444742787
0.006503691889017015 0.9904960149023111 0.0026601035646028133
0.0065756956643296385 0.9886090238447655 0.0028143885042431886
0.006696193235301406 0.9900262483676374 0.0026611651613229017
0.0067203337887349335 0.9911354511984468 0.002657368266742663
0.007800124494449307 0.9898914347589481 0.0026560335976803847
0.00789255178183238 0.9900322522220616 0.0026589097630281525
0.007964562077311173 0.9904656029103659 0.00281353300432486
0.008085070354854569 0.9931875515380173 0.0026636612648069462
0.008109219755397135 0.9906233121319289 0.0026572510674081787
0.009188975074947073 0.9858804184984234 0.0026511549692139376
0.00928141167510047 0.990704550443525 0.002657917674152254
0.009353428490292706 0.9885640261883611 0.002813911043449056
0.009473947009200519 0.9910454688817463 0.0026622484603449183
0.009498105256852796 0.9896867802558428 0.0026547358616442187
0.010577825189099072 0.9926333205775741 0.0026565415952467357
0.010670271102251853 0.9924569342480181 0.002660166501259303
0.010742294902363399 0.9888389993145312 0.0028132127373139758
0.01086282412807055 0.9907068068991587 0.0026597037027782247
0.01088699075785371 0.9896854115102361 0.0026572938019807173
0.011966675768915054 0.9923563682783249 0.0026555546891238787
0.012059130995975364 0.990748084745579 0.0026556087372567247
0.012131161314434091 0.9844274305844646 0.002812194124720011
0.012251700781279296 0.9905928191687958 0.002660807015547936
0.01227587672451591 0.9872577573086407 0.0026527875640348555
0.013355526348501977 0.99392013034791 0.002658190629978268
0.013447990424034894 0.9928494080505276 0.002657271720252611
0.013520027726960204 0.9886507555629209 0.0028145159907292552
0.013640577435625245 0.9964594800800182 0.00266623091131266
0.013664762226198945 0.99466710175387 0.0026595023735896733
0.014744376462883034 0.9934689377068394 0.0026613721720983217
0.014836850317302985 0.9883023641169315 0.00265748765892412
0.014908894139941738 0.9910471212037285 0.0028142577511837737
0.015029454554722987 0.9906835655246095 0.002660905452325604
0.015053648193543268 0.9908755859298982 0.0026553708445873517
0.0161332270433808 0.9933750428624799 0.002659418104039427
0.01622571020943387 0.9927896814347361 0.002663867170455687
0.01629776055292327 0.9940717830026987 0.002816840984990203
0.016418331207932405 0.9921557905298867 0.0026634281401946834
0.01644253369454418 0.9923059773917714 0.002655587499247199
0.01752207715821728 0.9925370024602532 0.0026575131590970582
0.017614569635906165 0.992826429925255 0.002658590438130494
0.017686626964993964 0.991383937394371 0.002815328668973523
0.017807208327712605 0.9859491324265616 0.0026579206170473007
0.017831419661206382 0.990955386593778 0.0026550575355212837
0.01891092773734878 0.9934909187147318 0.002658320209164848
0.01900342952962698 0.98601226517418 0.0026535414687384614
0.01907549291185879 0.9889558209899612 0.00281334432962495
0.019196084981603134 0.9893483143935261 0.0026618878555890084
0.019220305162662044 0.9889976460872884 0.00265613964841085
0.020299777850821692 0.9872054098851324 0.0026534540005056792
0.020392288957689204 0.9948951017447576 0.002661613235110749
0.020464359323929482 0.9947643249601831 0.002813946842828115
0.02058496163503959 0.9895335347536721 0.0026591367873384634
0.020609190664117705 0.9914396793838562 0.00265721295816699
0.021688628430408613 0.9942106631717891 0.0026604482489879467
0.021781148850957294 0.9911640545461688 0.002655693210331216
0.021853225736455595 0.9909718539048166 0.0028134429626036654
0.02197383875413733 0.9964593294830304 0.0026626093837432783
0.021998076630779906 0.9955210122579858 0.002659048074238699
0.023077478545245094 0.9976542893965124 0.0026589308759581197
0.023170008743769965 0.9886605793389699 0.0026552189019177007
0.023242092149437128 0.9901097228810911 0.0028097571964681893
0.023362715408029207 0.9892838346525049 0.00265841702325924
0.02338696213178082 0.9891057795336071 0.0026538262687095834
0.024466329125740163 0.9911270644287329 0.0026536263997155563
0.024558868171376768 0.990543838938339 0.0026575561374139263
0.02463095856150782 0.9964125852143784 0.0028140877764325266
0.024751592062375156 0.9911970628248807 0.002663454692851431
0.024775848099352515 0.9919909475637746 0.0026576182023589348
0.02585517924012122 0.9961761635656613 0.0026583083037102833
0.025947728064192134 0.9957972769862219 0.0026644782410190646
0.026019824973125785 0.9898743983917903 0.002811059188761621
0.0261404691814729 0.9936546489890253 0.002662850985098369
0.026164733600808177 0.9921366547711337 0.002660737971761984
0.027244029354049553 0.9939361450292209 0.002656895224711718
0.027336587492251662 0.9939571924379265 0.002662684263317312
0.027408691385651898 0.9858188261858585 0.002810386446323494
0.027529345834909354 0.9933750642509066 0.002666809153021003
0.02755361910180909 0.9905076067099201 0.0026564324165018606
0.028632879933862838 0.9868598115390653 0.0026533586382253426
0.028725447385975173 0.9917843662300755 0.0026569357603540684
0.02879755779772259 1.0001610912511683 0.002814921264031665
0.028918222488799883 0.9940981994068764 0.002663299084139372
0.02894250506847129 0.9918788940003253 0.0026600524764381853
0.03002173004801753 0.9933438763638528 0.0026577202273271156
0.030114306813581977 0.9981279136177587 0.0026633170466109166
0.030186424210704124 0.9866551946988066 0.0028051778305398295
0.030307099607897625 0.9991016527862978 0.002665535537632263
0.030331390569926953 0.9941372726863499 0.002661003404726994
0.031410580628515296 0.9935021585919098 0.00265738857992263
0.03150316670639464 0.9977567681650251 0.0026647656452711333
0.03157529062368566 0.9904464331239776 0.0028116637736654805
0.03169597626133408 0.9938196816473335 0.002662233859683646
0.031720276070927866 0.993129482113466 0.0026619069204537626
0.03279943074334908 0.9983367997901854 0.0026602402047369157
0.03289202613400145 0.9942441368434123 0.002662152056941842
0.03296415703575635 0.9900468118401258 0.002807600704718654
0.033084852915225955 0.9988631243530806 0.0026684200681177227
0.03310916203759007 0.9936106398839287 0.00265919648211904
0.0341882813229387 1.0037334462195058 0.002666113077286173
0.034280886027724965 0.9973281070668095 0.002663679408441312
0.03435302344828246 0.9964888108802421 0.0028132818062705923
0.0344737295693442 0.9980669337309698 0.0026680044782102317
0.03449804753904573 0.99662025740604 0.0026614593314266675
0.035577131436408914 0.9988377021013185 0.002662265539601543
0.03566974545555813 0.9965562313576654 0.0026623198460332125
0.03574188939469187 0.9926836391180021 0.0028127961691395433
0.03586260668821423 0.9974853939851839 0.0026650909174379287
0.03588693304095614 1.0035413197206642 0.002668181954911118
0.03696598154988182 1.000206718670284 0.0026645836442033112
0.03705860534769171 0.9982486120937082 0.00266328180147329
0.03713075580721798 0.9990833201268529 0.002818545481856175
0.03725148334165068 1.0021225804476406 0.002671641020804882
0.037275819007390965 1.0010246782133299 0.002666590152745611
0.038354832130376895 1.0025406191102737 0.0026665595793807853
0.03844746477438767 0.9992196627615811 0.002665366684665173
0.038519622220199515 1.0036522480617178 0.002816484034720081
0.03864035999599663 1.000580567629109 0.002668398544594222
0.038664704508164505 1.0031335427559611 0.0026657981244602325
0.03974368224521337 1.002170939984131 0.0026664841859687697
0.03983632466765576 0.9991825582307173 0.0026675012156622937
0.03990848863318105 0.9907420147998183 0.0028090505497832437
0.04002923664988851 1.0002859478320947 0.002668624930422155
0.04005359001007491 1.004937627323893 0.0026699834662622683
0.04113253235959443 0.9997463592853827 0.0026646761264994224
0.04122518409480714 1.0001486758325175 0.0026651093404249666
0.04129735504525174 0.9950157614963523 0.0028136847048621737
0.04141811376898625 1.0034024961809036 0.002670169305023235
0.04144247597719186 1.001105755324324 0.0026636941766197586
0.042521382939181354 0.9978189789599669 0.002663478138124004
0.04261404398853066 1.0018529869794222 0.002670173547793431
0.042686221457777854 0.9923308537214293 0.0028087155150681347
0.042806990422422704 1.0004943297262054 0.0026697026640583234
0.042831361478192775 1.0001216456943391 0.0026682250021276164
0.04391023305356241 0.9966149257334268 0.002659533132555337
0.04400290341659288 0.9975970758750032 0.002663605336867938
0.044075087869848546 0.9988124462751605 0.0028121786549320264
0.04419586707631323 0.9977505055695464 0.0026673056584510676
0.04422024697919369 1.0001872420758646 0.0026657355213358623
0.04529908316749074 0.999371571914306 0.0026650062540196483
0.04539176330986097 1.0042411931291635 0.00266658841096074
0.04546395381671337 0.9989723874133088 0.002813986164495271
0.04558474373065918 0.9988982418347596 0.0026669380855749813
0.04560913294631064 1.00233090869766 0.002667577521986335
0.04668793374798581 1.0062733094662555 0.002671151090380691
0.046780622737012355 1.00218092452829 0.0026675171160509196
0.046852820229694905 0.9900824734942258 0.00280820197829072
0.046973620383868604 1.0011646590773855 0.0026695097700067377
0.04699801844731155 1.0014232277977 0.0026663767663682113
0.04807678386282229 0.9985557892938697 0.002661412527374387
0.048169482630280445 1.0006742363548782 0.0026652178956270553
0.04824168664267644 1.0005915081037347 0.0028114613856889655
0.048362497502739306 0.997751626546496 0.0026673428368188335
0.048386903948312465 1.0030762060027567 0.002666916976869444
0.04946563397697699 1.0028235078745282 0.0026658235373990557
0.04955834205834267 1.0040900037357876 0.00266776419274613
0.04963055305474713 0.9950173931519879 0.002809945015928809
0.049751374157085256 1.0018967570352926 0.002669994481341291
0.0497757894499955 1.0018985262445754 0.0026662616273344405
0.05085448455588212 0.9997841593498223 0.002665417400106911
0.05094720195206618 1.00329187455421 0.0026681549644431927
0.051019419467046884 0.9988617306342937 0.002810478789232446
0.05114025081052171 0.998995081715248 0.0026669780983081745
0.05116467541733982 0.99638941208094 0.0026638772976901566
0.05224333466935234 1.002621267222102 0.0026623548213672295
0.05233606137921756 1.0005285878993948 0.00266584359152725
0.05240828587843579 0.9929520828546057 0.002805567299754207
0.05252912746373046 0.9992574728053015 0.0026681900676977796
0.052553560918340736 0.9978049711319648 0.002666512608672553
0.05363218478418882 0.999638419843269 0.0026613537709791395
0.05372492080682437 1.00041824578397 0.0026653117340042554
0.0537971522909619 0.9955120814182927 0.002807400045246524
0.053918004117848695 0.9992742385049301 0.0026693318730808334
0.05394244641934165 0.9985285550362925 0.0026643538449013446
0.055021034899025295 0.9997780911546269 0.0026617697367353954
0.05511378069963704 0.9981460229689101 0.0026632256148717208
0.055186018238279455 0.9949012399135904 0.0028070187461297844
0.05530688077174057 1.0042085954797757 0.0026731791422570173
0.05533133192079731 1.0019154683593112 0.0026666219417753063
0.05640988547906764 1.0026411588992639 0.0026657442816870745
0.05650264012633569 0.998868130447411 0.0026641012173504314
0.05657488465035284 1.0016303508613404 0.002811175890347883
0.05669575789083831 0.9997650069284214 0.002670120793252538
0.05672021788791426 0.9998310806104569 0.002665097701678896
0.057798735592993276 0.9998998892051686 0.0026660156955152924
0.05789150001914836 0.9985333310306052 0.0026644162572302178
0.05796375106287895 0.9974091990088789 0.0028093310000753117
0.05808463454427477 0.9998283202822457 0.0026696956420385015
0.05810910338891517 0.996665230782669 0.0026664684167966176
0.059187585707374334 1.0032492751983069 0.0026659505468649407
0.059280359447210586 1.0016334638473574 0.002667944712957471
0.059352617474949645 0.992209239097445 0.0028048363229311512
0.059473511198165296 1.0014500131061563 0.0026713111301000427
0.05949798888991609 0.9995307685927032 0.00266281768255197
0.06057643582129997 0.9997111306651519 0.002663557638164593
0.060669219340478676 1.0029709733883974 0.002668795429044974
0.06074148388747576 0.9961313412182865 0.0028086445784417783
0.060862387852511246 0.9989207612335549 0.002665909788742073
0.06088687439159912 0.9928106664630653 0.0026597502750893565
0.06196528593613645 0.9982813426167685 0.002662602218077387
0.06205807876763006 0.9965140847842721 0.0026615307484258717
0.062130349834796005 0.997201852555101 0.0028066702350172685
0.0622512645059477 0.9982894443486975 0.0026664128766576227
0.062275760358943444 0.9986220307376834 0.0026630602109380436
0.06335413605097293 0.9945112774518056 0.0026576168441224722
0.06344693819523686 1.000603600656851 0.0026653626849660254
0.06351921624777485 1.0022171777991038 0.002809224776613984
0.06364014115915712 0.9967382176167399 0.0026685889759751765
0.06366464585994436 0.9999206735648108 0.0026649385002753797
0.06474298663101527 1.0026812772842308 0.0026661057235974925
0.06483579808896037 0.9974033535429251 0.002662563537306194
0.06490808265984824 0.9966033691627675 0.002806474221948189
0.06502901781327604 1.0022024343197615 0.0026740509073129542
0.06505353136094527 0.9995732333073835 0.002663884666896864
0.06613183674425913 0.9978574914214452 0.0026637129907383186
0.0662246575170199 0.998198207332296 0.0026656046253874383
0.06629694907237435 1.002692267698665 0.0028111975389854735
0.0664178944667125 0.9990985645414542 0.0026692746947936568
0.06644241686240093 1.0044902812014929 0.0026697172740637815
0.06752068685750298 1.0023294706638992 0.002665814952465595
0.06761351694417397 0.9993745133140459 0.002666432022186886
0.06768581548444504 1.0021380831166873 0.002812621525094366
0.06780677112014895 0.9974102831247563 0.0026676297223533763
0.06783130236340185 0.9990337897263453 0.002667924594148806
0.06890953697233945 1.0055618409070164 0.0026662840304214454
0.06900237683744206 0.9989482527344624 0.002663583374303529
0.06907468143176529 0.9999096788888147 0.00280800508556051
0.06919564777403947 1.0042587412011612 0.0026708368326370077
0.06922018833006405 1.0019750614839427 0.0026677778019055733
0.07029838708717594 1.002200869074566 0.002665213113486743
0.07039123626459345 0.9979600829372659 0.0026634634626773656
0.07046354784474412 1.0013787625579265 0.002808096696093359
0.07058452442815838 1.0017373106159595 0.0026697092741080936
0.07060907383151971 1.000551592674716 0.0026645686117385495
0.071687237201557 1.001286029255974 0.0026618654390153772
0.07178009615786154 1.0042460819273649 0.002666930400056842
0.07185241425681752 1.0004551518873033 0.002808166734059656
0.07197340108136781 0.9970945436151972 0.002663856291567781
0.07199795933343012 0.9955920825071155 0.0026615883337226206
0.07307608731548262 0.99875735215434 0.002661331743971287
0.07316895558592376 0.9950375835114605 0.002660611267098688
0.07324128066934363 1.0001802222614251 0.002808389563140167
0.07336227773480426 0.9991863425345198 0.002666637306591538
0.07338684483420366 0.9971582436126736 0.0026653993488234677
0.07446493789552497 0.9993993536303862 0.0026632128389457413
0.07455781501375694 1.0001679749672576 0.0026649723569523508
0.07463014661575303 0.9984556367443335 0.002809098760542087
0.07475115438915021 0.9988956445883482 0.0026664255376088767
0.0747757303349772 1.0013805896550705 0.002667816186565056
0.07585378800945061 1.0003371137179067 0.0026636891763855476
0.07594667490679866 0.999145123728985 0.002668591532685169
0.07601901302827914 0.9999829743358949 0.0028097522118480764
0.07614003104235895 0.9968871140816998 0.0026652433899273364
0.0761646158368876 0.998578675148481 0.0026678508490757397
0.07724263812428708 0.9998509269519423 0.0026640381376611547
0.07733553433349462 0.9970978449532625 0.0026601421052325604
0.07740787944126068 0.9942078650581636 0.002805626526353297
0.07752890769511363 1.0023239111576907 0.002668577992990862
0.07755350180400455 0.9995375006789199 0.0026653798075422764
0.07863148823912357 1.0042215758309512 0.0026690873569601126
0.07872439376019327 1.0027838989980862 0.0026658343817697336
0.07879674585423951 1.0008009522829642 0.002810507973931897
0.07891778434855008 1.001632752502162 0.0026719218066654006
0.07894238730500547 0.9992137630650401 0.0026655628907362922
0.08002033835350462 0.9974418249935653 0.0026608821528625154
0.08011325318734466 1.0020568483845531 0.0026699942887846613
0.08018561180065162 0.9958870942770647 0.0028055023995919846
0.0803066610024406 1.0019857423603085 0.00266649483753516
0.08033127280600638 0.9977923786591403 0.002663071842653038
0.08140918846697484 1.00371844534785 0.0026660496000898717
0.08150211308106817 1.0020719368459914 0.0026654094180625053
0.08157447821226688 1.002079205868894 0.002811108115965781
0.08169553765655951 1.0025901507699078 0.0026694735220747405
0.08172015830746204 1.0012913771926732 0.0026686690239084636
0.08279803858044775 1.0031550379976109 0.0026640974338579416
0.0828909725091277 0.9985560257249204 0.002662244661885852
0.08296334462388485 1.0001018431101527 0.002808335394762953
0.08308441430976894 1.0007987826959723 0.0026702040446583415
0.08310904380846296 0.9966048047521537 0.0026612386843698813
0.08418688869528153 0.9987644186410368 0.0026630395383353744
0.08427983193673451 0.9989903170354429 0.0026639726255995888
0.08435221103686369 0.9986969529653448 0.0028081460802567857
0.0844732909632054 1.0013374599617981 0.0026689934245578218
0.08449792930946387 0.9958557297507958 0.0026634107908279823
0.08557573881011801 1.0053099215850856 0.0026670588656124276
0.08566869182954986 1.0018172169050654 0.0026648667663655935
0.08574107698418393 0.9997437413500793 0.002810611594670416
0.08586216761755135 1.0041968501673193 0.0026747643197380677
0.08588681481091953 0.997069090704657 0.0026620512759794076
0.08696458892404364 0.9989220154789354 0.002664281689962524
0.08705755125715667 0.9989853593675891 0.002660989556966289
0.08712994339671004 1.0010728938753666 0.002811531552805084
0.08725104427076008 0.99478821676633 0.0026648522930933626
0.08727570031282994 0.9999608132174517 0.002665706891367926
0.08835343903797198 0.9995434977202293 0.0026616368922359104
0.0884464106852162 1.0017139388336476 0.0026668594060463634
0.08851880980878074 1.0015549538565953 0.0028085769903081694
0.08863992092396883 0.9985800676958064 0.0026669450748610787
0.08866458581383085 1.0016230950935765 0.002666811671658118
0.08974228915235304 1.0007821648306328 0.0026624136143689066
0.08983527011327842 1.0055201726357956 0.0026675925436060377
0.0899076762210805 1.005503049192834 0.0028107104845861357
0.09002879757831478 1.0026276576068198 0.002671083546196165
0.09005347178049306 1.000381862689514 0.002667858758641936
0.09113113926627867 0.9938494028678359 0.002658684317189761
0.0912241300060911 0.9971731525435368 0.0026619418586501164
0.09129654216771896 1.001195885439061 0.0028105516679265076
0.09141767423220666 1.003489051340432 0.0026670198880340058
0.09144235728194872 1.000996225681564 0.0026658836934358447
0.09251998938111515 0.9962822315333257 0.002657591900674572
0.0926129894336979 1.0008835269259928 0.002664341877873832
0.09268540858069779 1.0005618145585293 0.0028116947528260263
0.09280655088564312 0.995755088427606 0.002665233875932541
0.09283124278340438 1.0024806781767022 0.0026711933386966025
0.09390883949594893 0.9992252877332478 0.002663453701751923
0.09400184886085197 1.004196991184709 0.0026689404907809253
0.09407427499367932 0.9965794736476385 0.0028097268879074258
0.09419542753907957 0.9975605182565703 0.0026670581109070157
0.09422012828440529 0.9987613879886913 0.0026626624062852265
0.09529768961032999 0.9988738899764114 0.0026606916806559073
0.09539070828800336 1.0008898080499018 0.002665316413400004
0.09546314094008873 0.9993049062663448 0.0028081497881552405
0.0955843037273088 0.9986628424676938 0.0026679576767573753
0.0956090137854062 0.9972549003726675 0.0026635436250132213
0.0966865397238029 0.9981004335227399 0.002659765392175309
0.09677956818127145 1.0037316586586749 0.002664631503848426
0.09685200735261484 1.00171761335068 0.0028081471747382217
0.09697318038165476 0.997650104558747 0.0026652541503229326
0.09699789928708924 0.9998797001508394 0.002665065285968821
0.09807538937161182 0.9988181871911415 0.0026628236978342486
0.09816842760842283 1.0060082315907979 0.0026672430612560438
0.09824087376468824 1.0006254444735785 0.0028103132838731707
0.09836205703509121 0.9975544113067952 0.002665092659264893
0.09838678478877227 1.0035420563508315 0.0026700929784581086
0.09946423948644831 1.0086264647235443 0.002666135418650156
0.09955728703602963 1.0007990399599849 0.002668188298704692
0.09962973971200578 1.0045393253309924 0.002813472957928011
0.09975093368830062 1.0038117138709157 0.002669890198599996
0.09977567028977319 0.9997005605734753 0.002663826043053291
0.10085308960128478 0.993372539561717 0.0026593838515930977
0.10094614646318102 1.001679348001006 0.0026688031743616917
0.10101860612498731 1.0031010115202825 0.0028098867406347442
0.10113981034241955 1.0001938250673303 0.002669717357055653
0.1011645557907741 0.9974922841344271 0.0026648540540245183
0.10224193971521042 1.0041151233613534 0.002664491594665413
0.10233500635644911 0.9989475651671605 0.0026639824223029167
0.10240747253751342 1.000633901742428 0.0028104064471646505
0.10252868699631007 1.000715595405614 0.002670630799228643
0.10255344129222976 1.000580655212533 0.002665617792431067
0.10363078982959148 1.0011137691272303 0.0026674297502962264
0.10372386578451133 1.0046803884156186 0.0026682396213146783
0.10379633848392283 1.0020667774321688 0.002808443566977874
0.10391756318408524 0.9972423662477556 0.002665150342700402
0.10394232679368542 0.9983899473158125 0.0026638811773823656
0.10501963994351711 0.9966611389364428 0.002659161248412669
0.10511272521257356 0.9973278181190334 0.0026609637613790927
0.10518520489644895 1.002075531804718 0.002810787789483205
0.10530643983752169 0.9967392901580904 0.002665665639971856
0.10533121229559583 0.9979628232969114 0.0026648082250674394
0.10640849005744545 0.9988708616531462 0.0026651892942915123
0.10650158463972494 0.9991112138317131 0.002664828743203435
0.10657407130852234 0.993658786548733 0.00280486011602125
0.10669531649141357 1.0029153920846323 0.002671514728183789
0.1067200977970515 1.0038243441156938 0.002671326870784741
0.10779734017227922 1.002482291687147 0.0026648362844953885
0.10789044406733174 0.9968361050192862 0.0026615147495118695
0.10796293725583989 0.9969193982859706 0.002806857626595629
0.10808419314485003 1.0021758862236811 0.002668776582834079
0.1081089832989619 1.0002183263599125 0.0026676472940633336
0.10918618982145442 1.001244362358128 0.0026652694357144984
0.10927930396014442 0.9994737050378663 0.002661019445663189
0.10935180366813964 1.005900004931529 0.002812795865649408
0.10947306979828648 1.0038510476595772 0.0026719537342925013
0.10949786879973544 1.0001930753024648 0.002665943945719517
0.11057503993583548 1.0006009113404946 0.0026642028144885526
0.11066816338775122 0.9966590181836515 0.002659591155015692
0.11074067007952854 0.9986998554765502 0.0028055340748248023
0.11086194598697115 1.0016416503046308 0.002668054001963921
0.11088675430050898 1.002004600456806 0.0026672718223033063
0.11196389004930839 1.0002824032396538 0.0026627462240482445
0.11205702281581344 0.9992483323323414 0.0026624611249019816
0.11212953602639336 0.9984545746385762 0.0028051189617173556
0.11225082264086167 1.0028832553520144 0.0026715012384645634
0.11227563980241939 1.0007175111795483 0.00266854526246092
0.1133527401627786 1.0044119245170786 0.0026692904912129704
0.11344588224387567 0.9996920782282204 0.002665361006767128
0.11351840243846406 0.9960419329551738 0.0028027289375929477
0.11363969929429812 0.9968813109085418 0.0026649213213977997
0.11366452530387505 1.001772814806839 0.002668308906012229
0.11474159027670423 0.9994858355131206 0.002661221528960747
0.11483474167102704 1.0004337192588513 0.0026637654465556325
0.11490726885144559 0.9986704155623823 0.0028080870159575776
0.11502857594773458 1.0014202133784875 0.002671228985359368
0.11505341080487597 0.998848932928427 0.002665478909754031
0.11613043992587943 0.9973110322923973 0.002661455125390032
0.1162236010977257 1.004108783970856 0.002664180896338601
0.11629613479876584 1.0011533854768382 0.002808096009842724
0.11641745213596517 0.998750224824756 0.00266624265346347
0.11644229630587688 1.0016215466796765 0.0026649601352652695
0.1175192900407159 1.0007676128847909 0.0026668128133917825
0.11761246052442166 0.9968221450017687 0.0026619724757425385
0.11768500121129195 0.9997018918949547 0.002808586557593973
0.1178063287900834 1.0017088477642957 0.002666084894474551
0.11783118180733254 1.0029254302923118 0.0026673337030270776
0.11890814015509696 1.000503440914387 0.002667923359327765
0.11900132041814518 0.9990998743220751 0.0026629316212124555
0.11907386762336264 0.9951760202366772 0.0028045773495107692
0.11919520544329215 1.001674738604988 0.0026701659571107574
0.11922006730924295 1.0036633090700846 0.0026680425397388515
0.1202969902690226 0.9996301345492818 0.002661334039456803
0.1203901798462074 1.0006504916944916 0.0026668717193849387
0.12046273357022746 0.9985097266818215 0.002804201038222552
0.1205840820967286 1.0018102936747662 0.00267361696076882
0.12060895281001649 0.9992469944095111 0.0026648812722376057
0.12168583991774237 0.9982302686030918 0.0026625371463218257
0.12177903927335879 1.0008086379938055 0.002665443471347638
0.12185159998229816 1.0019057215429925 0.00280882708082328
0.12197295828541327 0.9977412407479788 0.0026643873194546106
0.12199783831079003 1.0021073913180194 0.0026695814156326436
0.12307469003257884 1.0030599747909554 0.002668751022523702
0.12316789870096559 0.9986638219376328 0.0026640128795367216
0.1232404659296184 0.9964848731194113 0.0028049640687037385
0.12336183493862268 0.9994905903837992 0.0026661840130570357
0.12338672381270044 1.0000138166163393 0.002667750351058186
0.12446354014741533 0.9992612202472839 0.0026632996121585036
0.12455675812811697 1.0018441650719616 0.0026641287938625317
0.12462933234259994 1.0014320442906495 0.0028077210569985365
0.12475071159183211 1.0036712024344914 0.002670475173299719
0.12477560931370135 1.004926576595033 0.0026682998332745334
0.12585238979567967 0.9969580108019274 0.002660497300262887
0.12594561755572378 1.002416203364379 0.0026642786487662156
0.12601819875512607 1.0004171663008135 0.0028056922921143638
0.12613958778051676 0.9991062275964261 0.0026660956899291406
0.12616449481470227 1.0023096379951233 0.002668513624196135
0.1272412399091499 0.9950711935400921 0.0026631602906820313
0.127334476983786 0.9989070906049955 0.002665563663879085
0.12740706470153546 0.9995263317207533 0.002805495803695758
0.1275284644344073 0.999899153984828 0.0026682417899058447
0.12755338031615793 1.0010277895033737 0.002665206494988856
0.1286300900226228 0.9983006205419068 0.002661571834321138
0.12872333641184822 1.0014906525549652 0.0026675777281813897
0.12879593111406157 1.0017988954874772 0.002807830734890626
0.12891734108784375 0.9975749061710419 0.00266818155452367
0.1289422653519523 0.9989865631023925 0.002664572333887348
0.13001893967088715 1.0019195280551496 0.002662579348918462
0.1301121958389996 0.9999299249279079 0.002662162127989855
0.13018479706115546 0.9960891325790916 0.0028051195558076694
0.13030621727561892 0.998972141301915 0.002665341299481765
0.13033115085295321 0.9996594680507422 0.0026652867538223195
0.13140778978572362 0.9988867573998609 0.0026632374722076616
0.1315010557322677 0.9979563322357738 0.0026646388392095807
0.13157366347390795 1.0001656121124498 0.0028058395712304797
0.1316950939295108 1.0014932867103923 0.0026685880548185737
0.13172003635395413 0.9988416077395921 0.0026635166394344337
0.1327966399005601 0.9995425478191841 0.00266458643370685
0.1328899151594191 1.0028046204966605 0.0026672287336838114
0.13296252942077277 0.9992260558800542 0.002803952390683078
0.13308397058385674 0.9989139324573343 0.0026707163070954086
0.13310892185563716 1.0028521784039617 0.0026669212424133676
0.13418548954927986 0.9997399856956384 0.002662760560965966
0.1342787745874813 1.0023935811074547 0.0026651330770252088
0.13435139583284345 1.001004081954088 0.002806762921514559
0.1344728467716319 0.9943789101619327 0.0026635969776822913
0.1344978073573202 0.9982823325497565 0.0026650922715476086
0.1355743396632055 1.0010682506445199 0.002662814439988401
0.1356676340146327 1.0022759974057396 0.0026657396301700896
0.13574026224536956 0.9995052551426437 0.002800948961298327
0.13586172342484065 1.0015812218365363 0.0026687004816911093
0.1358866928583211 0.9981326723908749 0.0026636341197558795
0.13696318977758656 0.9985663991906952 0.002663404521393529
0.13705649344133133 0.9993296011603717 0.0026626592770909556
0.13712912819132625 1.0074537631498655 0.0028126727949279043
0.1372505996132976 1.0033209447873468 0.0026742013635135597
0.13727557835932203 1.000383649320937 0.0026649792112778607
0.13835203942676175 0.998750737769709 0.0026594779007728347
0.13844535286893814 1.0011269796349749 0.002664015931178546
0.13851799460339695 1.0019828442244 0.0028042233744534233
0.13863947626718948 0.9972399929460654 0.0026669050454425163
0.1386644638607777 1.0013998852744408 0.002664747972783767
0.13974088954159555 0.99946173933285 0.0026656300614649343
0.13983421229608953 1.0016024611361751 0.0026622817849173636
0.1399068605507172 1.0004195273516083 0.0028020046850054767
0.14002835292062593 0.9988824380281017 0.002669421393921
0.1400533493617786 0.9995631090626521 0.0026658129726086772
0.14112973918986257 1.0004929245190262 0.0026626646443572237
0.14122307172369633 1.0026759975925676 0.002667787456963095
0.1412957269632433 0.9983806913838679 0.002804011202778269
0.1414172291084011 1.0018743734342193 0.0026711562985526965
0.14144223439711823 1.0024663851253166 0.002670972103477404
0.14251858930424363 1.0016854306833711 0.002666563448114345
0.14261193115175855 0.998107883028088 0.002662622072206888
0.1426845929096527 1.0007947636629495 0.002802836532794455
0.14280610576229164 1.001835458514742 0.0026691531161631608
0.1428311198985739 0.9970298443677278 0.002661904483736175
0.1439074389518262 1.0025978941327156 0.0026617980550382937
0.14400079057981807 0.9988859472976132 0.0026630010167898763
0.14407345932217883 0.9955732683675332 0.0027999888346741716
0.1441949819500668 1.0037144384490737 0.002669595090232849
0.1442200054004843 0.9943348299746251 0.002660521938091911
0.14529628906507006 1.0016377618327488 0.002663843449503833
0.14538965000697215 0.9950367783568349 0.0026622727695749435
0.14546232526949907 1.0012305987741013 0.002807209558902033
0.14558385860350326 0.998707510596677 0.002666162355728548
0.14560889090125784 1.000865563370149 0.002667782919860171
0.14668513917990653 0.9983408303617914 0.002663646784973021
0.14677850943457896 0.9955106353533041 0.002661301777546537
0.1468511916824779 0.9920008388307221 0.002797371493356955
0.14697273479196088 1.0031240286824679 0.0026732235547734925
0.14699777640203138 0.998188177073755 0.0026652846601136204
0.14807398882907905 0.9955572924741442 0.002659679734176977
0.14816736886173035 1.001442180025434 0.002666759423122029
0.1482400580945513 1.0012673433664334 0.0028040855902749097
0.1483616114460798 0.9983959631331093 0.002666891798312041
0.14838666190394179 0.9999860642748992 0.0026650187591088425
0.1494628389434601 1.0000811520589385 0.002661780411153153
0.14955622828979256 0.9960039036490345 0.0026606839023442814
0.14962892404118705 1.002078276375088 0.0028035455155171647
0.14975048763385496 0.9959108438656602 0.002665964692004438
0.14977554693973616 0.993215743605527 0.0026612861417670596
0.15085168859172712 0.9948632407783724 0.0026568803157531453
0.1509450877178521 0.9994331220863683 0.0026627300337372832
0.15101779045348682 0.9986483063954953 0.002800856510038179
0.1511393642872914 0.9986194784283883 0.002670588370193289
0.15116443244073707 1.003050375383173 0.0026670161572077238
0.15224053870610818 0.9994134538494527 0.002660881348222649
0.1523339471454589 1.003175877115647 0.0026649267181913655
0.1524066563998962 1.000797118847539 0.002804058191599621
0.15252824047552066 1.0050014485839234 0.002672096544015916
0.152553317941738 0.9971609235598083 0.002663469647305855
0.1536293883552807 1.0000220424196238 0.0026658221441245395
0.15372280657261297 0.998925800920628 0.0026627622015185553
0.15379552281287776 0.9986936087153513 0.002801989533883383
0.15391711712963957 1.0009988846911477 0.0026714456355559748
0.15394220344319365 1.0021131085385737 0.0026679036570618157
0.15501823800445588 1.0025232316856616 0.0026633826284749537
0.15511166599976436 0.9933577806968363 0.0026610429925009605
0.155184388760198 1.0011495340247636 0.002803510905407761
0.1553059933171877 0.9981141591902187 0.0026656592223386144
0.15533108894510406 1.0004857255295814 0.002666608349280011
0.15640708811838153 1.001799268665134 0.002664137976464284
0.1565005254264603 0.9989585141054569 0.0026624436311408696
0.1565732551727241 1.0025161693029732 0.002802564782710872
0.15669486997062415 1.0024893884744417 0.0026710869447565794
0.1567199739802163 1.0035693322572254 0.0026696407373791166
0.1577959377671013 1.0035304873509134 0.002664739182388064
0.15788938485406712 1.0008370418939467 0.0026640957027735776
0.15796212111913352 0.996025191837877 0.002798925627888767
0.1580837461593088 1.0052010101846178 0.0026706057243635873
0.15810885948098985 1.001803425758556 0.002668315652406926
0.1591847878805742 0.9992809782412533 0.0026638977772269036
0.15927824428212936 1.0017878106938123 0.002663038518503018
0.15935098753165963 0.9971915998021964 0.0027971649810311014
0.15947262281251756 1.001343927684755 0.002670668139362556
0.15949774498290026 1.00251212288975 0.0026696174739491273
0.16057363752838313 0.9996744432598558 0.0026612586511373043
0.16066710370928072 0.9989657690355815 0.0026634097796525893
0.16073985347897987 1.0008594792823506 0.0028016279836876067
0.16086149900006502 0.9953070905990823 0.0026665129418308405
0.16088663048390117 1.000170206420248 0.0026651387984075875
0.1619624876432196 1.0020377619637222 0.0026658632400331844
0.16205596313688753 1.0001188226458435 0.002662467023809304
0.1621287198919587 1.0012279049708535 0.002800056866115303
0.16225037565441097 0.9994837230117563 0.0026675149508319424
0.16227551551901342 1.0003891283239683 0.0026646432873488153
0.16335133729216572 1.0001852202131354 0.0026677280139735847
0.1634448225640416 0.9977936560770863 0.002664909761654402
0.1635175858383708 0.9965251046061281 0.0027971158640289384
0.16363925184264155 0.9996632622250823 0.0026672467141955146
0.16366440102069646 0.9989704238652032 0.0026662517208982752
0.16474018694065914 1.004713182150803 0.0026678392517921613
0.16483368199210113 1.0011926849372543 0.002664125775413617
0.16490645178432478 0.9992314707166433 0.0028003341196562353
0.16502812803041672 0.9943208006956031 0.0026652304580797826
0.16505328652215212 0.9974934156676618 0.0026680678968775398
0.1661290370545848 0.9987411937164393 0.002661563688004014
0.1662225409545021 1.0015485113998244 0.002665164821813289
0.16629531819594276 1.0000598054741985 0.0027995529235217377
0.16641700468385318 0.9996540219043465 0.0026713036206365997
0.16644217202315303 0.9989426715237631 0.002663839070574085
0.16751788670330456 1.0027505233618186 0.00266401089046139
0.1676114003821089 1.0003055018650517 0.0026644217091860685
0.16768418414280759 0.9989315220724465 0.002800066320386207
0.16780588087208242 0.9999624575625718 0.002670821606171117
0.16783105705849266 0.997086897464508 0.002664413677294821
0.16890673681814103 0.9957240725027289 0.0026595810569812355
0.16900025980926026 1.0021668622182933 0.002667696220128908
0.16907305055578642 0.9949672228538285 0.002796131288825005
0.16919475752642837 0.9955670676431514 0.0026673081934515805
0.1692199425601757 1.0001142253023219 0.002668276569844544
0.1702955864673162 1.005240431042966 0.002668728560119853
0.17038911923686706 0.998705435846333 0.0026635317278030017
0.1704619165028803 1.0011486265520841 0.0028016399565531187
0.1705836337139765 1.00164347816226 0.00267041327483436
0.17060882806185873 0.9988431561534922 0.0026657536508622047
0.17168443611558057 0.997731547104416 0.002663403323593888
0.17177797866402114 1.000238159917829 0.0026636749062439024
0.17185078291517736 0.9998329623770705 0.0027983463819305113
0.17197250990152463 0.9999957624144545 0.002667623049188699
0.17199771356285964 1.0001032672962598 0.0026633209939882236
0.17307328622996163 0.9978635391001416 0.002663248403939085
0.17316683809208067 0.9980559253152997 0.0026628126228903978
0.17323964886158946 0.9999781814852137 0.0027991522553190676
0.17336138655587058 0.9992624386780548 0.0026679458534467205
0.17338659859819927 1.0001716357253867 0.0026656645519253456
0.17446213587777323 0.9995801413532054 0.0026605464975133146
0.1745556975201429 1.001812309183952 0.0026655189437356907
0.17462851527411558 1.0020449585676074 0.0028015185840415974
0.17475026274409983 1.000420364703236 0.0026670954265030546
0.17477548409965493 0.9975680968611507 0.002664474394847093
0.17585098552558218 1.0031622524683466 0.0026648923905864936
0.17594455694684155 1.000384672465164 0.0026662057058954303
0.17601738122143312 1.0032739431568793 0.002801484828545504
0.17613913939753628 0.9985028674844927 0.002666767293247444
0.17616436960065585 1.0023783637505348 0.0026666013702510145
0.17723983517475736 1.0047519529418438 0.002666885853425368
0.17733341637353753 0.9996428525448305 0.0026639305124237485
0.17740624716875336 1.0023791566919213 0.002799479869050119
0.17752801558531145 1.0018871051870892 0.0026711894521671033
0.17755325463599547 0.9984353277539613 0.0026644362428219106
0.17862868528959383 1.0004726630493903 0.002666757531853522
0.1787222753350276 0.9990231525017024 0.002663277890373009
0.17879511358082406 1.0001670723072613 0.002798304683979125
0.17894214013745113 1.0033205140543575 0.0026663559410646273
0.1800175349378582 1.0007488420649788 0.0026616330749391335
0.18011113476308985 1.0021182198560206 0.0026651938029595944
0.1801839795276889 1.002504233878551 0.0028025424834863684
0.1803057679613172 1.000000358086885 0.002670188858380218
0.18033102563913417 1.002049147133624 0.002666557402368335
0.18140638458657796 1.0001056786613338 0.0026627639684225725
0.18149999419115206 1.0026338626868618 0.0026670277986601616
0.18157284593976228 0.9965118363692106 0.002797741881761945
0.18169464461475365 0.9980555988214955 0.0026697327485270183
0.18171991067424642 0.9999375870089503 0.0026664817962208697
0.1827952347005036 1.0030475030929518 0.0026677918885739185
0.18288885361875887 0.9990295081498188 0.0026641181656678822
0.1829617118866271 0.9984682445478184 0.002797271192204109
0.1830835208032106 1.0012799830815475 0.002673215715145941
0.18310879617524733 0.9996042015853852 0.002664426472181315
0.18418408434967878 0.9946218851163141 0.0026569502614160385
0.18427771304591026 0.9966815773361638 0.0026620259025794935
0.18435057829960594 0.999689787001378 0.002797462957558213
0.18447239699166756 1.0004448238789811 0.0026717457985773034
0.18449768167715774 0.9977322287345599 0.0026629706467325848
0.18557293399885397 0.9998452601909983 0.002662832128108957
0.18566657247351706 1.0016883409814552 0.00266551236930021
0.18573944424692618 1.0002239764995131 0.0027985012080307793
0.18586127364510402 1.0003177614887635 0.0026680529185661743
0.18588656671295212 1.0016644258338328 0.002665443781974747
0.18696178364711832 1.0011116176854788 0.0026644753722358623
0.18705543143500714 1.0028634037215665 0.002665206173934133
0.1871283101933356 1.0008970790695457 0.0027957220452473047
0.1872501498328792 1.0004624292908322 0.0026677790521351134
0.1883506332958381 0.9981500716133975 0.0026600505714895646
0.18844429086306938 0.9954929836381554 0.0026607079851012324
0.1885171766058617 1.0003698608796252 0.0028007711943514625
0.18863902602110977 1.001437663489845 0.00266820719700787
0.18973948340930832 0.9974626497444066 0.002660747676170398
0.1898331502911316 1.0033547273352634 0.0026675704369496884
0.1899060425522738 1.0000448138301201 0.0027983984951700583
0.19002790220933902 1.0005375881516287 0.0026684920635938743
0.19112833305711993 0.9977668520118346 0.002661388015731983
0.1912220097187384 0.9989553013716512 0.0026618691725236988
0.19129490896525264 0.9980278074794923 0.0027982640323318477
0.19141677886277547 1.0005687126200624 0.0026684392653315244
0.19251718270629511 0.9999543756111792 0.0026632894958749237
0.1926108691458898 0.9965219939590331 0.0026608886286358813
0.19268377491166475 1.0047666576161516 0.0027984245499762454
0.19280565505055064 0.9932602062942089 0.002665369859237579
0.19390603235546763 1.0027096371506643 0.002665288532492299
0.19399972810737987 1.004322294226348 0.002666601100191897
0.19407264085761872 1.000153158394266 0.0027949432878899864
0.1941945312392353 1.0004161289554698 0.002666393823787196
0.19529488200373465 0.9989131439483636 0.002660486514146698
0.19538858753498667 1.0029515831630642 0.0026670557382701483
0.19546150727014483 0.9992721343740188 0.002797114941845247
0.19558340742678343 1.0030430839256606 0.0026706392132590543
0.19668373165245442 0.9971541091978223 0.0026617027640316853
0.19677744696214075 1.000586096237813 0.0026645908116687757
0.19685037321655424 0.998954286335436 0.0027968485900982413
0.19697228407999284 0.9988057821667448 0.0026662639084796508
0.19699764932579455 0.997374297947797 0.0026633172119277077
0.19807258176638007 0.9963548679810093 0.0026613560033619606
0.19816630638974755 0.9988650417293001 0.0026618001019870713
0.19823923916341907 0.9980059789642104 0.0027946764350008737
0.1983611602686775 0.9967052996192544 0.0026646536985154966
0.1983865348265681 1.0026006971736963 0.002668967671644345
0.19946143141555525 0.9957152336657914 0.0026591304849929234
0.19955516581689894 0.9987423269544544 0.0026630079266278897
0.1996281055764006 1.0037723327066574 0.0027958841614858527
0.19975003645690675 0.9990376032144005 0.0026675421721233405
0.19977542032825113 1.0001379931153591 0.002669748866680895
0.20085028106472777 1.0002184979871738 0.002663169695511618
0.20094402477884446 1.0029642124580382 0.0026640680347236826
0.20101697152372086 1.0044007304714382 0.002795971663526296
0.20113891264468192 0.9975472558948343 0.002665943151405668
0.2011643053640455 1.0000013107955934 0.0026685824639382256
0.20223913071322117 0.9988502763399117 0.0026631830962775328
