Sector 27:
[842, 1348], [843, 1348], [844, 1348], [842, 1349], 
[843, 1349], [844, 1349]

Sector 28:
[1078, 1779],[1077, 1780],[1078, 1780],[1079, 1780],
[1077, 1781],[1078, 1781],[1079, 1781]

Sector 29:
[1031, 1915], [1032, 1915], [1033, 1915], [1031, 1916], 
[1032, 1916], [1033, 1916], [1031, 1917], [1032, 1917]

Sector 30:
[1247, 1422], [1248, 1422], [1249, 1422], [1247, 1423], 
[1248, 1423], [1249, 1423], [1248, 1424]

Sector 31:
[1685, 1075], [1686, 1075], [1685, 1076],
[1686, 1076], [1685, 1077], [1686, 1077]

Sector 32:
[79, 979], [80, 979], [79, 980], 
[80, 980], [79, 981], [80, 981]

Sector 33:
[607, 1160], [608, 1160], [607, 1161], [608, 1161], 
[609, 1161], [607, 1162], [608, 1162]

Sector 34:
[977, 1554], [976, 1555], [977, 1555], 
[978, 1555], [976, 1556], [977, 1556]

Sector 36:
[1104, 1649], [1105, 1649], [1103, 1650], [1104, 1650], 
[1105, 1650], [1104, 1651], [1105, 1651]

Sector 37:
[1401, 1238], [1402, 1238], [1401, 1239], [1402, 1239], 
[1403, 1239], [1401, 1240], [1402, 1240]

Sector 38:
[1862, 993], [1861, 994], [1862, 994], [1863, 994],
[1861, 995], [1862, 995], [1863, 995], [1862, 996]

Sector 39:
[236, 986], [237, 986], [235, 987], [236, 987], 
[237, 987], [236, 988], [237, 988]