-0.199683462 0.995243243 0.002632957
-0.199653936 1.000140141 0.002641921
-0.199209215 0.998399461 0.002638732
-0.19918947 0.997731213 0.002640174
-0.198811156 0.999118562 0.00268541
-0.19829456 1.003695207 0.002642463
-0.198265051 1.000157543 0.002644018
-0.197820337 0.995703238 0.002634969
-0.197800579 0.996041127 0.002638663
-0.197422249 0.999983952 0.002686855
-0.196905658 1.001881267 0.002641942
-0.196876166 1.001614672 0.002643337
-0.19643146 1.00019276 0.002637772
-0.196411687 1.001888243 0.002640486
-0.196033341 1.003672945 0.002690964
-0.195516756 0.999851162 0.002639991
-0.19548728 0.999587877 0.002642719
-0.195042582 0.999692127 0.002642818
-0.195022796 1.000078297 0.002637716
-0.194644434 1.002078613 0.002686549
-0.194127854 0.999564246 0.00263818
-0.194098395 0.999084533 0.002643831
-0.193653704 0.998865648 0.002639832
-0.193633905 0.997780474 0.002639373
-0.193255527 0.998955403 0.002686317
-0.192738952 1.004029238 0.002644057
-0.19270951 0.997577904 0.002638565
-0.192264826 1.002859362 0.002640121
-0.192245014 1.001694005 0.002642087
-0.19186662 1.001050292 0.002685533
-0.19135005 0.998036551 0.002636131
-0.191320624 0.99746488 0.002641785
-0.190875948 1.002075458 0.002639157
-0.190856123 1.002183233 0.002644635
-0.190477713 0.999747321 0.002685762
-0.190394045 1.004899106 0.002902661
-0.189961148 1.003074838 0.002641611
-0.189931739 0.996834892 0.002641675
-0.189487071 1.000108256 0.002641182
-0.189467232 1.000609625 0.002639675
-0.189088806 0.994837286 0.002684526
-0.189005156 0.998252326 0.002897226
-0.188572246 0.998886058 0.002640495
-0.188542854 1.000018711 0.002642008
-0.188098193 0.999481165 0.002636294
-0.18807834 0.997699866 0.002637017
-0.187699899 0.999083313 0.002685152
-0.187616267 0.99559873 0.002894705
-0.187183344 1.000931239 0.002640697
-0.187153968 1.003962528 0.002646145
-0.186709315 0.997435929 0.002637699
-0.186689449 0.99769938 0.002639208
-0.186310991 1.000028571 0.002683952
-0.186227378 0.999092409 0.002895937
-0.185794442 0.996386264 0.002637719
-0.185765083 0.996687428 0.002638199
-0.185320437 1.001945839 0.002641317
-0.185300558 0.99979361 0.002639899
-0.184922084 0.998687817 0.002686439
-0.184838489 1.000450963 0.002894653
-0.18440554 0.999891427 0.002641756
-0.184376198 1.000655138 0.002642104
-0.18393156 1.000252794 0.002639719
-0.183911667 1.004447137 0.002641972
-0.183533177 0.998196803 0.002687477
-0.1834496 0.998778011 0.002893965
-0.183016638 1.00053987 0.002640107
-0.182987312 1.001041214 0.00264428
-0.182542682 0.997627281 0.002638628
-0.182522776 0.995405238 0.002636057
-0.18214427 1.001846811 0.002687007
-0.182060711 1.000893159 0.002895802
-0.181627736 0.999843407 0.002640794
-0.181598427 0.999519827 0.002642113
-0.181153804 1.00299468 0.002646071
-0.181133885 1.004769582 0.002642678
-0.180755363 0.997992257 0.002683492
-0.180671821 1.000619433 0.002891222
-0.180238835 1.002944705 0.002639928
-0.180209542 1.003475247 0.002642107
-0.179764926 0.995806421 0.002635963
-0.179744994 1.001663313 0.002639663
-0.179366456 1.000042701 0.002682891
-0.179282932 0.998101567 0.002888824
-0.178849933 1.002631552 0.002640792
-0.178820657 1.001898949 0.002643694
-0.178376049 1.001607982 0.002639705
-0.178356103 1.002202821 0.002641737
-0.177977548 0.999861188 0.00268292
-0.177894043 1.001032229 0.002890657
-0.177461031 0.998621012 0.002641224
-0.177431771 0.998242377 0.002641063
-0.176987171 0.999821611 0.002638365
-0.176967212 1.004008675 0.002643983
-0.176588641 0.996598228 0.002679568
-0.176505154 1.000225362 0.002890647
-0.176072129 0.999276255 0.002639961
-0.176042886 0.997406242 0.002643466
-0.175598293 1.002921275 0.002641585
-0.175578321 0.999097313 0.002639652
-0.175199734 1.00346914 0.00268407
-0.175116265 1.003090484 0.002889128
-0.174683227 0.998633808 0.002638999
-0.174654001 1.003689227 0.002643348
-0.174209415 1.005092589 0.002641874
-0.174189429 1.002541236 0.002645822
-0.173810827 1.004153772 0.002686418
-0.173727376 1.000918922 0.00288758
-0.173294325 0.997296742 0.002638097
-0.173265115 1.00024008 0.002641996
-0.172820538 1.00643368 0.002645554
-0.172800538 1.001211416 0.002638361
-0.17242192 0.998954672 0.002681288
-0.172338487 0.99991985 0.002885939
-0.171905423 0.999870359 0.002641143
-0.17187623 0.999248853 0.002641045
-0.17143166 1.003916051 0.002641424
-0.171411647 0.999874488 0.002643158
-0.171033013 1.003546979 0.002683598
-0.170949598 1.004609875 0.002886094
-0.170516521 1.003477517 0.002644362
-0.170487345 1.000887768 0.002642702
-0.170042782 0.996750218 0.002637411
-0.170022756 0.999688733 0.002639219
-0.169644106 1.003535053 0.002684839
-0.169560709 1.00069672 0.002884902
-0.169127619 0.997538988 0.002638997
-0.16909846 1.000230989 0.002642875
-0.168653904 1.000573689 0.002640369
-0.168633865 1.00062198 0.002638544
-0.168255199 0.999912665 0.00268202
-0.168171819 0.99973665 0.002882407
-0.167738717 0.998101659 0.002638857
-0.167709575 1.000346107 0.002644089
-0.167265027 0.993581853 0.002636825
-0.167244974 0.99577089 0.002638704
-0.166866291 0.997336346 0.002683684
-0.166782931 0.999119901 0.002880589
-0.166349816 0.999518976 0.002641405
-0.166320689 1.001429787 0.002641968
-0.165876149 0.99451174 0.002635105
-0.165856083 0.99985291 0.002640596
-0.165477384 0.996775852 0.002681546
-0.165394041 1.002902156 0.002882645
-0.164960914 1.004698161 0.002640872
-0.164931804 0.999533776 0.002645041
-0.164487271 0.996469589 0.002637354
-0.164467192 0.995725917 0.002638004
-0.164088477 0.998393633 0.002682239
-0.164005152 1.006608018 0.002885201
-0.163572012 1.003090722 0.002640847
-0.163542919 1.003023778 0.00264511
-0.163098394 1.000029212 0.00264013
-0.163078301 0.996501268 0.002639038
-0.16269957 1.001058447 0.002683413
-0.162616263 0.99524056 0.002877875
-0.16218311 1.000395063 0.002638374
-0.162154034 1.000846037 0.002641971
-0.161709516 1.002517145 0.002642294
-0.16168941 0.997640364 0.002642154
-0.161310663 0.998367799 0.002681837
-0.161227374 1.002020149 0.002878556
-0.160794208 0.997374462 0.002638016
-0.160765148 0.999036421 0.002642858
-0.160320638 0.997779809 0.002635252
-0.160300519 0.99814236 0.002639735
-0.159921756 0.999567883 0.002683874
-0.159838485 1.000458775 0.002876573
-0.159405306 1.001742204 0.002638767
-0.159376263 1.001774226 0.002642754
-0.158931761 0.99998754 0.00264083
-0.158911628 1.001630454 0.002641716
-0.158532849 0.997003605 0.002681012
-0.158449596 1.001742844 0.002876295
-0.158016404 0.999571691 0.00263865
-0.157987378 0.999422901 0.002642375
-0.157542883 1.000931433 0.002639481
-0.157522737 0.996719043 0.002636376
-0.157143941 0.995644586 0.002678522
-0.157060707 0.999219373 0.002873584
-0.156627502 1.002093172 0.002639552
-0.156598493 1.000839566 0.002643747
-0.156154005 1.004680375 0.002642667
-0.156133846 0.997941083 0.002638689
-0.155755034 1.002796835 0.002684297
-0.155671818 0.99997871 0.002873247
-0.1552386 0.995532539 0.002636578
-0.155209607 0.995541304 0.002638711
-0.154765128 1.000558216 0.002639931
-0.154744955 1.003571277 0.002644111
-0.154366127 0.996828445 0.002678947
-0.154282929 1.002059746 0.002876341
-0.153849699 0.99707265 0.002637394
-0.153820722 1.003612297 0.002644777
-0.15337625 1.001393025 0.002640216
-0.153356064 1.002233973 0.002641735
-0.15297722 1.002912534 0.002683407
-0.152894039 0.996297001 0.002871624
-0.152460797 0.997696174 0.002636681
-0.152431837 0.996154037 0.002642366
-0.151987372 1.001260157 0.002640362
-0.151967173 0.99859227 0.002641285
-0.151588313 1.00278696 0.002685305
-0.15150515 0.997117882 0.002871624
-0.151071895 0.995495076 0.002635664
-0.151042951 0.998839833 0.002639384
-0.150598494 0.997248447 0.00263737
-0.150578283 0.99890076 0.00264005
-0.150199406 1.00201514 0.002682576
-0.150116261 1.00139684 0.002872143
-0.149682993 1.003254205 0.00263987
-0.149654066 0.999423669 0.002640064
-0.149209617 1.000164088 0.002640977
-0.149189391 0.997103756 0.002637341
-0.148810499 0.998590134 0.00267973
-0.148727372 0.998528616 0.002873816
-0.148294091 1.001913778 0.002637793
-0.148265181 0.997832897 0.002641393
-0.147820739 0.997492383 0.002641286
-0.147800501 0.998358015 0.002639962
-0.147421592 1.003478882 0.002682514
-0.147338483 0.99864735 0.00286969
-0.146905189 1.002481084 0.002642215
-0.146876296 1.000857769 0.002641028
-0.146431862 0.99841426 0.002636106
-0.14641161 1.005146207 0.002644529
-0.146032684 1.003196697 0.002686147
-0.145949594 1.002071793 0.0028714
-0.145516287 1.000767015 0.002640061
-0.145487411 0.99745101 0.002644743
-0.145042984 0.99754786 0.002636453
-0.145022719 0.995262028 0.00263948
-0.144643777 1.000718106 0.002683194
-0.144560705 1.000772457 0.002872239
-0.144127385 1.001423629 0.002640947
-0.144098525 1.00177505 0.002642824
-0.143654106 1.001905566 0.002642079
-0.143633828 1.001852227 0.002642673
-0.14325487 0.9990553 0.002677799
-0.143171816 1.002390723 0.002870707
-0.142738484 1.00261864 0.002639441
-0.14270964 1.000181589 0.002641609
-0.142265229 0.996736829 0.002637093
-0.142244937 1.000926702 0.002646369
-0.141865963 0.997993857 0.0026774
-0.141782927 0.998900741 0.002869119
-0.141349582 0.999359668 0.002638317
-0.141320755 1.000831691 0.002643044
-0.140876351 1.002265832 0.002640515
-0.140856046 1.002762867 0.002641991
-0.140477056 0.996660419 0.002676686
-0.140394037 1.001286276 0.002870244
-0.13996068 1.004758608 0.002640147
-0.13993187 0.998878736 0.002643059
-0.139487473 1.001313788 0.00263888
-0.139467155 0.999950445 0.00264394
-0.139088149 0.998488276 0.002678996
-0.139005149 0.999993619 0.002867927
-0.138571778 0.999881655 0.002638545
-0.138542984 1.001030633 0.002644559
-0.138098596 0.997004401 0.002638001
-0.138078264 1.003764558 0.002643472
-0.137699242 1.002144957 0.002682117
-0.137616259 1.000774604 0.002868832
-0.137182876 1.00034813 0.002639419
-0.137154099 1.001926218 0.002642474
-0.136709718 1.005150855 0.002641171
-0.136689373 0.996995628 0.002638438
-0.136310335 0.999272173 0.00268165
-0.13622737 0.996955137 0.002864869
-0.135793974 0.996586072 0.002635459
-0.135765214 0.997987517 0.002642011
-0.13532084 1.003123535 0.002640773
-0.135300483 1.006209847 0.002645588
-0.134921428 0.998398647 0.002680274
-0.134838481 0.995373845 0.002865223
-0.134405073 0.995910864 0.002637641
-0.134376329 0.999581182 0.002643625
-0.133931963 0.998502611 0.002636134
-0.133911592 0.997660119 0.002640128
-0.13353252 0.997917106 0.002677767
-0.133449592 1.000538925 0.002865441
-0.133016171 0.995403127 0.002634935
-0.132987443 0.998686904 0.002638541
-0.132543085 0.999054133 0.002638247
-0.132522701 0.999788798 0.002637351
-0.132143613 1.000404581 0.002680914
-0.132060703 0.995657113 0.002863151
-0.131627269 0.997737204 0.00263748
-0.131598558 1.001158708 0.002641992
-0.131154207 1.001297406 0.002639951
-0.13113381 1.002581498 0.002641915
-0.130754706 0.99758367 0.002677867
-0.130671814 0.995505878 0.002860787
-0.130238367 1.002350326 0.002636949
-0.130209673 1.000813569 0.002641809
-0.12976533 0.999780286 0.002640667
-0.129744919 0.99686308 0.002639379
-0.129365799 1.003284718 0.002680565
-0.129282925 1.000006381 0.002863418
-0.128849465 0.99913828 0.002636176
-0.128820788 1.001772205 0.002643858
-0.128376452 0.997643654 0.002637978
-0.128356028 1.002460165 0.002640285
-0.127976892 1.002196702 0.00268057
-0.127894036 1.004391132 0.002866827
-0.127460563 1.00492403 0.002639516
-0.127431903 0.997176312 0.00264008
-0.126987575 0.998542957 0.002638717
-0.126967137 0.998828278 0.002640831
-0.126587985 1.006942874 0.00268369
-0.126505147 0.999455946 0.002864401
-0.126071661 1.001704709 0.002638362
-0.126043017 1.000373585 0.002644694
-0.125598697 0.996160589 0.002640937
-0.125578247 0.998140946 0.002639664
-0.125199078 1.002466583 0.00267815
-0.125116257 0.995007684 0.002864935
-0.12468276 0.99916753 0.002638422
-0.124654132 1.00200907 0.002642108
-0.124209819 0.995958324 0.002635903
-0.124189356 1.000489788 0.002642213
-0.123810171 1.000960996 0.002680892
-0.123727368 1.000998952 0.002865403
-0.123293858 0.997660406 0.002634316
-0.123265247 0.999030252 0.002641574
-0.122820942 1.001904432 0.002641214
-0.122800465 1.002819468 0.002642054
-0.122421264 1.001172893 0.002679163
-0.122338479 0.998353407 0.002861113
-0.121904956 0.998652119 0.002640047
-0.121876362 1.000236361 0.002641374
-0.121432064 1.003674965 0.002641937
-0.121411574 0.995788658 0.0026377
-0.121032356 0.996198435 0.002676889
-0.12094959 0.995894521 0.002859969
-0.120516054 1.000948554 0.002638571
-0.120487476 1.000811181 0.00264376
-0.120043187 0.998902397 0.002637854
-0.120022683 0.999384112 0.002645051
-0.119643449 0.997243401 0.002678016
-0.119560701 1.001397436 0.002869407
-0.119127152 1.000769727 0.002639174
-0.119098591 1.007006973 0.002645671
-0.118654309 0.996994189 0.00263742
-0.118633793 1.001585716 0.002643883
-0.118254542 1.000822586 0.002679621
-0.118171812 0.998207718 0.002860938
-0.117738251 0.99624958 0.002636231
-0.117709706 0.99747853 0.002646316
-0.117265431 1.000083704 0.002638953
-0.117244902 1.001837008 0.00264251
-0.116865635 1.001031392 0.002680357
-0.116782923 0.996569952 0.002861438
-0.116349349 0.999374094 0.002635699
-0.116320821 0.996065714 0.00264024
-0.115876554 1.00535736 0.0026419
-0.115856011 1.001732756 0.002642302
-0.115476728 0.99986302 0.002682757
-0.115394034 0.999310675 0.002861439
-0.114960447 1.005220268 0.002640723
-0.114931936 0.999414693 0.002640867
-0.114487676 1.005060672 0.002642621
-0.11446712 1.001099744 0.002643154
-0.114087821 0.996652438 0.002677245
-0.114005145 0.996695723 0.002863421
-0.113571545 1.001540907 0.002637983
-0.11354305 0.994868928 0.00264148
-0.113098799 1.001819202 0.002641437
-0.11307823 0.998686305 0.002643414
-0.112698914 1.00345467 0.00268491
-0.112616256 0.99731939 0.002860748
-0.112182643 0.998471585 0.002635332
-0.112154165 1.001981335 0.002641514
-0.111709921 0.999322314 0.002637609
-0.111689339 1.000871901 0.002643469
-0.111310007 1.000383432 0.002677332
-0.111227367 0.996381027 0.002859128
-0.110793741 1.001005496 0.002639861
-0.11076528 0.998443614 0.002642647
-0.110321044 1.002011971 0.002640196
-0.110300448 1.000019504 0.002643446
-0.1099211 0.999822636 0.002677567
-0.109838478 1.00511928 0.00286632
-0.10940484 0.998536691 0.002636926
-0.109376395 1.002891428 0.002643915
-0.108932166 0.999838574 0.002639212
-0.108911557 0.997701134 0.00264331
-0.108532193 0.995493591 0.002678266
-0.108449588 0.995531402 0.002857543
-0.108015938 1.000126686 0.002636805
-0.10798751 0.99964688 0.002643319
-0.107543288 0.997638513 0.002636151
-0.107522667 0.998388375 0.002640512
-0.107143286 0.999401663 0.002677108
-0.107060699 0.997309252 0.002861145
-0.106627036 0.999565762 0.002638297
-0.106598624 0.999372029 0.002640279
-0.106154411 0.998945595 0.002638558
-0.106133776 0.996686692 0.002640282
-0.105754378 1.000129842 0.002677673
-0.10567181 1.003113861 0.002859948
-0.105238134 0.99838448 0.002636393
-0.105209739 1.001972918 0.002642798
-0.104765533 1.000626344 0.002642762
-0.104744885 1.004150597 0.002648372
-0.104365471 1.00175385 0.002679867
-0.104282921 1.000233413 0.002858432
-0.103849232 1.004194826 0.002641313
-0.103820854 0.997097853 0.002640841
-0.103376656 1.002888389 0.002639827
-0.103355994 1.001068422 0.002642411
-0.102976564 1.001867883 0.002679565
-0.102894032 1.001452658 0.002859962
-0.102460331 1.000811827 0.002638881
-0.102431969 0.998517674 0.002642277
-0.101987778 0.997312971 0.002637214
-0.101967104 1.004052801 0.00264508
-0.101587657 0.999316685 0.002678998
-0.101505143 0.996952215 0.002856162
-0.101071429 1.000247314 0.002639569
-0.101043084 0.994177407 0.002637388
-0.100598901 0.998912513 0.00263753
-0.100578213 0.99707999 0.002637974
-0.10019875 1.000577661 0.00267799
-0.100116254 1.002511663 0.002862239
-0.099682527 1.000081328 0.002638353
-0.099654199 0.999176442 0.002647463
-0.099210023 1.000289058 0.002637813
-0.099189322 1.003793773 0.002645532
-0.098809843 0.99986812 0.00267943
-0.098727365 1.004245264 0.002861938
-0.098293625 1.000256966 0.002637542
-0.098265313 1.00323004 0.002643911
-0.097821146 0.996639579 0.002636658
-0.097800432 0.996030905 0.002639188
-0.097420936 0.996811106 0.002677135
-0.097338476 1.00006709 0.002860467
-0.096904723 1.002202583 0.002643966
-0.096876428 1.001477006 0.002641056
-0.096432268 1.002539618 0.002637724
-0.096411541 1.000413862 0.002643075
-0.096032029 0.988769454 0.002673139
-0.095949587 0.998630891 0.002857351
-0.095515822 1.004166602 0.002638361
-0.095487543 0.999124179 0.002641619
-0.095043391 0.996570908 0.002636202
-0.09502265 0.996433864 0.002642512
-0.094643122 1.000948221 0.002678735
-0.094560697 1.000147896 0.002860306
-0.09412692 1.003349891 0.002638464
-0.094098658 1.006379335 0.002644544
-0.093654513 1.002607621 0.002637424
-0.09363376 0.997910094 0.002639806
-0.093254215 1.001969168 0.002677594
-0.093171809 0.998906049 0.002859319
-0.092738018 0.997746217 0.002638384
-0.092709773 0.997374933 0.002641014
-0.092265636 0.996827024 0.002638636
-0.092244869 0.998067929 0.002643675
-0.091865308 1.000568916 0.002675923
-0.091782919 1.002193926 0.002860068
-0.091349116 0.999061958 0.00263831
-0.091320888 1.000605144 0.00264491
-0.090876758 1.000238589 0.002638514
-0.090855979 1.003360729 0.002644595
-0.090476401 1.001092946 0.002677648
-0.09039403 1.002612924 0.002859649
-0.089960215 1.001863855 0.002639833
-0.089932002 0.999318715 0.00264291
-0.089487881 0.999777747 0.002641854
-0.089467088 0.995095907 0.002640304
-0.089087494 0.998590852 0.002675669
-0.089005141 1.001292358 0.002860033
-0.088571313 0.994316203 0.002636595
-0.088543117 0.999209449 0.002641784
-0.088099003 1.001278534 0.002641178
-0.088078197 1.001300956 0.002640653
-0.087698586 1.00044028 0.002675876
-0.087616252 0.998586641 0.002864276
-0.087182411 0.998514189 0.00263826
-0.087154232 0.997835642 0.002641221
-0.086710125 1.000991781 0.002637715
-0.086689306 0.998675626 0.002640795
-0.086309679 0.999489759 0.002678196
-0.086227363 0.998023266 0.002858909
-0.085793509 0.997675421 0.00263646
-0.085765347 1.00017968 0.002643548
-0.085321248 1.000259762 0.002635494
-0.085300416 0.997810379 0.002642301
-0.084920772 1.002780686 0.002679185
-0.084838474 0.999429409 0.002859917
-0.084404607 1.003322741 0.002641227
-0.084376462 1.00114589 0.002643897
-0.083932371 1.003111649 0.002638061
-0.083911525 1.000511614 0.002641648
-0.083531865 1.004412555 0.002680282
-0.083449585 1.002492341 0.002860817
-0.083015706 1.000210215 0.002637709
-0.082987577 1.004010007 0.002644715
-0.082543493 1.002349573 0.002642525
-0.082522635 1.001672631 0.002646096
-0.082142958 0.999611676 0.002681223
-0.082060696 0.997264943 0.002858547
-0.081626804 1.002237025 0.002638635
-0.081598691 0.997536284 0.002639461
-0.081154616 0.998689205 0.002637946
-0.081133744 1.003709915 0.0026453
-0.080754051 0.997879896 0.002674543
-0.080671807 1.002877228 0.002860096
-0.080237902 0.999347766 0.002637475
-0.080209806 1.00343851 0.002644972
-0.079765738 0.999158422 0.002639164
-0.079744854 1.002202278 0.002642412
-0.079365144 0.996516486 0.002674146
-0.079282918 1.003451517 0.002862622
-0.078849 0.995705694 0.002638093
-0.078820921 1.005508218 0.002644294
-0.078376861 1.00220392 0.002641344
-0.078355963 1.001507829 0.002644378
-0.077976237 1.000346239 0.002679474
-0.077894028 0.99745834 0.002858127
-0.077460099 1.001876525 0.002639029
-0.077432036 1.002755218 0.002644757
-0.076987983 1.001899691 0.002635787
-0.076967073 0.999457847 0.002649059
-0.07658733 1.00083232 0.002678642
-0.076505139 1.004807148 0.002859082
-0.076071197 0.999018114 0.002637858
-0.076043151 0.999495589 0.002640587
-0.075599106 0.99910696 0.002638699
-0.075578182 0.998814768 0.002642778
-0.075198423 0.998049031 0.002676562
-0.07511625 1.000455555 0.00285896
-0.074682295 1.000412635 0.002639966
-0.074654266 0.998167327 0.002640562
-0.074210228 0.995540797 0.002633635
-0.074189291 1.009147917 0.00264668
-0.073809516 0.998077847 0.002675528
-0.073727361 0.99837106 0.002857953
-0.073293393 1.001107263 0.002638112
-0.073265381 0.997764462 0.002640526
-0.072821351 0.9993885 0.002636859
-0.072800401 0.999701031 0.002642363
-0.072420609 1.000639199 0.002684981
-0.072338472 0.998701857 0.002859054
-0.071904491 0.999347297 0.002637792
-0.071876495 1.001329664 0.002643343
-0.071432473 0.998537191 0.002636604
-0.07141151 0.997169403 0.002638683
-0.071031702 0.999646051 0.002678918
-0.070949583 0.999256049 0.002861861
-0.07051559 0.995947369 0.002638476
-0.07048761 0.999535897 0.002643659
-0.070043596 0.998635462 0.002636048
-0.07002262 1.000534767 0.002643142
-0.069642795 0.995404807 0.002673925
-0.069560694 1.001428088 0.002860375
-0.069126688 1.002582507 0.00263919
-0.069098725 0.995870677 0.002640412
-0.068654718 1.0006669 0.002634967
-0.068633729 1.002829316 0.002644855
-0.068253888 1.003000949 0.002682773
-0.068171805 0.999186394 0.002859069
-0.067737786 1.000792041 0.002638387
-0.06770984 0.996469094 0.002641354
-0.067265841 0.997505927 0.002634504
-0.067244839 1.00032058 0.002640181
-0.066864981 1.004099312 0.002680469
-0.066782916 0.998607633 0.002861317
-0.066348885 1.000379711 0.002640883
-0.066320955 1.003813349 0.002644798
-0.065876963 0.9979114 0.002633931
-0.065855948 0.998824493 0.002639439
-0.065476074 1.002385758 0.002679508
-0.065394027 1.000525209 0.002858998
-0.064959983 0.998035785 0.00263763
-0.06493207 1.004860501 0.002647495
-0.064488086 0.996551145 0.002633132
-0.064467058 0.997191971 0.002638537
-0.064087166 1.001359535 0.002681662
-0.064005138 0.999644752 0.002856554
-0.063571081 1.000907345 0.00263856
-0.063543185 0.999530138 0.002644179
-0.063099209 0.997098614 0.002636401
-0.063078167 0.998004912 0.002643186
-0.06269826 0.995732498 0.002675668
-0.062616249 1.001213282 0.002862087
-0.062182179 0.998858777 0.002639275
-0.062154299 0.998969681 0.002644238
-0.061710331 1.001372597 0.00263616
-0.061689277 0.999209346 0.002640079
-0.061309352 1.005223276 0.002682417
-0.06122736 1.000291557 0.002859346
-0.060793277 1.000999881 0.002641897
-0.060765414 0.994546659 0.002639128
-0.060321454 1.000050953 0.002636603
-0.060300386 1.000145631 0.002640631
-0.059920445 0.999971674 0.002677491
-0.05983847 0.997834282 0.00285868
-0.059404376 0.99976715 0.002640137
-0.059376529 0.998692418 0.002642241
-0.058932576 1.004616206 0.00263918
-0.058911496 0.999064248 0.002635701
-0.058531538 0.996654791 0.002677116
-0.058449581 1.001407812 0.002859899
-0.058015474 0.99834669 0.002641726
-0.057987644 0.997782991 0.002641034
-0.057543699 0.999391019 0.002634235
-0.057522605 0.99987089 0.002639801
-0.057142631 0.99744805 0.002675789
-0.057060692 1.000026776 0.002860513
-0.056626572 1.001576568 0.002642858
-0.056598759 1.001607277 0.002646096
-0.056154821 0.999823245 0.002637879
-0.056133715 1.005586643 0.002644149
-0.055753724 1.001680583 0.002680549
-0.055671803 0.998782603 0.002858296
-0.055237671 0.995401345 0.002637246
-0.055209874 1.003073137 0.002646311
-0.054765944 1.005210562 0.002637589
-0.054744824 1.000714838 0.00264347
-0.054364817 1.003045145 0.002681984
-0.054282914 1.001773224 0.00285983
-0.053848769 0.99694793 0.002638909
-0.053820989 1.000329376 0.002642718
-0.053377067 0.997483876 0.002634836
-0.053355934 1.000141906 0.002641061
-0.05297591 1.001992256 0.002681892
-0.052894025 0.994532067 0.002858792
-0.052459867 1.001092951 0.002640596
-0.052432104 1.000372334 0.002643878
-0.051988189 0.996922237 0.002635192
-0.051967044 1.004094739 0.00264082
-0.051587003 0.999185199 0.002679624
-0.051505136 1.0003414 0.002861268
-0.051070965 1.002671811 0.00264322
-0.051043218 0.999722696 0.002643477
-0.050599312 1.001699717 0.002636012
-0.050578153 1.002730014 0.002643629
-0.050198096 1.003102931 0.002682975
-0.050116247 0.995015791 0.002860234
-0.049682064 1.002668569 0.002641802
-0.049654333 1.000457182 0.002643064
-0.049210435 0.996387455 0.002632002
-0.049189263 0.998589271 0.00263732
-0.048809189 1.004004971 0.002679888
-0.048727358 1.002896576 0.002863742
-0.048293162 0.999736167 0.002639883
-0.048265448 0.995730663 0.002639445
-0.047821557 0.995091187 0.002632167
-0.047800372 0.996697409 0.002637846
-0.047420282 1.000713051 0.002676604
-0.047338469 0.998852653 0.002858797
-0.04690426 0.997704494 0.002641233
-0.046876563 0.997642539 0.002641327
-0.04643268 0.998986353 0.002633113
-0.046411482 1.001550284 0.00264247
-0.046031375 0.99758075 0.002677455
-0.04594958 1.003215286 0.00286283
-0.045515359 0.994415667 0.00263376
-0.045487678 0.999014833 0.002643639
-0.045043802 0.9989428 0.002637928
-0.045022591 0.998492247 0.002642721
-0.044642468 0.995972365 0.002674854
-0.044560691 0.997705367 0.002858669
-0.044126457 0.999132555 0.002637718
-0.044098793 1.001486729 0.002643839
-0.043654925 0.996640664 0.002633432
-0.043633701 0.998833889 0.002640068
-0.043253561 0.99939884 0.002678797
-0.043171802 1.003257415 0.002862044
-0.042737555 1.004315751 0.002641338
-0.042709908 1.003760933 0.00264693
-0.042266047 0.992546808 0.002630898
-0.042244811 0.993901437 0.002634892
-0.041864654 1.002901364 0.00268099
-0.041782912 0.996203309 0.002859924
-0.041348654 0.996460318 0.002634561
-0.041321023 1.000468209 0.002643101
-0.04087717 0.995290276 0.002632584
-0.04085592 0.999683031 0.002638883
-0.040475747 1.002999379 0.00267839
-0.040394023 0.998348826 0.002858815
-0.039959752 0.997091222 0.00263589
-0.039932137 1.001905478 0.002643928
-0.039488293 1.001944407 0.002637022
-0.03946703 0.996046956 0.002638268
-0.03908684 0.995666674 0.002673536
-0.039005134 0.995410953 0.002860313
-0.03857085 0.994703597 0.002637383
-0.038543252 0.996032186 0.002640025
-0.038099415 0.998387272 0.002633908
-0.038078139 1.001471156 0.002639883
-0.037697933 1.000383334 0.002678223
-0.037616245 0.999893218 0.002861293
-0.037181948 0.998668339 0.002639589
-0.037154367 1.000345208 0.002643689
-0.036710538 0.994626524 0.002632625
-0.036689249 1.000238133 0.002640308
-0.036309026 1.000380132 0.002677426
-0.036227356 1.004697478 0.002861605
-0.035793047 1.000068691 0.00264062
-0.035765482 1.000766093 0.002645564
-0.035321661 0.998015726 0.002634775
-0.035300359 0.994602495 0.002634898
-0.034920119 0.995838246 0.002676478
-0.034838467 0.999048055 0.002860689
-0.034404145 1.001410788 0.002639871
-0.034376597 0.996725216 0.002641825
-0.033932783 0.994850728 0.002633318
-0.033911469 1.002141959 0.002643805
-0.033531212 0.995449325 0.002674442
-0.033449578 1.000556523 0.002860937
-0.033015243 1.000063342 0.00264313
-0.032987712 1.000041816 0.002645186
-0.032543906 0.999041885 0.002633617
-0.032522578 0.996976199 0.002636969
-0.032142305 0.996340526 0.002675883
-0.032060689 0.99654609 0.002858758
-0.031626342 1.000031224 0.002640198
-0.031598827 0.996596801 0.002641049
-0.031155029 0.995174841 0.002634857
-0.031133688 1.001089766 0.002644836
-0.030753398 1.002740943 0.002678281
-0.0306718 1.005163186 0.002863472
-0.03023744 0.995888253 0.002636684
-0.030209942 0.995221003 0.002643887
-0.029766151 0.998449808 0.002634414
-0.029744797 0.998149833 0.002640162
-0.029364491 1.005020123 0.002677142
-0.029282911 0.99965834 0.002860885
-0.028848538 0.996740087 0.002638751
-0.028821057 0.993616905 0.002640302
-0.028377274 0.998207328 0.002634467
-0.028355907 0.99816885 0.002640034
-0.027975584 1.003544872 0.002676538
-0.027894022 0.998180709 0.002859105
-0.027459636 0.99655416 0.002637439
-0.027432172 0.999133412 0.002643068
-0.026988397 0.998764614 0.00263399
-0.026967017 0.995272064 0.002638312
-0.026586677 1.000542016 0.002675556
-0.026505133 0.99953094 0.002858304
-0.026070735 0.999455376 0.002639708
-0.026043287 0.996789325 0.002641965
-0.025599519 0.997586282 0.002632632
-0.025578127 0.995265651 0.002637333
-0.02519777 1.002716314 0.002679213
-0.025116244 1.0015588 0.002861957
-0.024681833 0.995971481 0.002639898
-0.024654401 0.997779419 0.002642823
-0.024210642 0.994383504 0.002629518
-0.024189236 1.003181065 0.002641801
-0.023808863 0.996306351 0.002675495
-0.023727355 0.991051317 0.002856805
-0.023292932 1.000123769 0.00264118
-0.023265516 1.002668949 0.002649682
-0.022821765 0.998034026 0.002632613
-0.022800346 0.993922757 0.002638532
-0.022419955 1.001623449 0.002676483
-0.022338465 0.993852129 0.002858485
-0.02190403 1.002303793 0.002642697
-0.021876631 1.002964377 0.002645217
-0.021432887 0.994258287 0.002632301
-0.021411456 0.999618548 0.002640693
-0.021031049 0.995150673 0.002673835
-0.020949576 1.000407349 0.002860128
-0.020515128 0.998916015 0.002640075
-0.020487746 0.99631498 0.002644569
-0.02004401 0.995297868 0.002632414
-0.020022565 0.995316464 0.002638265
-0.019642141 0.994060233 0.002671604
-0.019560687 0.995942064 0.002860028
-0.019126226 0.996922033 0.002637801
-0.019098861 0.996648597 0.002644019
-0.018655133 1.000960524 0.002637364
-0.018633675 1.002939716 0.002640734
-0.018253235 0.997423533 0.002672676
-0.018171798 0.999074707 0.002861951
-0.017737325 0.997974051 0.002639716
-0.017709976 0.994799767 0.002640973
-0.017266255 0.999266654 0.002635331
-0.017244785 0.998850002 0.0026378
-0.016864327 0.996174392 0.002673344
-0.016782909 1.000551683 0.002861019
-0.016348423 0.996795015 0.002637576
-0.016321091 0.995819968 0.002642803
-0.015877378 0.996431847 0.002633656
-0.015855895 0.997703527 0.002639639
-0.015475421 0.998882209 0.002673791
-0.01539402 0.999584155 0.002860682
-0.014959521 1.001543422 0.002639541
-0.014932206 0.999489505 0.002643621
-0.014488501 0.996259299 0.002631523
-0.014467005 1.001332153 0.002640862
-0.014086513 1.000895436 0.00267538
-0.014005131 0.998624154 0.002858691
-0.01357062 1.00052409 0.002639706
-0.013543321 0.996023899 0.002644132
-0.013099623 1.000128299 0.002633475
-0.013078114 0.998229875 0.002640865
-0.012697606 0.999556402 0.002673267
-0.012616242 1.006080603 0.002862345
-0.012181718 1.002258653 0.002643002
-0.012154436 1.000391505 0.002643305
-0.011710746 0.996192863 0.002633607
-0.011689224 0.994537009 0.002637188
-0.011308699 1.002239609 0.00267526
-0.011227353 0.997092032 0.002857941
-0.010792817 0.999344089 0.002638119
-0.010765551 0.999131803 0.002644861
-0.010321869 0.999989543 0.002638639
-0.010300334 0.999837521 0.002643904
-0.009919792 0.994711257 0.002670408
-0.009838464 0.998298825 0.00285855
-0.009403915 0.999653881 0.002639219
-0.009376666 1.001311505 0.002644771
-0.008932992 0.997376012 0.002632445
-0.008911444 0.998723375 0.002640972
-0.008530885 0.99876897 0.002671605
-0.008449575 0.99753549 0.00286039
-0.008015013 0.996157604 0.002639424
-0.007987781 0.991551191 0.002638573
-0.007544114 0.996812463 0.002635267
-0.007522553 0.996357036 0.002637963
-0.007141978 0.996014957 0.002671618
-0.007060686 0.996103642 0.00285917
-0.006626111 0.999398988 0.002641685
-0.006598896 1.002105747 0.002643712
-0.006155237 0.995851433 0.002631523
-0.006133663 0.996153012 0.002636723
-0.005753072 0.997933688 0.002673286
-0.005671797 1.002762424 0.002867354
-0.00523721 0.99736968 0.002637502
-0.005210011 0.996424859 0.002642882
-0.00476636 0.995598917 0.002633334
-0.004744773 0.995107859 0.002635256
-0.004364164 1.000630134 0.002674412
-0.004282908 0.993819272 0.002855693
-0.003848308 1.003473863 0.002641044
-0.003821126 0.998651102 0.002643278
-0.003377482 0.996647859 0.002633206
-0.003355883 0.994202817 0.002636907
-0.002975257 0.99925345 0.00267178
-0.002894019 0.995586345 0.00285828
-0.002459407 0.996394363 0.002638758
-0.00243224 0.995948215 0.002638893
-0.001988605 0.997778611 0.002633879
-0.001966993 1.002986013 0.00264131
-0.00158635 0.99950282 0.002674099
-0.001505129 1.000229221 0.002861638
-0.001070505 0.999724121 0.002640042
-0.001043355 0.998882337 0.002641414
-0.000599728 0.997173833 0.002634557
-0.000578103 0.998962879 0.002640159
-0.000197443 1.004966389 0.002676245
-0.00011624 0.996168001 0.002858202
0.000318397 0.996823699 0.002641632
0.00034553 0.998866441 0.002642128
0.000789149 0.995614874 0.002633154
0.000810788 0.997490238 0.002639563
0.001191464 1.001989068 0.002674413
0.001272649 1.0022718 0.002863885
0.001707298 0.996771567 0.002637357
0.001734415 0.997253283 0.002644542
0.002178027 0.994881759 0.002630124
0.002199678 0.998551773 0.002636598
0.002580371 0.997618527 0.002673003
0.002661538 0.998094132 0.002859882
0.0030962 0.999792689 0.002641409
0.0031233 1.001238479 0.00264582
0.003566904 0.996487035 0.002634386
0.003588568 0.998301443 0.002637722
0.003969277 0.996579045 0.002673527
0.004050427 0.995542755 0.002858609
0.004485102 1.000149259 0.002641033
0.004512185 0.999877025 0.002644503
0.004955781 0.996665199 0.002632361
0.004977458 0.997778319 0.002638638
0.005358185 1.002389104 0.002679661
0.005439316 0.998452888 0.002858308
0.005874003 0.998691389 0.002642233
0.00590107 0.997952334 0.002642502
0.006344658 0.997538704 0.002634434
0.006366348 1.000243372 0.002641788
0.006747092 0.997656073 0.002672054
0.006828205 1.002348314 0.002859519
0.007262905 1.000799884 0.002639843
0.007289955 0.999082871 0.002642606
0.007733536 0.992204252 0.002628538
0.007755238 0.992186673 0.002634451
0.008135999 0.995076256 0.002666563
0.008217094 0.99554064 0.002857343
0.008651806 0.99764024 0.002639733
0.00867884 0.995906923 0.002643476
0.009122413 0.998595715 0.002633331
0.009144128 0.998359976 0.002637178
0.009524906 0.996058021 0.002668419
0.009605983 0.998389962 0.002858673
0.010040708 0.999270982 0.002641206
0.010067725 0.997745605 0.002641575
0.01051129 0.996119567 0.002632349
0.010533019 0.997752371 0.002642063
0.010913812 1.002025625 0.00267338
0.010994872 0.999079696 0.002859209
0.01142961 1.000037751 0.002638339
0.01145661 0.999334158 0.002644312
0.011900167 0.997729451 0.002638948
0.011921909 0.999533783 0.002638262
0.01230272 0.998105675 0.002671662
0.012383761 1.001178883 0.002859782
0.012818511 1.002707084 0.002644586
0.012845495 0.998759024 0.002642921
0.013289045 0.998994517 0.002633552
0.013310799 0.996776841 0.002636627
0.013691626 0.995520282 0.002668347
0.01377265 0.996685746 0.002861196
0.014207413 1.002816763 0.002643292
0.01423438 1.00762029 0.002647405
0.014677922 1.001138107 0.002634346
0.014699689 0.997271061 0.002636927
0.015080533 0.994253353 0.00266929
0.015161539 0.996610576 0.002860105
0.015596315 0.99296818 0.002641495
0.015623265 0.999981129 0.002644001
0.016066799 0.994938955 0.002630911
0.016088579 0.997492611 0.002636262
0.01646944 1.003276391 0.002675419
0.016550428 1.00072919 0.002862723
0.016985216 1.003608504 0.002641915
0.01701215 1.002167249 0.0026463
0.017455676 0.993302707 0.002630357
0.017477469 0.999955751 0.002639237
0.017858347 0.99349344 0.002670902
0.017939317 0.997486292 0.002857786
0.018374118 0.998218505 0.002642469
0.018401035 1.000886423 0.002645126
0.018844553 0.996747272 0.002632941
0.018866359 0.996472719 0.002635699
0.019247254 0.999610615 0.002672827
0.019328207 1.005815017 0.002863516
0.01976302 0.993128951 0.002636862
0.01978992 0.998109976 0.002642544
0.020233431 0.999478528 0.002633882
0.020255249 0.996130423 0.002636929
0.020636161 0.997854801 0.00267307
0.020717095 1.000558261 0.002860577
0.021151921 0.996043083 0.002639936
0.021178805 0.997240125 0.002642953
0.021622308 1.000921769 0.002634802
0.021644139 0.999971106 0.002640559
0.022025068 0.997255302 0.002670682
0.022105984 0.999528687 0.002860318
0.022540823 1.002625114 0.002645838
0.02256769 1.002734307 0.002645108
0.023011185 0.994227551 0.002629899
0.023033029 0.996588658 0.002638156
0.023413975 0.990913622 0.002666612
0.023494874 1.000349691 0.002858151
0.023929724 0.998372227 0.002640571
0.023956575 1.00231388 0.002645698
0.024400062 0.994975544 0.002631258
0.024421919 0.996774871 0.002637003
0.024802882 0.999578137 0.002670265
0.024883763 1.004761802 0.002863395
0.025318626 0.999024826 0.002639301
0.02534546 0.997651342 0.002643955
0.025788939 0.998618068 0.002636034
0.025810809 0.993265159 0.002635793
0.026191789 0.994945155 0.002666358
0.026272652 0.995289815 0.00285855
0.026707527 0.998131787 0.002641912
0.026734345 0.999406277 0.002642899
0.027177817 0.994782447 0.002632614
0.027199699 0.997283555 0.002638581
0.027580696 0.993129473 0.002669337
0.027661541 0.994079452 0.002857932
0.028096429 0.999812558 0.002640889
0.02812323 1.000787439 0.002645679
0.028566694 0.999570311 0.002634049
0.028588589 0.999397598 0.0026409
0.028969603 0.999166715 0.002669058
0.02905043 0.994502758 0.002856255
0.029485331 0.996153767 0.002642279
0.029512115 0.998699784 0.002643381
0.029955571 0.991659262 0.002631805
0.029977479 0.993734059 0.002638039
0.03035851 0.99499425 0.002668408
0.030439319 0.99742653 0.002858814
0.030874232 0.995136103 0.002637274
0.030901 1.001560988 0.00264374
0.031344448 0.992503045 0.002631583
0.031366369 1.002999461 0.002641243
0.031747417 1.0003793 0.002673067
0.031828208 0.998325422 0.00286167
0.032263134 1.001109635 0.002641794
0.032289886 0.995979684 0.002642938
0.032733325 0.99955569 0.002634454
0.032755259 0.99631255 0.002634664
0.033136324 0.995047177 0.002668509
0.033217097 1.001698212 0.002866425
0.033652035 0.999529808 0.00264189
0.033678771 0.999974703 0.002642524
0.034122202 0.995864526 0.002634112
0.034144149 0.995338724 0.002637651
0.034525231 1.000423667 0.002670062
0.034605986 0.997631213 0.002860797
0.035040937 1.001084508 0.002644071
0.035067656 1.000877789 0.002645584
0.03551108 0.997357535 0.002634881
0.035533039 0.995283755 0.002634116
0.035914138 0.995394144 0.002666715
0.035994875 0.99770828 0.002860189
0.036429839 1.000916544 0.002641013
0.036456541 0.998789264 0.002643729
0.036899957 0.993736131 0.002628554
0.036921929 0.99722739 0.002640377
0.037303045 1.000458617 0.00267056
0.037383764 0.999456778 0.002861842
0.03781874 0.997369453 0.002638865
0.037845426 1.000337717 0.002645048
0.038288834 0.997545394 0.002636707
0.038310819 0.999762385 0.002639382
0.038691952 0.995544114 0.002666394
0.038772653 0.995501347 0.00285831
0.039207642 0.999466303 0.002640966
0.039234311 1.003221038 0.002652622
0.039677711 0.998279966 0.002633236
0.039699709 1.002944733 0.002641387
0.040080859 0.995355154 0.002667808
0.040161542 0.99851497 0.002860067
0.040596543 1.002000076 0.002642302
0.040623196 1.001560378 0.002642311
0.041066588 0.996525568 0.002636635
0.041088599 0.997443576 0.002640547
0.041469766 0.993380594 0.002668429
0.041550431 1.002390862 0.002863536
0.041985445 1.001017272 0.002641039
0.04201208 1.001651841 0.002644945
0.042455465 1.000363585 0.002633082
0.042477489 0.993274064 0.002636483
0.042858673 1.001516688 0.002673335
0.04293932 0.997891002 0.002863083
0.043374346 1.001047763 0.002643603
0.043400965 0.997810077 0.002642609
0.043844342 0.999525629 0.002633715
0.043866379 0.994950443 0.002637743
0.04424758 0.997475692 0.002669889
0.044328209 1.001277013 0.002864126
0.044763248 0.999943867 0.00264137
0.04478985 0.9948918 0.002642568
0.04523322 1.004295042 0.002638014
0.045255269 0.997582124 0.002641622
0.045636487 1.00106176 0.002672349
0.045717099 1.003421777 0.002863675
0.04615215 1.003581981 0.002641403
0.046178735 1.000651524 0.002646147
0.046622097 0.999001472 0.002631777
0.046644159 1.000003525 0.002637697
0.047025394 1.001367752 0.002670506
0.047105988 0.995629856 0.002858505
0.047541051 1.004415095 0.002644649
0.04756762 0.999602418 0.002643758
0.048010974 0.997387689 0.002633569
0.048033048 1.001122011 0.002642198
0.048414301 0.999538672 0.002669445
0.048494877 1.004313469 0.002865525
0.048929953 0.998678077 0.002639336
0.048956505 1.001897274 0.002644777
0.049399851 1.001299244 0.002636008
0.049421938 0.998338652 0.002641713
0.049803208 1.000767725 0.002668385
0.049883766 0.998881629 0.002862924
0.050318854 0.999240636 0.002639427
0.05034539 1.002390408 0.00264726
0.050788728 0.999888109 0.002633744
0.050810828 0.998452506 0.002637708
0.051192115 0.999726748 0.002670545
0.051272655 1.00435139 0.00286568
0.051707756 0.996443869 0.00263914
0.051734275 1.00364488 0.002651086
0.052177605 1.000817445 0.002635291
0.052199718 0.998908263 0.002639259
0.052581022 0.997906887 0.002666237
0.052661544 0.999966656 0.00286293
0.053096658 0.995313548 0.002637806
0.05312316 0.998790574 0.002643322
0.053566482 0.9969624 0.002631928
0.053588608 1.001922052 0.002642675
0.053969928 0.993439882 0.002664265
0.054050433 1.002761949 0.002863777
0.054485559 0.997100024 0.002640429
0.054512045 0.997690705 0.002642874
0.054955359 0.994488218 0.002634493
0.054977498 1.003312627 0.002640598
0.055358835 0.995448618 0.00266759
0.055439322 1.003122136 0.002862285
0.055874461 0.998619647 0.002642891
0.05590093 0.999636112 0.002645285
0.056344236 0.996499907 0.002634801
0.056366388 0.997646598 0.002640697
0.056747742 1.001208607 0.002674836
0.056828211 1.001166473 0.002865575
0.057263362 1.002016759 0.002644346
0.057289815 0.998707292 0.002644946
0.057733114 0.999313881 0.002631767
0.057755278 0.998896887 0.002639951
0.058136649 1.000680234 0.002670235
0.0582171 1.000311775 0.002864363
0.058652264 1.00274293 0.002643638
0.0586787 1.000725331 0.002647134
0.059121991 1.000869214 0.00263967
0.059144167 0.992571539 0.002636873
0.059525556 0.997944687 0.002665909
0.059605989 0.99820722 0.00286265
0.060041165 1.002345448 0.002639511
0.060067585 0.999600422 0.002646434
0.060510868 0.99769503 0.002630893
0.060533057 0.998030575 0.002640067
0.060914463 1.004883824 0.002671121
0.060994878 1.001501689 0.002866771
0.061430067 1.000811867 0.002642055
0.06145647 1.006509773 0.002651021
0.061899745 0.997319984 0.002636058
0.061921947 1.001846878 0.00264324
0.06230337 0.99875864 0.002667662
0.062383767 1.000471309 0.002865948
0.062818968 1.004742997 0.002644159
0.062845355 0.996139462 0.002643587
0.063288622 1.000489285 0.0026373
0.063310837 1.001283707 0.002641307
0.063692277 0.997066209 0.002669749
0.063772656 0.997104174 0.00286142
0.06420787 0.995332303 0.002639897
0.06423424 0.99707939 0.002645788
0.064677499 0.999941929 0.002633964
0.064699727 0.99588165 0.002637055
0.065081184 0.998055272 0.00266885
0.065161545 1.001077213 0.002867326
0.065596771 1.004348997 0.002643772
0.065623125 0.998800767 0.002642426
0.066066376 0.994515884 0.002631632
0.066088617 1.001052251 0.002637416
0.066470091 0.997574349 0.002666921
0.066550434 1.001740221 0.002865625
0.066985673 0.99844597 0.00264028
0.06701201 0.995983688 0.002646325
0.067455253 0.99918701 0.002635251
0.067477506 0.996890836 0.002639018
0.067858998 0.999051986 0.00266947
0.067939323 1.003779551 0.00286684
0.068374575 1.002299419 0.002644715
0.068400895 1.000299289 0.002644977
0.06884413 0.990199815 0.002629839
0.068866396 1.002782261 0.002641375
0.069247905 1.000963465 0.002669225
0.069328212 0.996910428 0.002866409
0.069763476 0.995596934 0.002640885
0.06978978 0.996608486 0.00264384
0.070233007 0.997747552 0.002635636
0.070255286 0.999622255 0.002638558
0.070636812 0.99900035 0.002671867
0.070717101 0.995032222 0.002861957
0.071152378 0.998737823 0.002640477
0.071178665 1.000133013 0.002642025
0.071621884 0.999464718 0.002638789
0.071644175 0.997233163 0.00263702
0.072025719 0.999607496 0.002669041
0.07210599 1.00501043 0.002869017
0.072541279 0.999080525 0.002641371
0.07256755 1.002224747 0.002647111
0.073010761 1.00359973 0.002637778
0.073033065 0.999279511 0.002640847
0.073414626 1.003455991 0.002672708
0.073494879 1.000708202 0.002868233
0.073930181 0.999416602 0.002641874
0.073956435 1.000795946 0.002644566
0.074399638 1.003287587 0.002638433
0.074421955 0.996685094 0.002638159
0.074803533 0.998610212 0.002672545
0.074883768 1.000766737 0.002864659
0.075319082 0.999530815 0.002640826
0.07534532 1.00080019 0.002644053
0.075788516 0.998965301 0.002635442
0.075810845 0.99986307 0.00263954
0.076192439 0.998876518 0.002669172
0.076272658 1.002844645 0.002867743
0.076707984 0.998329864 0.002643903
0.076734205 1.00559657 0.002648292
0.077177392 0.997625733 0.002634315
0.077199735 1.000188417 0.002641742
0.077581346 0.996930626 0.002667321
0.077661547 1.000253079 0.002866622
0.078096885 1.001836101 0.002640274
0.07812309 1.00203088 0.00264574
0.07856627 1.000005358 0.002636114
0.078588624 1.002731803 0.002646958
0.078970253 1.002143726 0.002669602
0.079050436 1.001360289 0.002866733
0.079485787 1.005800794 0.002644333
0.079511975 1.001162862 0.002642039
0.079955147 0.999500118 0.00263463
0.079977514 0.997975417 0.002637899
0.08035916 1.002491979 0.002671982
0.080439325 1.009239102 0.002872304
0.080874688 0.996309298 0.002638294
0.08090086 1.002537068 0.00264592
0.081344024 0.996673943 0.00263604
0.081366404 1.005099137 0.002641627
0.081748067 1.004483872 0.002672493
0.081828214 0.999301971 0.00286657
0.08226359 1.002897975 0.002644747
0.082289745 1.004696528 0.002646618
0.082732901 1.003120168 0.002639699
0.082755293 0.998872741 0.00264578
0.083136974 0.997479041 0.0026686
0.083217103 0.99766987 0.002863323
0.083652491 0.999186189 0.002641168
0.08367863 0.995470055 0.002641064
0.084121778 1.002522599 0.002637554
0.084144183 1.002556229 0.002643513
0.084525881 1.001887396 0.002668332
0.084605992 0.998458436 0.002864665
0.085041393 0.995586925 0.002638842
0.085067515 1.003436784 0.002643693
0.085510655 0.998982554 0.002637404
0.085533073 0.996747706 0.002638951
0.085914788 0.998408198 0.00266962
0.085994881 0.999243908 0.002864679
0.086430294 1.001060517 0.002641294
0.086456399 1.005884186 0.002645646
0.086899532 1.001818581 0.002638499
0.086921963 0.998193452 0.002637094
0.087303695 0.998988581 0.002670287
0.08738377 0.9969674 0.002863496
0.087819196 1.001061346 0.002646351
0.087845284 1.000749538 0.002642052
0.088288409 0.998788578 0.002634125
0.088310852 1.001622606 0.002641084
0.088692602 1.004488606 0.002672771
0.088772659 0.999287119 0.002866911
0.089208097 1.0001572 0.002639519
0.089234169 1.000037788 0.002640901
0.089677286 1.00034117 0.002637122
0.089699742 1.001877601 0.002641741
0.090081509 0.999338297 0.002668924
0.090161548 0.997440716 0.002863412
0.090596999 1.003432439 0.002644562
0.090623054 1.000150429 0.002642983
0.091066163 0.998931108 0.002635934
0.091088632 1.002575195 0.002642907
0.091470416 0.998923052 0.002669995
0.091550437 1.003705444 0.002869963
0.0919859 0.998405536 0.002640285
0.092011939 0.999336688 0.002640349
0.09245504 0.998997411 0.002637299
0.092477521 0.997528223 0.002639852
0.092859323 1.003004309 0.002671516
0.092939326 1.001876089 0.00287149
0.093374802 1.008991099 0.002647249
0.093400824 0.999668359 0.002642413
0.093843917 1.003274737 0.00264135
0.093866411 0.99842668 0.002639752
0.094248229 1.001325476 0.002669607
0.094328215 0.99972635 0.00286813
0.094763703 0.996595392 0.002640281
0.094789709 1.002632865 0.002644091
0.095232794 0.996022843 0.002633056
0.0952553 0.997610324 0.002639708
0.095637136 1.000351604 0.002670113
0.095717104 1.000024856 0.002868707
0.096152605 0.99927413 0.00264164
0.096178594 0.997452044 0.002642023
0.096621671 1.000077807 0.002638357
0.09664419 0.99687655 0.002637713
0.097026043 1.001099757 0.002674186
0.097105993 0.999036236 0.002868349
0.097541506 0.998781558 0.002639036
0.097567479 0.997424562 0.002639538
0.098010548 1.005860018 0.002645719
0.09803308 1.003392924 0.002642597
0.09841495 0.997874961 0.002668128
0.098494882 0.997029435 0.002868117
0.098930408 0.99877101 0.002642615
0.098956364 1.001198827 0.002640322
0.099399425 1.000276701 0.002638962
0.099421969 1.0023119 0.002643011
0.099803857 0.99587045 0.002667088
0.099883771 0.997456513 0.002864139
0.100319309 1.007797466 0.002646529
0.100345249 0.999399478 0.002641619
0.100788302 1.008455951 0.002643792
0.100810859 1.005736815 0.002641609
0.101192764 0.998183636 0.002667721
0.10127266 1.001226083 0.002869375
0.101708211 0.998162996 0.002639816
0.101734134 0.996051564 0.002639417
0.102177179 1.002720061 0.002638819
0.102199748 1.002341845 0.002642166
0.102581671 0.99955559 0.002670223
0.102661549 1.004826953 0.002870353
0.103097112 1.002650804 0.002644068
0.103123019 0.997615726 0.002641973
0.103566056 0.996286013 0.002638559
0.103588638 0.999639958 0.002641837
0.103970578 0.999452009 0.002669356
0.104050438 1.000817245 0.002868568
0.104486014 0.998439534 0.002639906
0.104511904 0.99851015 0.002640424
0.104954933 0.998659575 0.002642136
0.104977528 1.004216918 0.00264868
0.105359485 1.000960822 0.002670875
0.105439327 0.999202963 0.002868957
0.105874915 0.99878386 0.002642523
0.105900788 0.995690317 0.002639289
0.10634381 1.000095468 0.002637872
0.106366417 0.998275852 0.002639494
0.106748391 1.000248878 0.002670472
0.106828216 1.001085461 0.002869854
0.107263817 1.003396036 0.00264552
0.107289673 0.998332192 0.002640702
0.107732686 0.999191947 0.002638471
0.107755307 1.001610316 0.00264152
0.108137298 1.002092586 0.002670852
0.108217105 0.999869586 0.002871424
0.108652718 1.005215673 0.00264533
0.108678558 1.001333513 0.00264312
0.109121563 1.004408324 0.002642733
0.109144196 0.999221983 0.002640497
0.109526205 1.002847576 0.002669986
0.109605994 1.001122465 0.002868939
0.11004162 0.996813786 0.002638091
0.110067443 1.006338553 0.002646427
0.11051044 0.998139525 0.002636323
0.110533086 1.004856261 0.002642505
0.110915112 0.99839378 0.002669866
0.110994883 0.997650416 0.002864323
0.111430521 1.001124817 0.00264224
0.111456328 0.99820803 0.002645599
0.111899317 1.001523316 0.002638163
0.111921975 1.002845626 0.002645288
0.112304019 0.999384473 0.002670592
0.112383772 1.00109742 0.00286813
0.112819423 0.999712581 0.002640636
0.112845213 0.997489978 0.002640542
0.113288194 1.002780193 0.00263988
0.113310865 0.996687951 0.002638856
0.113692926 1.001501631 0.002670703
0.113772661 1.007672142 0.002874601
0.114208324 0.998822483 0.00263994
0.114234098 0.999489789 0.002639987
0.114677071 1.004745227 0.002638912
0.114699754 1.000025695 0.002640887
0.115081833 0.99703768 0.002667963
0.11516155 1.002014348 0.002872541
0.115597225 1.003525195 0.002645803
0.115622983 1.002596018 0.002643915
0.116065948 1.001975911 0.002641263
0.116088644 0.998284129 0.002639837
0.11647074 1.003970658 0.002672491
0.11655044 1.001095499 0.002869006
0.116986127 0.994898162 0.002638827
0.117011868 1.00309828 0.002644031
0.117454825 1.002440584 0.002640869
0.117477533 1.000695218 0.002641738
0.117859647 0.998175825 0.002671131
0.117939329 1.00029372 0.002866975
0.118375028 1.001447914 0.00264012
0.118400753 1.003173492 0.002643947
0.118843702 1.001530378 0.002641992
0.118866423 0.998281873 0.002639393
0.119248554 1.003330092 0.002673749
0.119328218 0.998704552 0.002866878
0.11976393 0.999176348 0.002639628
0.119789637 0.995567962 0.00264117
0.120232579 0.998038142 0.002640434
0.120255312 1.00005825 0.00263982
0.12063746 0.999793136 0.002669316
0.120717107 0.999217671 0.002866311
0.121152831 1.002644701 0.002642355
0.121178522 0.998654103 0.002643714
0.121621456 1.000479555 0.002639217
0.121644202 1.002532428 0.002642646
0.122026367 0.9992654 0.0026688
0.122105996 0.999787999 0.002870952
0.122541733 0.997778078 0.002639561
0.122567407 0.998480348 0.002643333
0.123010333 0.999269259 0.002638673
0.123033091 1.00219184 0.002641662
0.123415274 0.999307359 0.00267278
0.123494885 1.002607639 0.002872289
0.123930634 0.999040172 0.002639352
0.123956292 1.002282565 0.002642579
0.12439921 1.000986233 0.002638593
0.124421981 0.999787145 0.002642907
0.124804181 1.001158926 0.002669112
0.124883774 0.995414502 0.002866669
0.125319536 1.002368819 0.002642304
0.125345177 0.998237305 0.002640892
0.125788086 1.000317604 0.002640855
0.12581087 0.994622806 0.002640671
0.126193088 0.99320232 0.002664635
0.126272663 1.005328299 0.002871294
0.126708437 0.999050558 0.002640074
0.126734062 0.998642997 0.002639888
0.127176963 1.000868114 0.002642044
0.12719976 0.992903156 0.00263688
0.127581995 1.002996634 0.00267188
0.127661552 0.998020547 0.002871428
0.128097339 0.996195633 0.002639102
0.128122947 0.998667491 0.002640749
0.12856584 1.00244187 0.002640131
0.128588649 1.000683786 0.002639229
0.128970902 0.998674998 0.002670194
0.129050441 1.000773107 0.002871184
0.12948624 1.003206711 0.002644938
0.129511832 1.00080476 0.002641314
0.129954717 1.000910253 0.002639637
0.129977539 0.999898576 0.002642892
0.130359809 0.998193711 0.002670108
0.13043933 0.996871432 0.002867867
0.130875141 0.9996587 0.0026405
0.130900717 1.002037544 0.002641392
0.131343594 0.996546968 0.002636577
0.131366428 0.999123005 0.002642304
0.131748716 1.000986746 0.00267058
0.131828219 0.99701897 0.00286798
0.132264043 1.000265156 0.002640691
0.132289602 1.000138511 0.002644069
0.132732471 0.999366264 0.002639188
0.132755318 0.996543861 0.002639187
0.133137622 0.995334999 0.002667103
0.133217108 1.004770068 0.002872603
0.133652944 1.0052313 0.002642191
0.133678486 1.0004084 0.002641204
0.134121348 0.997909962 0.002637413
0.134144207 0.997143552 0.002639443
0.134526529 1.001734267 0.002669382
0.134605997 0.998764231 0.002868708
0.135041846 0.999285134 0.00264001
0.135067371 1.001475977 0.00264056
0.135510225 0.997622675 0.002640146
0.135533096 0.994387424 0.002638357
0.135915436 0.998248918 0.002666598
0.135994886 0.997666712 0.002869005
0.136430747 1.00613305 0.002646557
0.136456256 0.998780867 0.002639464
0.136899102 0.997961708 0.002638693
0.136921986 1.000405244 0.002641718
0.137304343 1.003068762 0.002671041
0.137383775 1.001421118 0.002870043
0.137819649 0.995189525 0.002638598
0.137845141 1.004573554 0.002643051
0.138287978 0.994884117 0.002636134
0.138310875 0.997574998 0.002641307
0.13869325 1.001610028 0.00266989
0.138772664 0.999815911 0.002872117
0.13920855 0.997582615 0.002640092
0.139234026 1.003326962 0.002642864
0.139676855 0.998455704 0.002637023
0.139699765 1.003807582 0.002644206
0.140082157 0.996607202 0.002668902
0.140161553 0.998844708 0.002869105
0.140597451 1.002006264 0.002641881
0.140622911 0.99864213 0.002645702
0.141065732 1.003475594 0.002640708
0.141088654 0.998074147 0.002640857
0.141471064 0.998399808 0.002672132
0.141550442 1.000094024 0.002869114
0.141986353 0.999261717 0.002641878
0.142011795 0.999219702 0.002641132
0.142454609 1.000416815 0.002638397
0.142477543 0.999928675 0.002639621
0.142859971 1.001397939 0.00267127
0.142939331 1.000362531 0.002872231
0.143375254 0.998619283 0.002641892
0.14340068 0.997966541 0.002642608
0.143843486 0.99893766 0.002640257
0.143866433 1.00171417 0.002642368
0.144248878 1.002145255 0.002670852
0.14432822 0.999465789 0.002869409
0.144764156 0.996477669 0.002638713
0.144789565 1.004057335 0.002648229
0.145232363 0.996113796 0.002637544
0.145255322 1.002848904 0.002643104
0.145637784 1.003102101 0.002672146
0.145717109 0.999949234 0.002869205
0.146153057 1.00146873 0.002642824
0.14617845 0.998786304 0.002641022
0.14662124 0.999848734 0.002641321
0.146644211 1.000843158 0.002641654
0.147026691 0.99936364 0.002668892
0.147105998 0.996500319 0.002867866
0.147541959 0.998533269 0.002639098
0.147567335 1.002635477 0.002645191
0.148010116 1.001741953 0.002640704
0.148033101 1.001745051 0.002641315
0.148415598 0.997669016 0.002667714
0.148494887 0.998715208 0.002866621
0.14893086 0.998879334 0.002637676
0.14895622 1.001716239 0.002643336
0.149398993 0.998851519 0.002638643
0.14942199 0.999646586 0.002640232
0.149804505 1.001990867 0.002669891
0.149883776 0.995205099 0.002868224
0.150319761 0.999555216 0.002641911
0.150345105 1.001350186 0.00264197
0.15078787 0.997545735 0.002637512
0.150810879 0.997894568 0.002639023
0.151193412 0.99867895 0.002668452
0.151272665 0.995883387 0.00286749
0.151708663 0.999497039 0.002641396
0.15173399 1.000829795 0.00264232
0.152176747 1.000325159 0.002642331
0.152199769 1.003433416 0.002645024
0.152582319 0.997930165 0.002670683
0.152661554 0.998725216 0.002869577
0.153097564 1.001220357 0.002640816
0.153122874 0.995606258 0.002641131
0.153565624 0.998506317 0.002643787
0.153588658 0.998384789 0.002639407
0.153971225 0.9969246 0.00266664
0.154050443 1.00028155 0.002868992
0.154486466 1.004610234 0.002640175
0.154511759 1.002156532 0.002640796
0.154954501 0.999188022 0.002641484
0.154977547 1.003358704 0.002642731
0.155360132 0.999883697 0.002668404
0.155439332 0.99783802 0.002869929
0.155875367 0.997837093 0.002641163
0.155900644 1.001568033 0.002641238
0.156343377 1.001955539 0.002639401
0.156366436 1.000870183 0.002643
0.156749039 1.000093423 0.002668281
0.156828221 1.002455464 0.002869031
0.157264268 1.002154958 0.002642099
0.157289529 1.000919314 0.002642913
0.157732254 1.00012985 0.002640398
0.157755326 1.000162921 0.002640498
0.158137946 1.00514749 0.002671146
0.15821711 0.999773761 0.002869625
0.15865317 0.998079882 0.002640378
0.158678414 0.996714499 0.002640332
0.159121131 1.004353213 0.002646618
0.159144215 1.002088324 0.002644756
0.159526853 0.998223701 0.00266774
0.159605999 0.998642822 0.002868695
0.160042071 0.99900762 0.002640477
0.160067299 1.003853451 0.002645902
0.160510008 0.999557392 0.002639341
0.160533104 1.000730895 0.002644288
0.16091576 0.998690574 0.002668299
0.160994888 1.005478667 0.002871794
0.161430973 0.998441578 0.002637831
0.161456184 0.998234926 0.00264011
0.161898884 0.99596056 0.0026412
0.161921993 0.999362037 0.002641807
0.162304667 1.005117846 0.002673886
0.162383777 0.99922954 0.002869567
0.162819874 0.999613102 0.002641777
0.162845068 0.995567586 0.002638383
0.163287761 0.999219332 0.002640842
0.163310883 0.995039163 0.002636865
0.163693573 0.997146225 0.002666189
0.163772666 1.001065426 0.002871507
0.164208775 1.002475992 0.002641876
0.164233953 0.999637079 0.002643642
0.164676638 0.99930719 0.002639285
0.164699772 1.001273646 0.002641396
0.16508248 0.998843139 0.00266551
0.165161555 1.002835086 0.002870781
0.165597677 0.999068176 0.002638047
0.165622838 1.00088054 0.002643407
0.166065515 1.003572134 0.002641889
0.166088661 1.003174985 0.002644068
0.166471387 1.002029095 0.002667198
0.166550444 1.002252733 0.002872328
0.166986578 0.998243481 0.002640323
0.167011723 1.001229702 0.002640748
0.167454392 0.999974826 0.002639482
0.167477551 1.002635854 0.002643808
0.167860294 0.995249027 0.002664423
0.167939333 0.994233825 0.002866988
0.168375479 0.998913168 0.002639379
0.168400608 1.000104973 0.002644526
0.168843268 1.000686163 0.002640726
0.16886644 1.000232821 0.002645451
0.169249201 1.000727354 0.002667447
0.169328222 1.00117413 0.002870503
0.169764381 0.999915235 0.002639785
0.169789492 0.997706047 0.002640433
0.170232145 0.997757639 0.002638703
0.170255329 0.997046263 0.002641328
0.170638108 1.002722401 0.002669347
0.170717111 0.999913178 0.002873719
0.171153282 0.997835117 0.002639701
0.171178377 1.000570232 0.002641941
0.171621022 1.001108222 0.002641313
0.171644218 1.001616932 0.002642509
0.172027015 1.002845757 0.002668896
0.172106 1.005446364 0.002874221
0.172542184 0.996456148 0.002638367
0.172567262 0.99581407 0.002640093
0.173009899 0.999162714 0.002639571
0.173033107 1.00251773 0.002643542
0.173415921 0.9998038 0.00266952
0.173494889 1.004747688 0.002876945
0.173931085 1.002559889 0.002642513
0.173956147 1.001351718 0.00264263
0.174398775 0.998988444 0.00263905
0.174421997 1.000826538 0.002643564
0.174804828 0.999257327 0.002669539
0.174883778 0.99950254 0.002871145
0.175319986 1.003993699 0.002643845
0.175345032 0.997478036 0.002640447
0.175787652 1.001291519 0.002642013
0.175810886 1.0031362 0.002643354
0.176193735 0.998974386 0.002667424
0.176272667 1.000250205 0.002871131
0.176708888 1.001956859 0.002642805
0.176733917 0.997778167 0.00264204
0.177176529 1.000743204 0.002640338
0.177199775 0.996410687 0.002639082
0.177582642 0.994852423 0.002667074
0.177661556 0.999576641 0.002870538
0.178097789 0.996212009 0.002640462
0.178122801 0.999732861 0.002641089
0.178565406 1.000539183 0.002641121
0.178588664 1.002107411 0.002641782
0.178971549 1.000487965 0.002667557
0.179050445 0.999495647 0.002869978
0.17948669 1.000079812 0.002638569
0.179511686 0.999221861 0.002644402
0.179954282 1.000697545 0.002640984
0.179977553 1.002602042 0.002642115
0.180360456 1.000775575 0.002669837
0.180439334 1.000860298 0.002872796
0.180875592 1.002299546 0.002640721
0.180900571 1.003617893 0.002643814
0.181343159 0.99918763 0.002639435
0.181366442 0.996728854 0.002639819
0.181749362 1.004689291 0.002670563
0.181828223 0.999792186 0.002869517
0.182264493 1.002299593 0.002640297
0.182289456 0.998715954 0.002642975
0.182732036 0.997246264 0.002638981
0.182755331 0.998655127 0.002638605
0.183138269 0.998370516 0.002668269
0.183217112 0.998105857 0.002872528
0.183653395 0.997300172 0.002639036
0.183678341 1.001625114 0.002644244
0.184120913 0.997314788 0.002638766
0.184144221 0.998503443 0.002641211
0.184527176 1.002499163 0.002668189
0.184606001 1.005370314 0.002875532
0.185042296 1.00053145 0.002644253
0.185067226 0.999617551 0.002642249
0.185509789 0.999252004 0.002638578
0.18553311 1.000399336 0.002640443
0.185916083 1.000328179 0.002667447
0.18599489 1.001800603 0.002872457
0.186431197 1.002920986 0.002642106
0.18645611 1.002607652 0.002643795
0.186898666 1.001915086 0.00264033
0.186921999 0.99772012 0.002643166
0.18730499 1.003146032 0.002667689
0.187383779 0.99971167 0.002871623
0.187820098 1.002242565 0.002639702
0.187844995 0.999016974 0.002645027
0.188287543 1.004814245 0.002640907
0.188310888 0.998665325 0.002639781
0.188693896 0.999194187 0.002667207
0.188772668 1.000013696 0.002870709
0.189209 1.001673903 0.002644106
0.18923388 1.000099997 0.002640318
0.189676419 1.002470204 0.002642972
0.189699777 0.99877401 0.002639702
0.190082803 1.000401401 0.002667287
0.190161557 0.999729082 0.002872878
0.190597901 1.003817892 0.00264289
0.190622765 0.998804072 0.002639096
0.191065296 1.002435172 0.002642261
0.191088666 0.998848597 0.002641102
0.19147171 1.000842954 0.002666449
0.191550446 0.996496907 0.002870428
0.191986803 0.99593632 0.002640953
0.19201165 0.999568233 0.002642755
0.192454173 1.001956553 0.002638199
0.192477555 0.999662838 0.002640996
0.192860617 1.00441889 0.002671329
0.192939335 1.000992252 0.00287374
0.193375704 0.999054533 0.002641058
0.193400534 1.000378435 0.002643434
0.193843049 0.999176225 0.002638119
0.193866444 1.000799216 0.002639502
0.194249524 0.999425044 0.002665034
0.194328224 0.99980996 0.002874225
0.194764605 0.996642285 0.002636445
0.194789419 1.000217981 0.002642027
0.195231926 1.000513459 0.002639227
0.195638431 0.995341563 0.002665659
0.195717113 0.997119477 0.002871317
0.196153507 0.996618257 0.002637102
0.196178304 1.001502631 0.002645474
0.196620803 1.000475002 0.002637096
0.196644222 0.995605692 0.002639146
0.197027337 0.998383637 0.002665255
0.197106002 1.002541104 0.002871532
0.197542408 0.998928107 0.002639445
0.197567189 0.997978205 0.00263955
0.19800968 0.998468151 0.002639817
0.198033111 1.00029231 0.002641796
0.198416244 0.999960812 0.002668607
0.198494891 0.999560288 0.002873557
0.198931309 0.999374948 0.002642575
0.198956074 1.002040189 0.002643106
0.199398556 1.003449038 0.002642114
0.199422 1.000552499 0.002639854
0.199805151 1.00150034 0.00266703
0.19988378 1.000526504 0.002873262