-0.22804365727029074 1.000324820106281 0.0007146135463215524
-0.2279030564459855 0.9990316620424714 0.0007359380113383773
-0.22665474006726072 1.0009718515876656 0.0007148257985010026
-0.2265141643873014 0.9992506117248192 0.0007356914450415366
-0.22526582286468477 1.000191077571415 0.0007145992368459542
-0.22512527232907006 0.9990660760172572 0.0007362945846803812
-0.2238769051973577 0.9998524315478464 0.0007145376779776257
-0.22373638073741084 0.9998181570811191 0.0007360629991688119
-0.222487987994327 1.0006697820651458 0.0007144303148693883
-0.22234748867872675 1.0008868808967193 0.0007363403468684257
-0.22109907079175173 0.9997548601522763 0.0007145663309657342
-0.2209585970854749 1.0008652116846382 0.0007363558314427287
-0.21971015359008594 1.0006564526903474 0.0007150366992010279
-0.21956970502792805 0.9993343152347788 0.0007361796577763335
-0.21832123592116692 1.0008626848225046 0.0007147124310601642
-0.21818081296992306 1.0006662206490553 0.0007363879925376423
-0.2169323187179092 0.999966503994488 0.0007146124545315566
-0.2167919213766739 1.0003827058275037 0.0007360970638289267
-0.21554340151601503 1.0003160109806366 0.0007146075915618273
-0.21540302931844255 0.9998250940283758 0.0007358731304611106
-0.2141544843136668 1.0004033803367582 0.0007147381256515147
-0.2140141377258725 0.9992800331419949 0.0007359334324275198
-0.21276556664474777 1.0003294762912365 0.0007144809649326784
-0.2126252456678702 1.0000397557919891 0.0007359486229289083
-0.211376649443082 1.0002158767773923 0.0007148157605581148
-0.21123635407552918 0.9997399100842239 0.0007360410862971416
-0.2099877322405067 1.0002541404812768 0.00071441773344031
-0.20984746201661605 0.9996100816225953 0.0007358574612802157
-0.20859881503724897 0.999682320043543 0.0007145665213410005
-0.20845856995838472 0.9987047624960155 0.0007355760895510962
-0.2070696783667255 1.0005349148171583 0.000736132091978964
-0.20582098016598172 1.0009388839702251 0.000714719075427275
-0.20568078630781506 0.9996123504640722 0.0007358867936431804
-0.20443206296431526 0.9993211132931381 0.0007144112982550466
-0.2042918947145632 1.0010419038270355 0.000736283144199991
-0.20304314576128524 0.999551481571108 0.0007145307882569829
-0.20290300265656092 0.9989309399377355 0.0007357696218769362
-0.2016542285587093 0.99975717429557 0.0007144310573144657
-0.2015141110637645 1.0001797985253655 0.0007359187580221363
-0.20026531089138155 0.9993360833315253 0.0007145765697704359
-0.2001252190057595 1.000221701112517 0.0007358929501978655
-0.19887639368812382 1.000646218459747 0.0007146237269229619
-0.19873632741251035 0.9995340972467087 0.0007357468808392672
-0.1974874764848661 1.0006045056952995 0.0007144940522170851
-0.19734743535450536 0.9992737757411609 0.0007355043535065511
-0.19609855928297326 0.9997193890262275 0.0007143525587959858
-0.19595854376261976 0.9988490684026209 0.0007356109948462368
-0.19470964208062502 0.9992741438079782 0.0007143028158130079
-0.19456965170370663 0.9998589460470122 0.0007358786765320367
-0.1933207248773673 1.000906106353354 0.0007148411912009872
-0.19318076011068383 1.0007418919252862 0.000735881790301045
-0.19193180721003955 0.9991707213681017 0.0007141588313517689
-0.19179186805336335 1.0005308269720747 0.0007360379403362839
-0.1905428900074636 0.9995501557020372 0.0007141193711123666
-0.19040297646056692 0.9995331070217552 0.0007358588719462442
-0.18915397280443358 1.0005191785510472 0.0007145874819621218
-0.18901408440188014 1.0000016116265364 0.0007358528913788784
-0.18776505560185763 0.9999685275488558 0.0007146493078191695
-0.18762519280931278 1.000433708264757 0.0007359110207256263
-0.1863761383995094 1.0007130446517836 0.0007146773836566494
-0.1862363007513078 0.9993922945140985 0.0007356357731592883
-0.18498722073127283 0.9999018813856828 0.0007145779223602486
-0.1848474091587404 0.9992901162793474 0.000735630577825681
-0.18359830352869755 0.9997344389891013 0.0007143208270999021
-0.18345851710050906 1.0009839653930686 0.0007360381313151209
-0.1822093863263493 1.0008874226277094 0.0007148536227686048
-0.18206962550748626 0.9998883245695079 0.0007356443768026017
-0.18082046912400107 0.9984233623495304 0.0007141543037754955
-0.18068073344925492 1.0008274912356598 0.0007360240963736319
-0.17943155192142513 1.0004937670479437 0.0007147801417905163
-0.1792918418569139 1.000248411912551 0.0007358410091950308
-0.1780426347183951 1.000253233647026 0.0007145819498589927
-0.17790295026366207 1.0010187571771259 0.0007359216022503802
-0.17665371751581915 0.9994079867717145 0.0007144243705820692
-0.17651405820565977 1.0007658071123484 0.0007360124410416564
-0.17526479984849141 0.9994675940898234 0.000714229515826423
-0.17512516661286334 0.999693803678737 0.0007359203634699552
-0.17387588264523368 0.9989064761719226 0.0007142096596621689
-0.17373627455486107 0.999446090025293 0.0007355903386580516
-0.1724869654426584 0.9999117148072331 0.0007143945791490762
-0.17234738296251736 0.999455485442517 0.0007354356783076871
-0.17109804824008312 1.000763450198779 0.00071457917238842
-0.17095849090360693 1.000269779121925 0.000735620929476216
-0.16970913103705243 0.9987212522440381 0.0007144027886467098
-0.16956959931103685 1.0010593011059812 0.0007357975974641472
-0.16832021383447715 0.9989126460103587 0.0007142119546337018
-0.16818070771937763 0.9986650862886289 0.0007351497951187077
-0.1669312966321289 1.000259792130528 0.0007144809275698289
-0.1667918156604645 1.0004541397352573 0.000735898718565267
-0.16554237942978067 1.0014178633856885 0.0007148824386673491
-0.16540292406721266 1.0006920930694483 0.0007359894960395935
-0.16415346222697702 0.9991994605762798 0.0007140540938591491
-0.16401403200966577 0.9994038805063316 0.0007354235680456854
-0.1627645445589675 0.9993218347279756 0.0007142874970409258
-0.1626251404173248 0.9999714115257746 0.0007353688723940323
-0.16137562735661926 1.0008338890407737 0.0007146974469197553
-0.16123624882407292 1.0002087102666413 0.0007360678357418272
-0.15998671015404398 0.9997802000352563 0.0007141743010441601
-0.15984735676607065 1.0006197251891193 0.0007357695644478985
-0.15859779295101328 0.9999579715809196 0.0007143410735274375
-0.15845846517350057 0.9997338849555837 0.0007359083865799657
-0.157208875748438 1.0003253776180736 0.0007143775673303047
-0.15706957311526923 1.000945949688129 0.0007359071736586971
-0.15581995854677222 1.0007494077794739 0.0007148837549626432
-0.15568068152224643 0.9997610919322184 0.0007357384220043044
-0.15443104134351449 0.9996387380153126 0.0007142384703736856
-0.15429178992922365 1.0002759756730786 0.0007361239893935279
-0.15304212414116625 0.9992911891955534 0.0007141121449798281
-0.15290289787167408 0.9991430563000313 0.0007354923545691995
-0.1516532069392721 1.0000309991250498 0.0007145074190407178
-0.15151400627910402 0.9993679547319511 0.00073559081194257
-0.15026428973601436 1.0010995586087392 0.0007149504991098911
-0.15012511468608122 0.9999524924598193 0.0007357978458859275
-0.14887537253275662 1.00002402426033 0.0007144075511402283
-0.1487362226276235 1.0000602810889272 0.0007358497557646029
-0.14748645533109084 1.000505282153823 0.0007147928486427487
-0.1473473310352825 0.9996053156633162 0.0007356150082471599
-0.14609753812851556 1.0001313263315674 0.0007145552120070777
-0.1459584394429415 1.0003157817903068 0.000735606527440429
-0.14470862045982358 1.0003536867446639 0.0007144144577676089
-0.14456954738471015 0.999401560454838 0.0007357507508060312
-0.1433197032581578 0.999314088506428 0.0007142031630677973
-0.14318065579168737 1.000055325975635 0.0007357180103619823
-0.14193078605558185 1.0006355369792685 0.0007145761300021563
-0.14179176419889095 1.0007861425016378 0.0007358098092882271
-0.14054186885255182 1.000385160455008 0.0007148595053320073
-0.14040287214156774 0.9988595791472245 0.0007351813640047835
-0.13915295164974817 0.9993809786986687 0.0007139349054712327
-0.13901398054854494 0.9999832887680588 0.0007353994665938893
-0.13776403444739993 1.00046343015093 0.0007147019608806294
-0.1376250889552931 1.0003993393562693 0.0007355919110213007
-0.1363751172450517 1.0010415522848874 0.0007149446849343086
-0.13623619689774621 1.0003493255980762 0.0007357725546469555
-0.1349862000424764 0.9993605370844676 0.0007145127389789219
-0.13484730530540523 1.0009690777247247 0.000735815983777572
-0.13359728283990113 0.999502237635568 0.0007140400652056775
-0.13345841371215336 0.9998722177366794 0.0007356748560838084
-0.1322083656375529 0.9995970822531632 0.000714078949009713
-0.13206952211890152 1.0008934041005988 0.000735688562327395
-0.13081944843429516 0.9999171992086892 0.0007144412618324954
-0.13068063006089922 0.9998649355417855 0.0007353827951418037
-0.12943053123103743 0.9990670793216254 0.0007140526996757251
-0.12929173846901096 0.999446371044561 0.0007358285268674174
-0.12804161402937098 1.0005989145143865 0.0007144873940104018
-0.1279028468757618 0.9994781209489317 0.0007356250072740175
-0.12665269682679503 0.9996954474308823 0.0007142436798859213
-0.12651395481775682 1.0010639955069511 0.0007359332642659374
-0.125263779623765 1.0000652737117488 0.0007147383534001315
-0.12512506322587122 0.9999015201351932 0.0007358110546513114
-0.12387486242209855 1.0004789097881555 0.0007142953424264596
-0.12373617163261938 0.9990446213230947 0.0007353923285000674
-0.12248594521952327 0.9990308598242874 0.0007139896066899166
-0.12234728003936754 0.9999293325278197 0.0007357192874144873
-0.12109702801649258 0.999813719674159 0.0007143706128747901
-0.12095838798204703 0.9998336559742931 0.0007354121923224921
-0.1197081108139173 1.0010177699024565 0.0007144172051091585
-0.11956949638947965 1.0005989494301655 0.000735913100439343
-0.11831919361134202 0.9984192298521698 0.0007141521346529268
-0.11818060479645418 1.0003719657218546 0.000735413598132251
-0.11693027640899378 1.0011515184390183 0.0007144823427481103
-0.1167917132038868 0.9997921705600467 0.0007353610273460748
-0.11554135920641784 1.001176128717873 0.0007145300678489947
-0.11540282114588182 0.99965829074104 0.0007355264986502634
-0.11415244200384189 0.9992937674620883 0.0007140835296116961
-0.11401392955331445 0.9982741916383827 0.0007350806561661986
-0.11276352480149365 1.0010494461647113 0.0007145640744002253
-0.11262503796074438 1.0003522790881236 0.0007355258012349704
-0.11137460759914541 1.000244388074911 0.0007142265937395763
-0.11123614636749254 0.9991441855201418 0.0007352574747453253
-0.10998569086154897 1.0009587089925998 0.0007142077606513916
-0.10984725477515153 0.9992517978637769 0.0007352715312698354
-0.10859677365920073 1.0007819696945763 0.000714472832547231
-0.10845836271714925 1.001412911363225 0.000735561973821685
-0.1072078564573079 0.9994856054769248 0.0007141278221997715
-0.10706947112389739 1.0002550557048704 0.0007355884074264784
-0.10581893925405017 1.0004047767108968 0.0007143773574473402
-0.10568057953132733 0.9994431461401444 0.0007355660816950395
-0.10443002205170193 0.9993886978967178 0.0007140919399801291
-0.10429168793875997 1.00098836684228 0.0007357852320463951
-0.10304110484980777 0.9999789598613759 0.000714309015975813
-0.10290279634641895 0.9986566960692482 0.0007349924690792076
-0.10165218764655004 1.0000306360606461 0.0007142816840828797
-0.10151390428841398 0.999261605081924 0.0007351869182267324
-0.10026327044352001 1.0003205430803224 0.0007142616327508188
-0.10012501269516481 1.0002816913683354 0.0007354074733506475
-0.09887435324185356 1.000400645037318 0.0007145214677003928
-0.09873612110259475 1.0000119984276687 0.0007355938444745599
-0.09748543603927828 0.9994637061753536 0.0007140972819147275
-0.09734722951093554 0.9998924905002433 0.000735442501691439
-0.09609651883624759 0.9998381837674538 0.0007142791867983345
-0.09595833791768368 1.0002316763884989 0.0007354472438881995
-0.09470760163435477 0.9993222267200493 0.0007137237726973887
-0.09456944632443184 0.9999035913908246 0.0007356009059812498
-0.09331868443200653 1.000234106951117 0.0007143336506660605
-0.09318055426688497 0.9996879666024572 0.0007354835921816621
-0.0919297672287488 1.0008056573139774 0.0007144164732410679
-0.09179166267454396 0.9996736950578233 0.0007350815197284051
-0.09054085049115235 0.9996555226043922 0.0007139643697583413
-0.09040277108129212 0.9992402238292122 0.0007350465747396899
-0.08915193328880411 0.99909936315344 0.0007138657919648974
-0.0890138794889511 0.9998666926555294 0.0007350944587456155
-0.08776301608690995 0.999637294212441 0.0007141009394346594
-0.08762498789638104 1.0002227391011118 0.0007350986632803279
-0.08637409888365222 0.9990243536723004 0.0007139438227346989
-0.08623609630381099 1.000291815564444 0.0007353887342789439
-0.08498518168130398 1.0008156208253516 0.0007140327776054813
-0.08484720471056183 1.0002300289168975 0.0007352401937823477
-0.08359626447941115 0.9997772953536791 0.0007140814348487301
-0.08345831265187506 1.0005743940608334 0.0007351358288444805
-0.08220734727615342 0.9992286784997544 0.0007137170711555556
-0.08206942106021584 0.9999070424230441 0.0007350829731451112
-0.08081843007312273 0.9994005547862771 0.0007137347797067146
-0.08068052946741941 1.0004999605655656 0.0007353048772469642
-0.07942951333711823 1.0002912862504785 0.0007139723545444409
-0.07929163787439662 1.0010689554477115 0.0007355449657744992
-0.07804059613454228 1.0001294322655092 0.0007136620562654334
-0.07790274628182656 0.9995381757314481 0.0007349944568773455
-0.07665167893151226 0.9998411318752028 0.000714230873452451
-0.07651385468948556 1.000285219163193 0.0007350627910181817
-0.0752627617296181 1.0010516369974096 0.000714192350175098
-0.07512496309714455 1.0000563641078377 0.0007349576901802021
-0.07387384452726986 0.9997734484711908 0.000714050306056694
-0.07373607150434812 1.0004312377719173 0.0007350620930238002
-0.07248492732401213 0.9998434145019954 0.0007136931818807466
-0.07234717991132264 0.9992624917359849 0.000734407557039768
-0.07109601012143685 0.9999145721032715 0.0007140361168069718
-0.07095828831875527 1.0001550882962047 0.0007349425068299221
-0.06970709338452286 1.0006869753986627 0.0007142569626112192
-0.0695693962612057 1.000192374636544 0.0007349747822365511
-0.06831817618217462 0.9997931451775467 0.0007141876017086325
-0.06818050466818291 0.9991201823507463 0.0007346691639606571
-0.06692925897982638 0.9988459855269317 0.0007138120325273434
-0.06679161307515744 0.9999247658037338 0.0007350514606685936
-0.06554034177725043 0.9989834667195372 0.000713709270129264
-0.06540272148327185 0.9992725567459559 0.0007347421117471622
-0.06415142457467449 0.9997962679273057 0.0007142242768306995
-0.06401382989093084 1.000038685591405 0.0007346761975708616
-0.06276250737232625 1.0006305185820659 0.0007141110977196693
-0.062624938297679 1.0007747789934602 0.0007350379095541421
-0.061373590634729795 0.9981833975696099 0.0007136595321460155
-0.061236046704427144 1.0004354942820795 0.0007348812107345517
-0.059984673432381556 1.0005889392620546 0.0007139419432487545
-0.05984715511208614 0.9997540928346249 0.0007345450432811193
-0.058595756230488745 0.9992149548435612 0.0007136678645546321
-0.05845826352019786 1.000003157800665 0.0007342261359996759
-0.05720683902723101 0.9998336104520444 0.0007136246335283773
-0.05706937192694871 1.001343711477179 0.0007349523805985962
-0.05581792182488277 1.0003713432430656 0.0007139502798106477
-0.05568048033369686 0.9997464800775786 0.0007343426979688795
-0.05442900508864989 1.0014309478949495 0.0007141482527001201
-0.05429158874180858 0.9996534879171086 0.000734246990768577
-0.05304008788561987 1.0001873494470603 0.0007139245692333165
-0.052902697149467576 1.0007866759204977 0.0007346818150594354
-0.05165117068258985 0.9996558913014209 0.0007138010920971303
-0.05151380555621573 0.9998395910451832 0.0007341738228966009
-0.05026225347978618 0.9990851067594922 0.0007135699031723538
-0.05012491396387472 1.0003066382921761 0.0007347672970946916
-0.048873336277437944 0.9999846539224104 0.0007136382835139448
-0.04873602237153372 0.9989244837594712 0.0007338520963011833
-0.04748441954075099 1.0007234305687116 0.0007139785327446924
-0.04734713077873729 0.9986984704133459 0.0007338988910357567
-0.04609550233817572 0.9998831320527006 0.0007135914507381793
-0.04595823918639629 0.9989769677941267 0.0007339717483548025
-0.04470658513560045 1.000220763095436 0.0007138551778522264
-0.04456934759314444 0.9967701160767894 0.000733280040762673
-0.04331766793325221 0.9989336214903511 0.0007137208784593796
-0.04318045600080344 0.9996408313981581 0.0007344981403087871
-0.04192875119565576 1.0010893235206955 0.0007142599052416672
-0.041791564408915155 0.9991351006788608 0.0007338092330501095
-0.040539833993307524 0.9993660055926957 0.0007135388105042234
-0.04040267281566331 0.9993886384251173 0.0007337874018263432
-0.03915091679141335 0.9998386003512798 0.0007138614249824881
-0.03901378122241416 0.9988389674785538 0.0007336584636700175
-0.03776199958815562 0.99931299047217 0.0007135189788748306
-0.037624889630070456 1.0002129812749023 0.0007340443616849583
-0.03637308285146867 0.9990808482531276 0.000713452472901137
-0.03623599803772945 0.9984019339657635 0.0007333742349210597
-0.034984165649575856 0.9986790627847648 0.0007137182340459547
-0.03484710644515939 0.9989675459638283 0.0007336550079680299
-0.033595248446545156 0.9996129769206141 0.0007134676139776955
-0.0334582148521366 0.9983561458924222 0.0007336095054474062
-0.032206331243514456 0.9992138136871341 0.000713698518366018
-0.03206932325934017 0.9993218929889414 0.0007338670716243476
-0.03081741450728293 0.9982645477727683 0.0007132283479158504
-0.030680431667680953 0.9989911632618683 0.0007338527618937666
-0.02942849730493469 0.9992121631360031 0.000713445053602612
-0.029291540074658163 0.998307704076821 0.0007332505668716395
-0.028039580101676956 0.9988106189078709 0.0007136256808806691
-0.027902648481406316 0.9987238721544431 0.0007332623788061986
-0.026650662899782792 0.9978553993674617 0.0007132072434618161
-0.026513756889518035 0.9996521171251244 0.0007336047765303354
-0.02526174616309584 0.9984841052188559 0.0007133888015855471
-0.02512486576283832 0.9976421070292188 0.0007333369021633156
-0.023872828959838107 0.9994552509441733 0.0007138319215588199
-0.02373597416958647 0.9986241433078361 0.0007333972229175043
-0.022483911757489868 1.000140916696846 0.000713610399178673
-0.022347082577245467 0.998294493446612 0.0007334815063982487
-0.02109499502057588 0.9984946821239329 0.0007134386294664555
-0.02095819098444904 0.9974721141759056 0.0007330504994406414
-0.019706077818000604 0.998420090608043 0.0007133395969909073
-0.019569299392108035 0.9986724793245315 0.0007330696579065638
-0.018317160615652365 0.996472717033892 0.0007128315523977356
-0.01818040779976703 0.9975760060854318 0.0007330617050770735
-0.016928243413304126 0.998681096411207 0.0007133890115662768
-0.016791516206515183 0.9992837213971075 0.000733434533011726
-0.015539326676161754 0.998458077136133 0.0007133479359660501
-0.015402624613945119 0.9997765386523313 0.0007333206420911285
-0.014150409473813515 0.9974034231195515 0.00071297989646075
-0.01401373302137775 0.9972874458189503 0.000732822590762486
-0.012761492270555782 0.9980411779334395 0.0007132614209759563
-0.012624841428125904 0.9979974031245544 0.0007325495919064705
-0.01137257553386883 0.9993115485450575 0.0007133785611851067
-0.011235950301446185 0.9986987605277956 0.0007330861914483346
-0.009983658331520592 0.9984453067068634 0.0007137395118453256
-0.009847058709102486 0.9985958058931631 0.0007327579801783884
-0.008594741128262858 0.9988028874681039 0.0007133175331286761
-0.008458167116535117 0.9989694541520503 0.0007327341113677032
-0.007205824392031327 0.9979044135546267 0.000713185218358511
-0.007069275523965054 0.9975005758925216 0.0007325138205303202
-0.005816907189683088 1.0001754469033648 0.0007137201511698571
-0.005680383930713207 0.9991711899258636 0.0007328068273668116
-0.004427989986425355 0.9989186896374472 0.000713263552348789
-0.004291492338372202 0.9985002319511436 0.0007326975453358736
-0.0030390732497384038 0.9981424877275528 0.0007130241718208495
-0.0029026007464866173 0.9982148302587571 0.0007327080169746179
-0.0016501560471624543 0.9980696857908204 0.0007127101365700624
-0.0015137096188960573 0.9986305652593725 0.0007325016038562622
-0.000261238844586505 0.9989957011449726 0.0007133793649737545
-0.00012481802587057314 0.9993162687545379 0.0007327209144228829
0.0011276778921004464 0.9980547514720888 0.0007133292128170017
0.0012640735657886478 0.9980073468913215 0.0007327278878282831
0.0025165950944486854 0.999068353122913 0.000713061845268749
0.0026529651583560164 0.998320453421363 0.0007325380919438128
0.0039055118313626735 0.9977075749136812 0.0007129895823764314
0.0040418567513815 0.9985133206480937 0.0007321895990497522
0.0052944290339379495 0.9981847964891103 0.0007132274022338953
0.005430748344177927 0.998548039123818 0.0007323494407063067
0.006683346237195683 0.9968802117046925 0.0007127730791218367
0.006819639470857644 0.9977976905742294 0.0007322738013206589
0.008072262973882634 0.998670844822863 0.0007130764759739103
0.00820853106319865 0.9986670273259975 0.0007324786509908492
0.009461180175776799 0.9982571034248929 0.0007130507634901115
0.009597422655995076 0.9991126650303193 0.0007326867647464137
0.010850097378806822 0.998942983993831 0.0007132342929495641
0.01098631424902056 0.9989244004941414 0.0007327710456801302
0.012239014115721484 0.999756431360792 0.0007133742977409666
0.012375205841587928 0.998345397303706 0.0007322784357967479
0.013627931317387265 0.9989874521452565 0.0007131073989179993
0.013764096968267647 0.9994752584622495 0.0007323928588642436
0.015016848054756674 0.9992697090122639 0.0007135202428958239
0.015152988561519493 0.9990665214464258 0.0007323694579575938
0.016405765258014408 0.9985036525102785 0.0007131435457377734
0.0165418801538605 0.9984504475934833 0.0007324142691623273
0.017794682459907226 0.9988617589598278 0.0007132177403715713
0.01793077174643056 0.9987166820968922 0.0007321643698558011
0.019183599196594178 0.9987756109302592 0.0007131582213853663
0.019319663339000627 0.9982603681435527 0.0007320719415640313
0.02057251639985191 0.9989589581926726 0.0007130327187909909
0.020708554465680342 0.9993933825894956 0.0007321945842970584
0.021961433136084788 0.9981452403692685 0.0007129511475236063
0.022097446058932192 0.998635705363128 0.0007318773498871874
0.023350350338433027 0.999682613155587 0.000713193850347898
0.023486337651273195 0.9993623997906742 0.0007321248134776038
0.02473926754169076 0.9977389652507649 0.0007132754340172813
0.02487522924315878 0.9992432703265176 0.0007322484464967604
0.026128184279059496 0.9974319458804849 0.0007131298577063289
0.02626412037074934 0.9992474800423302 0.0007321217384920371
0.027517101481635445 0.9989315371694863 0.0007132392542820589
0.027653011964001186 0.9987435901369204 0.0007317074955410575
0.02890601821763994 0.9980624733351009 0.0007129823100378328
0.029041903555660407 0.9990948910846531 0.0007320025302208451
0.030294935420670636 0.9981213516581497 0.0007129606131371414
0.030430795148230473 0.9986172112635221 0.0007321229560318095
0.03168385215781166 0.9994384932974677 0.0007132125652840846
0.03181968627581833 0.9984351021485348 0.0007318677568749711
0.033072769359478116 0.9982435764417714 0.000712814114019934
0.03320857786816204 0.9979245911754613 0.0007316127919062761
0.034461686562508136 0.9979876807706842 0.0007130489007845657
0.034597469460503044 0.998176433139612 0.0007318930164315566
0.03585060330010458 0.9972658527964762 0.0007128931438823606
0.03598636105329947 1.0003691908191152 0.0007322705413811457
0.03737525218066097 1.0003585930923362 0.0007323250291368765
0.038628437238685705 0.9989222577520528 0.0007130508983727519
0.038764143773686456 1.0000198341840836 0.0007323397567204147
0.04001735444194344 0.9985932555459934 0.0007132852178407209
0.04015303536557204 0.9989646394101555 0.0007318056579431029
0.04140627117794793 1.0006842911495486 0.0007136682585188534
0.04154192649248081 0.9992324162807487 0.0007318198034895601
0.0427951883805232 0.9992055972593545 0.0007131788089957373
0.04293081808550361 0.999829067797362 0.0007320213210746886
0.04418410511811965 0.9986537606333479 0.0007127337563200549
0.044319709678073665 0.9997114331087011 0.0007320741764238211
0.045573022320467886 0.9991902431043125 0.0007131214508886182
0.045708600804979745 0.9990521620071443 0.0007317701864730521
0.04696193905715484 0.9999430047748313 0.0007132105967158173
0.04709749239732345 1.000329063916496 0.0007324413547551027
0.04835085625973079 0.998255309556779 0.0007133579854238345
0.048486383989890816 0.9997101496361546 0.0007319979741078188
0.049739772996645455 1.000803136311562 0.0007139138897297948
0.049875275117255015 1.0010612490724669 0.000732301394570246
0.051128690198993694 1.0010102471408047 0.0007134754142321525
0.05126416671005144 1.0006179052288748 0.0007321098051659907
0.052517606935680645 1.0013518915345223 0.0007136788919035096
0.05265305830171066 1.0000321855683132 0.0007317491525069385
0.05390652413848295 0.9989050824816809 0.0007128314384800067
0.054041949429072166 0.9995118363584625 0.000731823577859131
0.055295440875852364 0.999820910693281 0.0007134737441862059
0.05543084102232401 0.999254155303768 0.0007318789978703977
0.05668435807842764 0.999862506132389 0.000713384495036825
0.05681973261420959 1.000262941445464 0.0007321228937785192
0.05807327481443281 0.9986754268568859 0.0007133025773901944
0.05820862374089201 0.9993344490440529 0.0007316429089568583
0.05946219201746283 1.0008585917385966 0.0007134440293451229
0.059597515334141156 1.000204675534321 0.0007318135828863068
0.06085110875437749 0.9989632801875341 0.0007128920419993416
0.06098640692739301 0.99948309452202 0.0007316838504154627
0.06224002595604395 0.9992316996250371 0.0007130871980514743
0.06237529805407272 0.9997883518488833 0.0007317592077819876
0.06362894269364039 0.9992672184514685 0.0007130282058580418
0.063764189645961 1.0018547639257374 0.0007324173019214007
0.06501785989689812 0.9999458470156577 0.0007131656426750179
0.06515308123921285 0.999852405413616 0.0007320397488602232
0.06640677663358507 1.0006542635965716 0.0007135156245088595
0.06654197236680072 1.000150138560346 0.0007318553928572334
0.06779569383616035 1.0001700030583016 0.0007135445475215409
0.06793086395846264 0.9997931269456393 0.0007318230753263784
0.06931975508536871 0.9987165448627124 0.0007314048346091267
0.07057352777542258 0.9994472537172453 0.0007130572717301224
0.0707086466783942 0.998690668768965 0.0007314532586748002
0.07196244451210954 0.9994007900105523 0.0007130132914575588
0.07209753827096156 0.99911382201755 0.0007317578949957835
0.0733513612490242 1.0004610204388162 0.0007136295760527652
0.07348642939764129 1.0002935524023295 0.0007317314075288271
0.07474027845205422 1.000836498503061 0.0007131013357016251
0.07487532099021135 0.9998281971360856 0.0007316187584983617
0.07612919518919659 1.0004772393188954 0.000713323434999111
0.07626421211712012 0.999923590651961 0.0007315823731088463
0.07751811239086237 1.0003875160720266 0.0007134297882387621
0.07765310371036928 1.000232509676014 0.0007318963282110765
0.07890702912823178 0.9995396700066708 0.0007129224082359327
0.07904199483705168 1.00046812038681 0.0007320324211683955
0.08029594633080706 0.9982172869777104 0.000712930550033402
0.08043088642893727 0.9994619215798756 0.0007312710382752598
0.08168486306681155 1.0004099334990149 0.0007132403688343887
0.08181977802218912 0.9990538614867543 0.0007315642504308661
0.083073779804408 1.0007794784918278 0.0007135370490582562
0.08320866914955062 1.001472684598785 0.0007320060501110916
0.08459756074212069 0.999408028228404 0.000731699209488316
0.0858516137436709 0.9984804108676334 0.0007128718313739296
0.0859864518688004 1.0005383053695691 0.0007317361273772692
0.08724053094624684 1.0003744344454901 0.0007132924701107882
0.08737534346114141 0.9996016153143992 0.0007314828329120667
0.08862944768384329 1.0010151071976081 0.0007137684292813022
0.08876423458873196 1.0004878011800706 0.0007315897897361726
0.09001836488550907 1.0001630290025973 0.0007133893894806668
0.09015312618130203 1.0011748486640677 0.0007320722948276813
0.09140728162242306 0.9998450732273308 0.0007134306888827885
0.09154201730729997 0.9994544215462661 0.0007313688977885628
0.09279619835979247 0.9995802635187145 0.0007131549678976672
0.0929309089005518 0.9986516380428009 0.0007312612797500376
0.09418511556236775 1.0003693287215112 0.000713328952166657
0.09431980002813968 1.0000531845836336 0.000731808396624331
0.0955740322990547 0.9998257620052005 0.0007131804156821584
0.09570869162002796 0.9999262819699726 0.0007315195338789562
0.09709758274670767 1.000288603837303 0.0007313278153132719
0.09848647433995952 0.9991808087680919 0.0007314431766441082
0.09974078297523226 0.9990963855780659 0.0007130842546334075
0.09987536546663923 1.0003640510700558 0.0007317937279787603
0.1011297001775805 1.0002334734690594 0.0007133148834122403
0.1012642570592093 1.0003820171628373 0.0007313403110583702
0.10251861691449449 1.0001521940313005 0.0007133006411076734
0.10265314818611539 1.0004202779672275 0.0007315845523568098
0.10390753365186389 1.0000050056384941 0.0007134109120520639
0.10404203977845908 0.9993016863983982 0.0007314192982581018
0.10529645085443917 0.9987303457147172 0.0007127661709298153
0.10543093090536516 0.9991504923258693 0.0007315669356550464
0.10681982249793523 1.0002873473511964 0.000731792259844109
0.10807428432872257 0.9998058497968693 0.0007131331207099092
0.10820871362552578 1.0006192828996503 0.0007316881669937972
0.10946320153038835 1.0010583585835682 0.0007135876647547284
0.10959760521854858 1.001808604516569 0.0007320677575663239
0.1109864963445465 0.9989251036351589 0.0007311184164276432
0.11237538793711657 1.0003754499206212 0.0007317027536565629
0.1136299522074754 0.9999328986564714 0.0007133653155136757
0.11376427906447807 1.0002270011647911 0.0007314633662843163
0.11501886894416236 0.9995404779291746 0.0007133504378197689
0.1151531706572745 1.0002462216467567 0.0007317535965745167
0.11640778568084931 0.9991151566842499 0.0007132359317071457
0.11654206178395422 0.9989745226172976 0.0007312747188249056
0.11779670288342459 1.0005471901766552 0.0007133050718724941
0.11793095337629791 1.000963878837541 0.0007319258597476306
0.11918561962033858 1.0001182347551063 0.0007134031997042224
0.11931984450343305 0.9997725198213967 0.0007318852441626055
0.12057453635702553 0.9991343906103938 0.000713119354785339
0.12070873563079457 1.0001726847779353 0.0007318151910330579
0.12196345355960148 0.9998974970324795 0.000713334299755298
0.12209762722336462 0.9992542241925995 0.000731295329316367
0.12335237029697022 1.0004504193107 0.0007133685725632184
0.12348651834936256 1.0004070918990264 0.0007317062546252982
0.12474128703388487 1.0003671070640339 0.0007132987957882629
0.12487540994238534 0.9996731315897844 0.0007317571558350518
0.12613020423555132 1.0008274247317037 0.0007133954401181148
0.1262643010699759 0.9997611154155172 0.0007315826992562762
0.12765319266186148 1.000299591799458 0.0007316298400692243
0.1290420837885439 0.9990076838245718 0.0007317461016603269
0.13029695444606626 0.9986900844758443 0.0007127925107703007
0.13043097491613176 0.9994215243903786 0.000731634729874245
0.131685871649324 1.000370091196192 0.0007133087259004182
0.13181986650938363 1.0001885083788036 0.0007316735494472758
0.13307478838692044 1.0007423303260294 0.0007130263949318613
0.13320875763606332 1.0010517244394816 0.0007320719240447702
0.13459764876229033 1.0003792890056271 0.0007318380761981405
0.13585262232550155 0.9987760095001401 0.0007125949908600008
0.13598654035554217 1.0001511433980153 0.0007316431078908972
0.1372415390628703 0.9990189812614158 0.0007130057976525338
0.13737543148313003 1.0002373419185524 0.000732002955633656
0.13863045579887545 1.0009036050875075 0.0007131540714912417
0.13876432307479195 1.0001017782905892 0.000731928277222902
0.14001937253578944 0.9995248345324016 0.000712837480231734
0.14015321420169805 0.9987627737816686 0.0007314453847278971
0.14140828973882014 1.000626363801393 0.0007132387328006221
0.1415421053292886 0.999388963921949 0.0007315606578554639
0.14279720647573413 1.0012262684631594 0.0007133704974817275
0.1429309969216296 0.9991247484741301 0.0007319805150203358
0.14418612321264812 1.000875719888353 0.0007135606419819722
0.1443198880483093 0.999626722914324 0.0007319667974606472
0.14557503994933507 0.999886765388971 0.0007130922857386609
0.14570877917544445 1.000974785942881 0.0007320395310391031
0.1469639571525928 0.9996825852791325 0.0007132868358412831
0.14709767076778815 0.9991626829534165 0.0007318481902473458
0.14835287388927976 1.0017851753564988 0.0007137514720328984
0.148486561895376 1.0006280855051166 0.0007321189529159143
0.14974179062551263 1.0000647225969233 0.000713315694128695
0.14987545302205843 1.0007080757770626 0.0007321277583263228
0.15113070736310907 0.9997397389379513 0.0007133620262102914
0.15126434461394403 1.000274795749388 0.0007319511456566421
0.1525196245661391 0.9998836662809933 0.0007133396863505564
0.15265323574153458 0.9990389447663683 0.0007317470110528516
0.15390854130214426 0.9999849815183279 0.0007129236839578658
0.1540421268688961 0.9990750658701396 0.0007316603776745211
0.1552974580392853 1.0005808331958628 0.0007132609463903953
0.15543101846146615 1.000977025891395 0.0007326982307137238
0.1566863747766547 1.0014334272224588 0.0007132921959216159
0.15681990958814587 1.0002943916099765 0.0007320566945232713
0.1580752919783205 1.0003300412640974 0.0007133484414146959
0.15820880071505464 0.9995233918310208 0.0007319910696753321
0.15946420871523515 0.9997338458558679 0.0007131651199734799
0.15959769230807744 0.9996706758911648 0.0007323961774551856
0.16085312545260388 1.0008485043665376 0.0007133985027232235
0.16098658343521258 1.0014700286871125 0.0007323905800271271
0.16224204218951854 1.000170321446271 0.0007128828683867246
0.16237547456121051 1.0001179770306603 0.0007320668956892291
0.1636309589264332 0.999300288132777 0.0007128931438450207
0.1637643656885747 1.0007726732673976 0.0007323721820129473
0.16501987612878144 1.0013417145698618 0.0007132549405328551
0.16515325728182384 0.998294765582961 0.0007319487497353391
0.1664087928654684 0.9993056110938222 0.0007128190389108082
0.16654214840805084 1.000991316161188 0.0007323736516552209
0.16779770960260942 0.9999721095479744 0.0007130093330846136
0.16793103953473057 0.9996408463773073 0.0007320450743730127
0.16918662633929638 0.9988304043382666 0.0007128087213928499
0.1693199311279824 1.0010541235793007 0.0007322686052565442
0.17057554307598333 0.9989651660531559 0.0007128441784742918
0.17070882225466213 1.0012237122643686 0.0007324312193836823
0.17196445981357977 1.0000972548043694 0.000713176059815161
0.17209771338179727 1.000074221876477 0.0007323671196654295
0.173353377015928 0.9996678956850394 0.0007127328258217154
0.17348660450847697 1.0000018510982536 0.0007324083317297946
0.17474229375216088 0.9996786145994905 0.0007129231288269176
0.17487549610082068 0.99914836912269 0.0007323868867467975
0.17613121048975733 0.9989879431570048 0.0007129975339047683
0.17626438722840854 1.0002523590435006 0.0007321054219901825
0.17752012722644428 1.00025136336917 0.0007128345097889882
0.17765327835531733 0.9994867401298096 0.0007324446038569852
0.17890904396267582 0.9998989316431081 0.00071333308189153
0.1790421694822261 0.9995123624421386 0.0007321047525276716
0.18029796070027226 1.000308922055104 0.0007130833451324397
0.1804310610752489 0.9999106069163375 0.0007324684397292661
0.18168687790330296 0.9988023386872731 0.0007126491333551596
0.18181995220215766 0.9997170693810012 0.0007322446392358425
0.18307579463930745 0.9991352993439812 0.0007129597637439793
0.18320884332883738 0.9995438327792127 0.00073227602672409
0.1844647113762221 0.9996346508111514 0.0007129892996069532
0.18459773445574615 1.0008950778184442 0.0007325879882985699
0.18585362811359085 0.9992972583481632 0.0007128267476058039
0.18598662558265225 1.0004714558137517 0.0007323496504382061
0.1872425448505055 0.9987670676015923 0.0007127242177559069
0.1873755171759041 0.9992163278039347 0.0007320347904054589
0.18863146158742017 0.99972577474296 0.0007129003127505688
0.1887644083025838 1.0010468273398339 0.0007326145097472584
0.19002037832410712 1.0013408578367724 0.0007134210652068843
0.1901532994288108 0.9997074475120886 0.0007323311480713004
0.19140929552736485 1.0006099516507845 0.0007133013843335683
0.1915421905561723 0.9994554968069109 0.0007321344850442267
0.1927982122640518 0.9997051590609661 0.0007128599058071688
0.1929310816835338 1.001368800766065 0.0007325859105031766
0.19418712900028334 1.001027761477345 0.0007131847254894261
0.19431997327542208 0.9995795320426323 0.0007322605105867035
0.1955760457378798 0.9995962309806677 0.0007129175932741592
0.19570886440233085 1.0011973153621772 0.000732756453473818
0.19696496247456674 0.9992723158363785 0.0007128830962423384
0.19709775552969236 0.9998866568069634 0.0007326595481794264
0.1983538792107996 0.999582052945919 0.0007128522829739608
0.1984866466568275 0.9999317428807466 0.0007321919567367806
0.19974279594839606 1.000421278283444 0.0007132912713731694
0.19987553778350722 0.9996658093525964 0.0007321800953533227
0.2011317126857648 1.001018328482618 0.0007131798904897654
0.20126442891018692 0.9999016409361465 0.0007324391815921221
0.20252062942176996 0.9994018043948637 0.000712729013420878
0.2026533205034388 0.999926603488335 0.0007327526852395972
0.20390954662434524 1.001920122567506 0.0007137018388820291
0.20404221163102934 0.9999072546178451 0.0007325357311027999
0.20529846336171464 1.0011651433721016 0.0007134617934277488
0.20543110275725363 0.9989913971052159 0.0007323042001444317
0.20668738009794618 1.0002021187671803 0.000713242108575288
0.20681999388393604 1.0022901704517793 0.0007328659473478459
0.20807629683463313 0.9986953779649851 0.0007125029205621399
0.2082088850115239 0.9983521354993359 0.0007320634069062561
0.20946521357222958 0.9994778379978534 0.0007128209685784859
0.20959777613820632 1.00222107911366 0.0007332169932491238
0.21085413030891653 1.0006415269461577 0.0007129625917606691
0.21098666726511242 0.9993730021872363 0.0007320970175576109
0.2122430470460589 0.9988414396014214 0.0007126614795135977
0.21237555839202119 0.9984061977694293 0.0007318393006932933
0.21363196378274585 0.9998723684179166 0.0007132086030248149
0.2137644499843622 1.0001899132872651 0.0007325389844612411
0.2150208805194328 0.9995156989105847 0.0007127779711287909
0.21515334111195275 1.0001207571437079 0.0007324273426788831
0.2164097972563468 0.9996189497623843 0.000712688550506198
0.21654223223863248 1.0006505081602284 0.0007327672242819192
0.21779871399326078 1.0010649066311887 0.0007132494652079655
0.21793112336485945 1.0000726245689036 0.0007325988457113131
0.21918763072994774 1.0007166651214792 0.0007131960370915313
0.2193200144924473 1.0000777592484085 0.0007322811557740214
0.22057654746754418 1.0004254216739115 0.0007129717345058329
0.2207089056200379 1.0002939604856667 0.0007326378342352223
0.22196546420423113 1.0005083655083655 0.0007126915675906561
0.22209779674603583 0.9991203424029422 0.0007324863657439688
0.22335438094091808 1.0006425453183925 0.0007129679574874703
0.2234866878729446 1.0002283197470243 0.0007325674781565847
0.22474329767851453 1.0000660180374625 0.0007129372231472824
0.22487557900053515 0.9992212717571648 0.0007323740936810255
0.2261322144147474 1.000060893335016 0.0007128464280368882
0.22626447012789666 1.0003390547402295 0.0007323769797217852
0.22752113161709564 0.9997447535960607 0.0007127096199548469
0.2276533617204667 1.000847733727756 0.0007324889049996521
