-0.2690700376906534 1.0001673851120865 0.0002713153798519194
-0.268267757005629 0.9998191441105236 0.0002715254630596065
-0.26768113034631824 0.9997991681935124 0.00027120173308176987
-0.2668788822575826 1.0002267328880705 0.00027157291293547806
-0.266292223001529 0.9993587175881592 0.00027117175169635393
-0.2654900075099916 0.9993604386473697 0.00027145591517850284
-0.2649033161228538 0.9997986013475944 0.00027122962620433
-0.2641011322962866 0.9998085685566008 0.00027147949409075614
-0.26351440877851995 0.9998723694550206 0.000271274521657452
-0.2627122575482429 0.9999543100056669 0.0002715430423389566
-0.26212550143372937 1.0001894794802648 0.0002712702946425434
-0.2613233828001965 1.00009701093572 0.0002715287479334791
-0.2607365940893942 0.9998372948837585 0.0002712692978372301
-0.2599345075864888 0.9995449093225887 0.000271487234777928
-0.25934768721094803 0.99965168900871 0.00027125398335338646
-0.25854563283753423 0.9998727280005449 0.0002714853125136453
-0.25795877986592974 0.9994937370198064 0.00027119027396173664
-0.257156758089946 0.9999782862025586 0.00027141858923267263
-0.2565698725215959 0.9992001382567623 0.00027116995412658084
-0.2557678833418996 1.0007896770584497 0.0002716499623038692
-0.2551809656431484 0.9998400946912421 0.00027127302237346727
-0.25437900812773917 0.9991148843010546 0.0002714295330509638
-0.25379205829813145 1.0005214720925153 0.00027131684104307125
-0.2529901333796927 0.9996556036896139 0.0002714880742927283
-0.2524031509537963 1.0001977163406808 0.0002712683805769353
-0.25160125863164906 1.000163711541697 0.0002716229154720261
-0.2510142436096888 0.999483469698544 0.0002711978034020462
-0.2502123838826945 1.000087252113022 0.00027153150602236674
-0.24962533673124132 1.0005623108500616 0.0002712554159124121
-0.24882350866944222 1.0006583779119427 0.0002715635563078506
-0.24823642938736157 1.0001069612297107 0.00027126646690024827
-0.24743463392139853 0.9999249133014059 0.0002715387819124036
-0.2468475220432541 0.9998395860977738 0.00027124952278277794
-0.2460457591728967 1.0000422763267 0.0002715455347386022
-0.24545861516389844 0.9998631719544793 0.0002712676743963589
-0.244656884424853 0.9992569424189359 0.00027137802897931354
-0.24406970781956194 0.9994780298862325 0.00027125855843349364
-0.243268009211148 1.0002629919694541 0.00027152262250113685
-0.24268080047545448 0.999777676949386 0.0002712532837953434
-0.24187913446219345 0.99982702747174 0.000271533392651177
-0.24129189359609882 1.0002923560016534 0.0002713231477400726
-0.24049025971460247 0.9997959978529016 0.00027151391643291114
-0.23990298625199136 0.9999233056748983 0.0002712837086164378
-0.23910138496655606 0.9999475825259149 0.0002714757800244363
-0.23851407890788257 0.9996674929258924 0.0002712345788988793
-0.23771251021805695 1.0001755993844532 0.0002715015132534177
-0.2371251720282992 0.9999546240828376 0.0002712635851394761
-0.2363236350034411 0.999484165147872 0.0002714874516733943
-0.23573626468419173 0.9998693827543818 0.0002712544691845146
-0.2349347602558501 1.0000651888556489 0.00027152439267640505
-0.23434735734008427 0.9998752677829552 0.0002712730281905328
-0.23354588550780642 0.9998351494389941 0.00027141522522004075
-0.2329584504605009 0.9997425859700216 0.0002712090279415321
-0.2321570107593046 0.9998649912817862 0.00027148118996922146
-0.23156954311639344 0.9997955539339992 0.00027124821948318063
-0.2307681360112609 0.9996824684693031 0.00027147862725167727
-0.23018063577228598 0.9996373043573693 0.0002712079946826813
-0.22937926079755588 1.000204707867497 0.0002716140219949414
-0.2287917288927026 1.0005685175385788 0.0002713616109020706
-0.2279903860495095 0.999733388057743 0.0002715179544592226
-0.22740282154859381 0.9998178577291607 0.0002712422316948372
-0.22660151130237394 1.0004614343398495 0.00027155087818313403
-0.22601391420448635 0.9995872555120147 0.0002712157134255124
-0.22521263655433021 0.9996275678847587 0.00027149611925831533
-0.22462500732490298 0.9998881536072282 0.0002712393068707263
-0.22382376180537567 1.0000897111901417 0.0002715137596556598
-0.2232360999801124 0.9996788281373981 0.00027131708613224644
-0.2224348865921234 0.9998667661202187 0.0002715719809646094
-0.22184719263577857 0.9997160024372598 0.00027130060766285816
-0.221046011844077 1.000153449216116 0.00027157724915592094
-0.22045828575710336 1.0001204827062435 0.0002712854969385042
-0.21965713709557788 1.0000571957221285 0.0002714842381599322
-0.2190693784123141 0.999763472056157 0.00027119679014395875
-0.21826826234753416 0.9998433723053582 0.00027145314652049474
-0.21768047153364023 0.9998333063365695 0.0002712523072146813
-0.21687938759948777 0.9997706684585007 0.00027149404673353306
-0.21629156418930506 1.0001607255083038 0.0002712912658857323
-0.21549051285053322 1.0005031874504313 0.0002715045549203449
-0.21490265684451582 0.9993782410434807 0.0002711860880462316
-0.2141016381024868 0.9997711499647147 0.00027149931397462264
-0.21351374996675143 0.9999721252100507 0.00027125755235855213
-0.21271276288878183 0.9996856874481419 0.00027150146726263034
-0.21212484262309805 0.9996676211166077 0.0002712452644336605
-0.2113238881407381 0.9997975064119176 0.00027151669146739215
-0.2107359352780811 0.9999492088783124 0.0002712725827502069
-0.20993501339178355 0.9994765460846184 0.00027135873328462445
-0.2093470283994059 0.9999367971410362 0.0002712063127826285
-0.20854613864373717 1.0004038433594438 0.00027158405287683546
-0.20795812105529843 0.9996507091106192 0.00027120650912497587
-0.20715726389569075 1.0004667743781275 0.00027164530189944386
-0.20656921417594276 0.9994500257913367 0.0002712001577817679
-0.20576838914764706 1.0004272787290895 0.00027158961127453184
-0.2051803068316076 1.0004385706075416 0.00027129653233696485
-0.20437951439960333 1.0000598148654207 0.00027162227312389146
-0.20379139948750014 0.9999003810860819 0.0002712508657800076
-0.20299063965155695 0.999992894026977 0.0002715638751282719
-0.20240249260814314 0.9999089480232386 0.0002712169850645151
-0.2016017644369411 0.9996856458809836 0.0002715256802906739
-0.2010135852638093 1.0003180165860244 0.0002712787296160335
-0.2002128896888947 1.000263810946654 0.000271603726539711
-0.1996246783853618 1.0006391177288232 0.0002712879471980317
-0.198824014940851 0.9999363516186729 0.0002715825326506434
-0.19823577104034484 1.000011173218422 0.0002712685586901224
-0.19743514019280728 0.9998604877270414 0.0002715301024000385
-0.19684686369600968 0.9997169205004726 0.0002712430299192341
-0.1960462654447609 1.0000442681063046 0.0002716171731834243
-0.1954579568175635 0.9999669206741532 0.00027131859731083046
-0.19465739069671448 1.000142494107716 0.00027161187402349263
-0.19406904947254655 0.9991753192557649 0.0002712149038200295
-0.19326851594775993 0.9998988003559645 0.0002715868665443709
-0.19268014259387134 0.9996982801458106 0.000271196388355942
-0.19187964119971623 0.9995810586418292 0.00027144852893048663
-0.19129123524976388 0.9997486851779983 0.00027118799996877314
-0.19049076645258067 1.000092509907856 0.00027162689269193114
-0.1899023283704082 1.000238151553777 0.0002713027660744986
-0.18910189170453426 0.9996806879300789 0.0002715581018508713
-0.18851342102630075 1.0000327602338663 0.00027131047040310864
-0.18771301695603512 1.000136573693191 0.00027153210455592783
-0.18712451414785325 0.9994231131820216 0.00027124027196908415
-0.18632414220799143 0.9997767401081112 0.0002715350729753561
-0.1857356068026086 0.999697250499071 0.0002711922774382449
-0.18493526746040045 0.999671185319775 0.0002715479974564966
-0.18434669945850113 1.000321170519514 0.0002713278796271868
-0.18354639224578462 0.9997613627177641 0.00027160362821146053
-0.18295779258005496 0.999977272728031 0.0002712547711433371
-0.1821575174977382 1.0003261745180827 0.00027165157360663363
-0.1815688852348103 1.0000040767309013 0.00027128022693321104
-0.1807686427496945 0.9998673715434476 0.0002715689839244993
-0.18017997835636412 1.0001404224688155 0.00027129791281595676
-0.17937976800165079 1.0004035063999046 0.000271579666852643
-0.17879107101225666 0.9997887174592907 0.0002712475611491856
-0.1779908932536044 0.9998417991616306 0.00027156968074908545
-0.1774021641326733 1.000360667312725 0.0002713313057166893
-0.17660201850555798 0.999390746393484 0.0002715228105928594
-0.17601325678924762 1.0001527730957622 0.0002712709434049476
-0.17521314375660343 1.000210732335692 0.0002716696472125922
-0.17462434991148323 1.0000439313164862 0.00027121267636233507
-0.17382426900855974 1.0001700440406003 0.00027157771270795494
-0.17323544256623857 0.9998091583663891 0.0002712192166624391
-0.17243539426051602 0.9996929371027357 0.0002715490953359258
-0.17184653568779107 1.000021730231215 0.0002712603577248357
-0.17104651951246963 0.9999614382262925 0.0002715420785730131
-0.1704576283436836 0.9997128170865961 0.0002712210643783898
-0.16965764476351508 1.0001833165793776 0.0002715654831735935
-0.16906872146410024 0.9999859407518126 0.0002712308057538158
-0.16826877001546867 0.999932944463042 0.0002714728790080714
-0.16767981411999278 1.0002463699132593 0.00027125602870696665
-0.16687989526742497 0.9996801874378072 0.00027152609364449647
-0.16629090724154527 0.9994744976087933 0.0002712010500937119
-0.16549102051892584 0.9991702888417102 0.00027137663491838765
-0.1649019998963006 1.000018078046189 0.00027126800345810616
-0.16410214577087942 1.0000045849470063 0.00027157304843531766
-0.16351309301785444 1.0000923221959597 0.00027131604134741704
-0.16271327102328845 0.9998418541563998 0.00027153642538884113
-0.16212418567374698 1.0005199838425325 0.0002713903280545715
-0.1613243962743339 1.000798193164543 0.0002716245446429682
-0.1607352787943913 1.0003492792035413 0.0002713374447028961
-0.1599355215262902 1.0001407345175104 0.00027155435614948444
-0.15934637145028252 1.0001889447000187 0.00027129119632308653
-0.15854664677824648 0.9995282291911259 0.0002714606165000632
-0.15795746457160997 0.9996754908564368 0.00027122376265517633
-0.15715777202974465 1.0005463948538944 0.0002716965344262958
-0.1565685572265917 0.9998794802839848 0.00027123065215144143
-0.15576889728170096 1.0005737927656058 0.00027166261872900785
-0.15517965034723602 1.0001198841521048 0.00027128430643821183
-0.1543800225345654 1.0000265712557062 0.00027165458307247607
-0.15379074300290085 0.9996398055079626 0.00027115381163389285
-0.15299114825218027 0.9994103093151876 0.00027152110626425715
-0.15240183612445468 1.0001609763512027 0.0002712638630187418
-0.15160227350413658 0.9996117384252895 0.0002715823557905105
-0.1510129287794364 0.999959280873698 0.000271263128130893
-0.1502133987565456 0.9999100504975402 0.00027163830706026626
-0.14962402190076385 1.0005857614826656 0.00027127761289057407
-0.14882452400759105 0.9995403774743836 0.00027147199245125905
-0.14823511455665506 1.0000861944383552 0.00027133167454419137
-0.1474356492586365 1.0002063081636672 0.0002716142591816653
-0.1468462076772994 0.9998700763014486 0.0002712406403111391
-0.1460467745110455 0.9996988526034447 0.0002715479714735416
-0.14545730033296422 1.0003733077243808 0.00027129068606516533
-0.1446578997630018 0.9998817996993822 0.00027158040071871976
-0.14406839345451805 1.0001261985804224 0.0002713013877290538
-0.14326902501449998 0.9996510416455937 0.00027154980364035077
-0.1426794861095011 0.999716982616482 0.00027121122655611625
-0.14188015026645628 0.9998043575157831 0.00027156566846844475
-0.14129057923082589 1.0000913627389587 0.00027126779083742127
-0.14049127551841256 0.9997580646188151 0.0002715999317614041
-0.1399016723530615 0.999816779006651 0.00027120978589681487
-0.139102400769458 0.9997297174224632 0.0002715806008146469
-0.13851276500872767 1.0002572533034075 0.0002712931518458913
-0.13771352602186704 0.9996967198272149 0.0002716396962319279
-0.13712385813028016 0.9999672337178549 0.00027123444850237974
-0.13632465127382062 1.0000506583407254 0.00027159401937530204
-0.1357349507861727 0.999965072936303 0.0002712987826169955
-0.13493577652532152 0.9995340799744191 0.0002714989984916179
-0.13434604390658933 0.9995335080472202 0.0002711998331295962
-0.13354690224293908 0.999969281184992 0.0002716329396345422
-0.13295713656248187 0.9998193251693446 0.00027117407172090016
-0.1321580274948927 1.0000758549585995 0.00027156522532595297
-0.13156822968403437 0.9998089994749387 0.0002712609878935612
-0.13076915274639356 1.000129128132245 0.0002716931986762657
-0.130179322804451 0.9992969178182312 0.0002712019644871352
-0.12938027799834714 0.999987084829882 0.0002715956741414239
-0.12879041546034353 1.00005665846988 0.00027129688329914745
-0.12799140325075886 0.9994995410562345 0.00027157823541122087
-0.12740150858189736 0.9990940157967798 0.0002711722089468059
-0.1266025285018043 1.0003535763514686 0.0002716744481487386
-0.1260126012366527 1.0001124116948708 0.00027123817264270556
-0.12521365375284976 0.9999763302976785 0.0002716285674414806
-0.12462369435820653 1.0001126348168015 0.0002712037392727368
-0.12382477900525879 0.9998279670732574 0.00027157130409562256
-0.12323478701409908 0.9998136163414028 0.0002712439198241392
-0.12243590472287368 0.9997045251483372 0.00027162079283186145
-0.12184588013451571 1.0004647092592527 0.0002713865926280755
-0.12104702997437454 1.0003021930736835 0.0002716180263200629
-0.12045697325606819 1.0004271472069344 0.00027134174124371054
-0.11965815522633083 1.000138865076387 0.00027170175030112413
-0.11906806591196073 0.9998967098388684 0.00027120912252810324
-0.11826928047919258 0.9995851418359026 0.00027160247890850586
-0.11767915903237736 0.999708782180176 0.0002712248585749394
-0.11688040573114887 0.9995374774543507 0.0002715082437788702
-0.1162902516882699 0.999664962457985 0.0002711999993221183
-0.11549153098310516 0.9995335149133283 0.0002715249820096461
-0.11490134480982238 1.000382983466903 0.00027134994717761644
-0.11410265623505876 0.999528181097773 0.0002715017209075021
-0.113512437930239 1.0000986859306986 0.00027125606138074705
-0.1127137819517655 1.0000606248369872 0.00027167202287242545
-0.11212353058613156 1.0002458775833438 0.00027131632126722746
-0.11132490720417453 0.9996548792861107 0.00027164189145071916
-0.11073462370768539 0.9999015054228415 0.0002712931789482086
-0.10993603245613082 1.0002418761229765 0.0002716394742781375
-0.10934571682832972 0.9999407056175028 0.0002712684652056788
-0.10854715770763168 1.000160705037124 0.00027162471377522966
-0.10795680948422091 0.9998049859073495 0.00027127771180779695
-0.10715828295958528 1.00009437945191 0.00027166896254388203
-0.1065679026055484 1.0004055388343358 0.00027129804571424804
-0.10576940867720017 0.9999041621598594 0.000271580374926963
-0.1051789952605301 0.9997271801855101 0.00027124551186584293
-0.10438053392824562 0.9997826873938516 0.0002715990345697256
-0.10379008838208392 0.999999765741815 0.0002712508007945731
-0.10299165918020191 1.000282638713648 0.00027165140551139994
-0.10240118150386411 0.9998137454796079 0.0002712502987161995
-0.1016027844321582 1.0003014514183384 0.0002716926558224166
-0.10101227415975667 0.999924999490842 0.0002712861431963596
-0.1002139096841118 1.000310963304114 0.00027163239378343647
-0.0996233672813105 0.9996896918489026 0.00027122918609828777
-0.09882503540081854 0.9990497196465468 0.0002715128021381582
-0.09823446040263661 1.0000469062299315 0.00027127544855757847
-0.09743616065277214 0.9998337042966322 0.00027167483678504047
-0.09684555305761966 0.9991815301057955 0.0002711991396334987
-0.09604728590472843 1.0000700133188705 0.0002716208337155714
-0.0954566461791735 0.999742926684806 0.0002712285528882306
-0.09465841115668472 1.0004440463393147 0.000271711748601927
-0.09406773930049826 0.9997841531693573 0.000271260032271092
-0.09326953640863832 1.000071329650714 0.00027161591201420163
-0.09267883195548132 0.999692357282811 0.000271243728618442
-0.0918806621262532 0.9998901146872755 0.0002716561434691554
-0.09128992507612566 0.9999568372099564 0.0002712655757253768
-0.09049178737729865 0.9995462541786535 0.0002714986191251453
-0.08990101819767948 1.0001082004121635 0.0002713090444948533
-0.08910291262925495 0.9997231214663045 0.00027171771292912984
-0.08851211085357204 1.0001445398051727 0.0002712542699918487
-0.08771403788121124 0.9998486553213642 0.0002715229837562137
-0.08712320397398866 1.000053816679976 0.00027128269379884766
-0.08632516359882612 0.9999504601466475 0.00027162108933282824
-0.08573429709554115 0.9998501557643553 0.0002712283267209047
-0.08493628885077972 1.0001651868543555 0.00027167072392017327
-0.08434538975143369 0.9999556882039851 0.0002712999065358722
-0.08354741410273601 0.9992754972882224 0.0002715263579178558
-0.08295648287185031 0.9997604306426587 0.000271293991763252
-0.08215853935378147 1.000526792016026 0.0002716947101917803
-0.08156757599340414 0.9995171969310623 0.00027113070163762193
-0.08076966507230719 1.0000150984098777 0.0002717002114152248
-0.08017866864929533 0.9993926820215705 0.00027126292681311766
-0.07938079032517163 1.0000891796715041 0.000271681666331617
-0.07878976176971196 0.999805679265453 0.0002712049804172412
-0.07799191557621708 0.9995176263873846 0.0002715913607496745
-0.0774008548912658 0.9995828876718623 0.0002712497295625332
-0.07660304129383466 0.9998576167839387 0.00027163252386936743
-0.07601194801281963 0.9996917575355189 0.00027125938354498287
-0.07521416654578826 1.0002591957255043 0.0002716626245326568
-0.07462304066757497 0.9998839449927015 0.00027126746610037255
-0.07382529179774186 1.0002882633035592 0.00027166244895819407
-0.0732341337891288 1.0001826335227195 0.00027125418892410934
-0.07243641704878731 0.9998869273529174 0.00027169752775580753
-0.07184522691068264 1.0006212573986275 0.0002713143903750068
-0.07104754276640489 1.0003657156839163 0.00027177988411771094
-0.07045631956543798 1.000048150544999 0.0002712800444766551
-0.06965866801836118 0.9998551539784013 0.0002716264058411356
-0.06906741268699046 0.9997539014618623 0.00027129077516471403
-0.06826979327031478 0.999452684883822 0.00027155854531492487
-0.06767850580854429 0.9994640626867086 0.00027119869401921997
-0.06688091898792967 0.9997571416606559 0.00027158366788118335
-0.06628959892987041 0.999421673553865 0.0002712366336167603
-0.06549204423988596 0.9997478728669318 0.00027161536972850975
-0.06490069158621703 0.9999274638126919 0.0002711907057780157
-0.06410316949093141 0.9996588907762123 0.0002715702454902164
-0.06351178470777086 0.9993891624730019 0.00027114413774236023
-0.06271429520854899 0.9996379958579765 0.0002716399673959896
-0.0621228778284152 0.9994246675027267 0.0002712126909712461
-0.061325420460502586 0.9992590169816324 0.0002715151931644734
-0.060733970949969025 0.9994397901275521 0.0002712081439425192
-0.059936545712456185 0.9996840278015047 0.00027163982001964713
-0.05934506360563251 0.9993909048837485 0.0002711281395524606
-0.058547671430073764 0.9994473046296416 0.00027154648653002504
-0.057956156726276846 0.9995866083315912 0.00027122838309782884
-0.057158796682030055 0.9993263058643912 0.0002715441857653446
-0.05656724984783068 0.9997967939492443 0.0002712455740690814
-0.055769921933075506 0.9996962270826306 0.0002715827871617784
-0.0551783429691568 0.9988652083988182 0.000271092556807601
-0.05438104765023497 0.9990122858917307 0.00027161085007925193
-0.053789435624139854 0.9992023965577662 0.00027118587442350654
-0.05299217290219126 0.9995447343529523 0.0002716310236914321
-0.052400528745692336 0.9992314054408787 0.0002711224282122671
-0.05160329815460028 0.9990453798453096 0.0002715436580364083
-0.0510116218670198 0.9991049837985023 0.00027119307659814946
-0.05021442387130702 0.9994689007193205 0.0002714881698571549
-0.04962271498766279 0.9992783976308243 0.0002711966194832536
-0.04882554912326331 0.9990738233770171 0.0002714802213706266
-0.04823380764355534 0.9991501284912508 0.00027112386117503695
-0.04743667437521691 0.9992747786343879 0.0002716191423960157
-0.04684490076488146 0.9990913501494523 0.0002711799302445759
-0.04604780009237907 0.9996122664685412 0.0002716718922496959
-0.0454559938855258 0.999193425635434 0.0002711475923730098
-0.04465892534478809 0.9991973946719417 0.0002715674960447846
-0.044067087007079626 0.9994096304042739 0.00027113096870817646
-0.043270051063313816 0.998643784166104 0.0002714490096292212
-0.042678179662743114 0.9993175370246775 0.0002711674823103153
-0.04188117631481469 0.9988346038960794 0.0002714910754055676
-0.04128927278338745 0.9987545039479406 0.00027113732698038457
-0.040492301566768286 0.9993851185623608 0.00027150164209497284
-0.03990036590494128 0.99940463828293 0.00027116653638275775
-0.039103427284841286 0.9992437886097059 0.00027165360544664893
-0.0385114590262674 0.9987661548868 0.0002711211615774455
-0.037714552535886736 0.9996425078894711 0.0002716077823489867
-0.03712255214713945 0.9992895251394849 0.0002711639317359202
-0.036325677787840335 0.9995299153806234 0.00027158521967614676
-0.03573364480280294 0.9991555943908427 0.00027118007506879877
-0.03493680350545522 0.9987070545607315 0.0002715227153966194
-0.034344737924130404 0.9992639870928629 0.00027116051228096943
-0.03354792875695609 0.9998674359438933 0.0002717416363830729
-0.032955831045001105 0.9990098482524934 0.0002710631934021183
-0.03215905447411825 0.9985903797741573 0.0002714469933127587
-0.031566924166327226 0.9996247003211458 0.0002711607303693101
-0.030770179726074546 0.9987244403240865 0.0002714970358393839
-0.03017801728833513 0.9991717443375441 0.0002712000666550546
-0.02938130544368943 0.9991634043943783 0.0002714752882546778
-0.028789109944227675 0.9989980025895336 0.0002710936976094569
-0.0279924306951903 0.9995404816999884 0.00027161458814515984
-0.027400203065553796 0.999398005586795 0.0002711523856062933
-0.0266035559471439 0.9993309446854728 0.0002715869017305206
-0.026011296186879918 0.9989834305721793 0.0002710746804068552
-0.0252146816652169 0.999400614431326 0.00027159770136060495
-0.024622389307750618 0.9991369980540143 0.00027112001134727774
-0.023825806916262352 0.9989787059545456 0.00027163452712363574
-0.023233482428167244 0.9989396558215302 0.0002710572055308075
-0.022436932633877235 0.9988585411515416 0.00027156905331114905
-0.021844575549721076 0.9994203535220779 0.00027114484830360186
-0.021048057885830834 0.9991294330736639 0.0002715057046479789
-0.02045566820561362 0.9989723445776368 0.0002711181268729439
-0.019659183602992993 0.9991018603086078 0.00027160145314102476
-0.019066761326030246 0.9991490953696356 0.00027115504779751267
-0.018270308854949284 0.9996114169693351 0.0002716556879268682
-0.017677854447584077 0.9998060223564734 0.00027125532004870193
-0.01688143457301959 0.9985299161039314 0.0002714458183891995
-0.01628894756913791 0.9984142292599602 0.00027108856802579367
-0.015492559824065043 0.9987659296357339 0.0002715280880569813
-0.014900040689554535 0.999661170258708 0.00027124561491415793
-0.014103685541679928 0.9993005275633171 0.0002716289021311146
-0.01351113381110702 0.999270553855031 0.00027117885150174017
-0.012714810793636221 0.9998584973357444 0.0002717304731610987
-0.012122226932660851 0.9990684440275088 0.0002711296355741535
-0.011325936045137092 0.99924204323229 0.0002716285509646244
-0.0107333195876439 0.9993543174278563 0.0002711400461188265
-0.00993706176229925 0.9990310747081272 0.0002715308790861487
-0.009344412709197732 0.9986792430678498 0.0002711197267767307
-0.008548187015160996 0.9992638690328429 0.0002715746335927316
-0.007955505830522507 0.9993752057590884 0.0002711858061269118
-0.007159312733233997 0.9991783441187635 0.00027156825712611703
-0.006566598951166843 0.998906636342628 0.0002711231750044926
-0.005770437984734868 0.9986650942379253 0.0002715289257819683
-0.005177692072720674 0.9993876312586938 0.00027110949053149895
-0.004381563702349754 0.9991056101232451 0.0002715368142253594
-0.0037887851940467954 0.9992222931241102 0.00027112883484964865
-0.0029926889543033515 0.9992904689214646 0.00027156193703088965
-0.0023998783146911323 0.999423895675892 0.0002711732926777939
-0.0016038146710100894 0.9994629265093729 0.0002716066814015229
-0.0010109714362436164 0.9987791568781726 0.0002711631293332806
-0.00021493992342180314 0.9994896093808483 0.00027175756852529544
0.00037793590809020246 0.9990784989985242 0.00027114668033931667
0.0011739343589633117 0.9995840820264513 0.00027164825166478107
0.001766842787447213 0.9990300312735416 0.000271132239266184
0.0025628086418011528 0.9997694180545038 0.0002716163438775651
0.0031557496658933815 0.9994107831623333 0.00027114911004840565
0.0039516833898475545 0.9990212583242323 0.00027161963263393126
0.00454465654456726 0.9991114108963814 0.0002710901747274701
0.005340557672229975 0.9989368063860902 0.0002714953811527292
0.005933563423922924 0.9990380315307518 0.0002711828515992395
0.006729432421184524 0.9992764432344933 0.00027162146487271323
0.007322470301915018 0.9995512083646096 0.00027120359269737384
0.008118306703114218 0.9995809034431006 0.0002716180287274913
0.008711377179679403 0.9992229911331817 0.0002711986382973847
0.009507181451157925 0.9989230102632642 0.0002715928458064051
0.010100284058808702 0.9990459721842695 0.00027108650781002496
0.010896055733998461 0.9986630319737858 0.00027150958412748517
0.011489190937481235 0.9988831970210614 0.0002711506664264164
0.01228493048295301 0.9991644823555363 0.0002716499911396598
0.01287809781615646 0.9990763961118967 0.0002711612515457172
0.01367380476533543 0.9990834287785396 0.0002716101939018932
0.0142670051609457 0.9993663810271396 0.0002711782387066895
0.015062679513379139 0.9990534709892381 0.00027162815519740603
0.01565591203961958 0.9990890600555736 0.0002711244250801636
0.016451553795764254 0.9993920351724779 0.0002716380233148426
0.01704481891829346 0.9989127564100507 0.0002710426752813071
0.017840428078149367 0.9990927063498831 0.0002716542961170757
0.01843372579742141 0.9992306923127177 0.0002711095983785752
0.019229302826193076 0.9994508862456323 0.00027169318909847347
0.019822632676096637 0.9990174980396034 0.0002711660453906145
0.020618177109486338 0.9987633599034065 0.0002714821829974135
0.02121153955476917 0.9992957421244983 0.00027117328397828125
0.02200705185707732 0.9992023870307525 0.00027164407501708914
0.02260044643389847 0.9991602030078597 0.0002711870410040829
0.02339592613945974 0.9995211571634802 0.00027161944518031965
0.023989353312572348 0.9989461744699958 0.00027110651345911465
0.02478480088796156 0.9987276824318747 0.00027144119017248326
0.025378260191246227 1.0000815446697626 0.00027126844856148295
0.026173675170343982 0.9990109776102716 0.0002714930672007388
0.026767167070375526 0.9987334420424834 0.0002711309137996846
0.0275625494527264 0.9995480830909316 0.0002716040420730979
0.02815607394904806 0.9990658001765623 0.0002711648372369405
0.028951424200772805 0.9987294474399756 0.0002716050309728862
0.029544980827723284 0.9991019605030945 0.00027107508498774396
0.030340298482247077 0.9989976584656002 0.00027149888682996207
0.030933887706851237 0.9991254862308064 0.00027118618203566223
0.0317291727646295 0.9984509577478807 0.0002714841550950569
0.032322794585525116 0.9994072462314173 0.0002712351211300026
0.03311804751358405 0.9995712252955836 0.00027165876944266
0.033711701464198995 0.9988731814221222 0.00027110070018093903
0.03450692179596916 0.9990014507908627 0.00027156266897303483
0.03510060834332695 0.999086523916585 0.0002712138632908069
0.03589579654401556 0.9996932758262252 0.00027168860770456984
0.036489515222002174 0.9995332485437479 0.0002712525300123335
0.037284670826397984 0.9988860865800744 0.00027152496673268765
0.03787842210067471 0.9990431069796449 0.0002711628069238852
0.038673545109691246 0.9992373513448359 0.000271654428094891
0.039267328979804006 0.9992027524048664 0.00027117024920025943
0.040062419857734954 0.9988507349362423 0.0002715350668291638
0.040656235858477885 0.9993924347065547 0.0002711854903089558
0.04145129414012007 0.9990396492226096 0.0002716315731368503
0.042045142737151764 0.9990160641356989 0.0002711140421436826
0.04284016842250518 0.9992702393532025 0.00027165084456593825
0.04343404961582564 0.9988476277604702 0.000271113423690303
0.04422904317054889 0.9983091051796482 0.00027135590693414083
0.044822956959933095 0.9992804063523862 0.0002711449317655108
0.04561791745293131 0.9989934187179432 0.00027157838221986114
0.047006791736224574 0.999284465711436 0.0002716067949164226
0.04760077071705449 0.9994098207686333 0.00027122214874348617
0.048395666484270974 0.9988598695895717 0.00027152175691461366
0.04898967759641016 0.9994198774886222 0.0002711851551451579
0.04978454076665609 0.9990605892816635 0.0002716610002361976
0.050378584474856325 0.9992172324907717 0.0002711881741952186
0.05117341504903851 0.9995696743329887 0.000271700533879045
0.05176749088786892 1.0000378680063688 0.0002712715095115708
0.05256228979708222 0.999337359174265 0.0002716880146777883
0.05315639776722458 0.9994201895403303 0.0002711595249822278
0.05395116407946733 0.9991057593824095 0.00027166155065826104
0.054545304645672095 0.999329229368749 0.0002711446765799031
0.055340038362760594 0.9994016361576792 0.0002716264984841554
0.05593421152434463 0.9993938173241612 0.0002711433306210272
0.05672891311125972 0.999526874589092 0.00027164879763795
0.05732311840370164 0.9996864232546515 0.00027123184571301885
0.058117787393644836 0.9995935641523532 0.00027172431420038803
0.058712025282147806 0.9992935448940989 0.00027117314349060453
0.05950666167557184 0.9995689126380616 0.0002716817801385116
0.060100932160821685 0.9997576707818151 0.00027126581986526793
0.060895536424526386 0.999969843978991 0.0002717661760142063
0.061489839039950984 0.9994795166308701 0.00027118095669169363
0.0622844107069115 0.9995193114675565 0.00027165068631578146
0.06287874591862351 0.9994576293712967 0.00027120856529398984
0.06367328498929661 0.9995046168242824 0.0002716450958310565
0.06426765279729875 0.9999651416119311 0.00027120134111517484
0.06506215927167903 0.9990335143717776 0.00027157566186493225
0.0656565596764267 0.9995211889192355 0.0002711980454460848
0.0664510340188146 0.9995749754506946 0.00027175342125525893
0.06704546655510057 0.9996929916205479 0.00027124785737594743
0.06783990830119971 1.000287671736936 0.0002718108882596972
0.06843437343377445 0.9997082928109146 0.0002712555906203723
0.06922878258403754 0.9999313419244034 0.00027172486020977964
0.0698232803129024 0.9997595309242633 0.0002711644419067151
0.07061765733208125 1.0003828335869718 0.00027179260391605614
0.07121218719157764 0.9993786320033669 0.00027120226460370126
0.07200653161401095 1.0000659139480108 0.0002717209573635595
0.07260109407025016 0.9998785154448331 0.00027119306162897127
0.07339540589730421 0.9995872986130826 0.00027158750509108956
0.07399000094937946 0.999740354661814 0.0002712115909892825
0.07478428017968933 1.000318717046614 0.0002718696619063812
0.07537890782805334 1.000180879445705 0.00027122450403877115
0.07617315492773304 1.0004545091855113 0.0002717659334129717
0.07676781470672722 1.0005290289875015 0.00027133984917753184
0.07756202921011546 0.999481803669294 0.0002716737916304028
0.07815672158585653 0.9999844176833851 0.0002712201825040883
0.07895090349340872 0.9996717923666074 0.0002716902392659903
0.07954562846452905 1.000094537387267 0.00027126306856629207
0.08033977777579383 1.0001469547023791 0.00027179402429185884
0.08093453534252115 1.0003407762210805 0.0002713395651338389
0.08172865252384023 0.9994729563936448 0.00027170578352752266
0.08232344175530738 1.000159467388347 0.00027127600332933863
0.08311752680667807 1.0002748493414364 0.0002716841520650661
0.0837123486339799 1.0002949752669974 0.000271323836367893
0.08450640108906049 0.999802553212645 0.00027160732333227
0.08510125551265514 1.0000566919427045 0.0002712609729826557
0.08589527537099019 1.000422836827286 0.0002717409778385505
0.08649016239178309 0.999981703908653 0.00027124772511255015
0.08728414965428345 1.0000750320666616 0.0002718261892148331
0.08787906927045697 1.000248563081396 0.0002712154167492503
0.08867302440232985 0.9996144812087949 0.00027170135395424087
0.08926797614913085 1.0004051681359662 0.00027133597064807455
0.09006189868471227 1.0003228274736353 0.00027171582197312814
0.09065688302825879 0.9996846278311446 0.00027124342530804546
0.09145077296755011 1.0005513924155862 0.00027182123748015934
0.09204578990693403 0.9998069647790773 0.00027126986982465987
0.09283964724993522 0.9996751537596849 0.00027173698498734105
0.09343469678560655 0.999708197722646 0.00027118768411106895
0.09422852153186492 1.0002788630926955 0.0002717892701896857
0.09482360366473586 1.0001404973301997 0.00027124058050578365
0.09561739628081947 0.9998295804366556 0.0002716664435540806
0.09621251007774845 0.9998167525552987 0.0002712001532774504
0.0970062705632019 0.9994554815272871 0.0002716751764115048
0.09760141695642233 0.9999850385014124 0.00027121862439452186
0.09839514484558431 0.9997976869816881 0.00027170015407047517
0.09899032383555163 0.9998454477170117 0.00027123421461021537
0.09978401912842484 1.0005605292932092 0.00027184414383258124
0.10037923071422415 0.99959476868827 0.00027129488065950316
0.10117289341126269 0.9999101992167612 0.0002717960781416278
0.10176813759289939 0.9998200886475656 0.00027122951478337186
0.10256176815839825 0.999853947671631 0.00027171534813876517
0.10315704447202734 0.999835568559519 0.00027125921846803846
0.10395064244032794 0.9994009081374093 0.000271612376101742
0.10454595135070122 0.9995205848007059 0.0002712106723842797
0.10533951672316579 0.9996907057226811 0.00027163042498175245
0.1059348582293751 0.9999954360020952 0.0002712782641908234
0.1067283910055509 1.0002532170168905 0.0002718031781079484
0.10732376464284175 0.9998427936565355 0.00027122270503196396
0.10811726528793332 1.0003797086796744 0.0002717518517482368
0.10871267152219877 0.9999348552776357 0.00027124364962072685
0.10950613957122658 0.9999821775002359 0.00027172707604904736
0.11010157840064494 0.9996567620084349 0.0002712580758189893
0.11089501385315627 0.9994656990717637 0.0002717426503978114
0.11149048527931882 1.000023623799742 0.00027127823469929425
0.11228388860119998 0.9995310774735676 0.00027165452566342715
0.11287939215844812 1.0002124107152564 0.000271262949865986
0.11367276288404052 1.0004109605460036 0.00027187281109672195
0.11426829903712064 0.9999198951346023 0.0002712696063770047
0.11506163716642294 0.9999980463978426 0.0002717962440606229
0.11565720591579588 1.0005274079329076 0.0002713002994175099
0.11645051144880536 0.9997675177539846 0.0002717525160285039
0.11704611232880711 1.0001110506089341 0.0002712506184903798
0.11783938573209862 0.9996283905506721 0.00027164835016434423
0.1184350192065715 1.0001863654589092 0.000271280962326277
0.11922826001402831 1.000080541332947 0.00027176992361337387
0.11982392608524674 1.0002889755339828 0.0002712910526200915
0.12061713429641342 1.0000980429309732 0.0002716878542021229
0.12121283296437468 1.000425317255681 0.0002712855162642752
0.12200600857925127 1.0002207785979558 0.0002717429053160597
0.12260173984304856 0.9998411957697395 0.00027123147038125275
0.12339488332820582 1.000321573159394 0.00027177390940307536
0.12399064625606115 1.0002226582548561 0.0002713581348503239
0.1247837576101355 0.9998374688513066 0.0002717988580703576
0.12537955313518911 1.0006057297448387 0.0002713482335043097
0.12617263189251793 0.9999553750994232 0.00027172153396014807
0.12676846001386433 1.000880812155121 0.0002713281181011474
0.12756150617535847 0.9996283168282573 0.0002716476159996937
0.12815736689253687 0.99991092240543 0.00027130518001488
0.12895038045774088 1.0005399212721247 0.00027182450371274664
0.12954627377166616 0.9998575682509789 0.00027121787300536253
0.1303392547401233 0.999563332494417 0.0002717136708617268
0.13093518065034004 1.0004224686320495 0.0002713074641519268
0.13172812902341657 1.0000809499404597 0.00027182016418282053
0.13232408706335264 1.0002990884964058 0.00027129602052629147
0.13311700330534626 1.0002628316270468 0.0002717689540825311
0.13371299394248193 0.999768604528603 0.0002712721803608313
0.1345058775877314 1.0005330147734783 0.00027183279735372987
0.13510190082115447 0.9998582224672914 0.00027125075549032975
0.1358947518705692 1.0006585530639251 0.0002718160275666701
0.13649080769982969 1.0001518392336135 0.00027128467855572094
0.13728362615295164 1.0002310299791306 0.0002717805674108075
0.13787971411329636 0.9999967538619612 0.00027126363198741693
0.1386725004344286 1.0004089171200299 0.0002718277873622574
0.13926862099197024 1.0000389329250896 0.00027130893308341804
0.14006137471681102 1.0006335486592741 0.0002718960849467186
0.14065752787064412 0.9998870658204843 0.0002712900108062856
0.14145024946485474 1.0005258423942571 0.0002718274071587966
0.14204643474977208 1.0002325909568097 0.00027132323545193634
0.14283912374723984 0.9999937403777356 0.00027179570251854905
0.1434353416284473 1.0002256624804708 0.00027125586194678123
0.1442279980305331 0.9996303113181129 0.000271713196127195
0.14482424804145855 0.9997818919444137 0.0002712431670490412
0.14561687231291823 1.0004457463141365 0.0002717920034478082
0.14621315492058784 0.9996597635862501 0.00027121883222241196
0.14700574659530063 0.9998482375960149 0.00027166990367273776
0.14760206179926172 1.000204877062677 0.00027128435766752835
0.14839462087768307 1.0004611934887517 0.00027185613710966564
0.1489909686779356 1.0001618331527846 0.0002712754748478655
0.14978349516097633 1.0002311407587994 0.00027182006552679307
0.1503798750914036 0.9999833861671643 0.00027126199425920304
0.15117236944336143 1.000417852435906 0.0002718218987609636
0.15176878197007615 1.0001377256458968 0.0002712937056869678
0.15256124372574656 1.0001390280065454 0.0002718390744312525
0.15315768884784053 1.0002863438274543 0.0002712691962710356
0.15395011800812897 1.0000632197306876 0.00027175156052787664
0.15454659572651575 0.9995523392072612 0.00027123621881778345
0.1553389922905114 1.0002370529226159 0.00027181415214738106
0.155935502139527 1.000163187084597 0.0002713128894323952
0.1567278665728965 0.9999382545694905 0.00027166433681202116
0.15732440901820222 0.9997282969558635 0.00027132472567325427
0.15811674085618976 1.0007157113121867 0.00027192757389236694
0.15871331589733018 0.9992903675286275 0.00027119507870513676
0.1595056151385749 1.0003914538969738 0.0002718399434825568
0.16010222277600406 0.9994361250982898 0.00027120950484010506
0.1608944894209573 1.0007263887860611 0.0002718949076153803
0.16149112918901665 0.9998647865743587 0.00027123362120050733
0.16228336370333973 1.0000806436826617 0.00027179507888863317
0.1628800360681446 1.0001654945562588 0.00027129914654672844
0.16367223798572483 1.0003548823569663 0.00027182203649302975
0.16426894294681982 1.0003024316897962 0.00027132378668461916
0.16506111226810996 0.9997346555842352 0.00027163210348189493
0.16565784935983108 0.9998733227382971 0.00027120374272985806
0.16644998655140322 0.9998339601248291 0.00027178005403450447
0.16704675623896037 1.0001112160626326 0.0002712765429966773
0.16783886083424107 1.0003051340627005 0.0002717201971397241
0.16843566311763425 0.9996004602867581 0.0002712233412479255
0.16922773511662348 0.9997737453438786 0.00027176823245755383
0.16982456999630813 0.9997663016364201 0.0002712637243551977
0.17061660939855317 0.9999391720157293 0.0002718063985359798
0.17121347640977613 0.9992807552830528 0.00027116093663093004
0.17200548321618514 1.0001097859714296 0.0002716366405376561
0.17260238328844868 0.9997385589101394 0.00027118796294755003
0.17339435749857027 0.9997612014935591 0.0002716548933995061
0.17478323178004185 1.0005127837091408 0.0002718279976715399
0.17538019658059056 1.0000498594645075 0.0002712910486353349
0.17617210606242695 1.0003211274011163 0.0002718509086430651
0.17676910345971852 0.9995696769990273 0.00027120950377625683
0.17756098034481207 1.0003321898956086 0.0002718592049529203
0.17815801033839374 1.0000160974536816 0.000271280528879814
0.17894985462719448 0.999167124883691 0.00027165282276191203
0.179546916751405 1.0002228812227543 0.0002713059546766737
0.18033872890957692 1.0001919012305367 0.0002717845868567856
0.1809358236305343 1.0000226225280948 0.0002712429754780829
0.18172760319196202 0.999997800140255 0.00027183046792411664
0.18232473050920817 1.000170882728051 0.0002712163127582245
0.18311647747434714 0.9999218126289303 0.0002717127053117463
0.18371363692222076 1.000251322370493 0.00027132141360076484
0.1845053517576404 1.000211017576944 0.00027178938785456594
0.18510254380135005 1.0002961234463321 0.0002712634104778195
0.18589422604002281 0.9995950816867049 0.00027174842508781704
0.1864914506800226 1.0001611823076986 0.00027126433429793727
0.18728310032240525 0.9999538074428733 0.000271778352298348
0.18788035709303652 0.999625218288447 0.00027126057306396873
0.18867197460479035 0.9998847361611218 0.000271724230462988
0.18926926397216448 1.0007149196915814 0.0002713695441053801
0.19006084842242232 0.9998887630333925 0.00027174996541674265
0.19065817085015657 1.000027521805565 0.0002712444952856154
0.19144972270480745 1.0002692515928917 0.0002717767193347158
0.19204707726248738 1.0004035584994033 0.00027128819566917
0.19283859698718986 0.9997373243503108 0.0002716386648048613
0.19343598414161534 1.000193645441464 0.0002712951431227595
0.1942274712700277 0.9996186463357454 0.000271685099074864
0.19482489102028921 0.999963827318224 0.00027126210759520903
0.19561634555241283 0.9998367806574358 0.00027166134199145043
0.1962137974333018 0.9996943778071836 0.00027119511273846294
0.19700521983434252 0.9993777127537367 0.0002715174938674145
0.19760270431242977 0.9998789318915368 0.00027124987098581113
0.19839409411763578 0.9999358196847756 0.0002717267861695844
0.19899161119110498 0.9998870217295169 0.0002712464880536871
0.1997829684000182 0.9999181436554093 0.0002717308902107845
0.20038051760411624 0.9999974977353274 0.00027127694804816616
0.20117184268240063 1.0001997175378292 0.0002717542961697617
0.20176942448324553 1.0004727020442807 0.0002713651126884433
0.20256071649957988 1.000069174408447 0.0002717204659772821
0.2031583313619194 1.0000872189909 0.0002713265482407742
0.2039495907819623 1.0000551950493122 0.0002717075680231742
0.204547237774932 1.000043340982721 0.0002712928434477769
0.20533846506389197 1.0000128349208328 0.0002717799711945619
0.2059361446540613 0.9996704328696745 0.00027129149748852406
0.20672733934718523 1.0002901757948583 0.00027179298383546945
0.20732505106707255 1.0007569141727453 0.00027135289039354816
0.20811621362956767 0.9997540140551372 0.00027172136491453576
0.20871395794574776 1.0004067121753768 0.00027126756282320764
0.20950508791195277 1.0005032749177718 0.0002718921410711507
0.21010286482487572 1.0001407791360128 0.000271290980670691
0.21089396172912933 1.0000725869733775 0.00027175172803081666
0.21149177123788832 1.000292137897524 0.0002713054358206615
0.21228283601151446 1.0002155963136272 0.0002718190073920446
0.2128806781165622 0.9999171441393035 0.00027119109594711337
0.21367171029298873 1.001159767061312 0.0002718992129762338
0.21426958453002887 0.9996981729689091 0.00027121614337522945
0.21506058457537114 0.9996603270161688 0.0002717099190258693
0.21565849140870408 1.000149419066024 0.00027130014665732683
0.21644945885821168 0.9998037537248294 0.00027170630811217627
0.21704739828737662 0.9999297327706994 0.0002712495350229258
0.2178383331405941 1.0003936417550496 0.0002717859896881101
0.21843630470084463 1.0000027822666444 0.00027127210896476324
0.21922720695731523 1.0001999569664919 0.00027172575385726785
0.2198252115795185 1.000141506566489 0.0002712258622912466
0.2206160812406085 1.0004966165086913 0.0002717590583320297
0.2212141179925311 0.9996791453647907 0.0002712496875138335
0.22200495552253818 1.0001728329571715 0.0002716515428156979
0.2226030248716604 1.0001674598809824 0.0002713198393179512
0.2233938298049233 1.0000942812023044 0.0002717449367145236
0.22399193128467165 1.0001478971144921 0.00027130135368618136
0.22478270408776113 0.9996081422881699 0.0002717339310762544
0.22538083816334686 1.0001373929447022 0.00027127841581938843
0.22617157790448228 0.999299860490891 0.0002716182929299355
0.22676974504179304 0.9999376119179397 0.0002713165871267626
0.22756045218686738 1.000560396145248 0.0002718451705005793
0.2281586514541225 0.999478230853498 0.0002712401060002916
0.22894932646970523 1.0005652579152797 0.0002717865358147852
0.22954755833257 1.000331034036717 0.0002713112180452068
0.23033820075209036 0.999816178265507 0.00027175474340507846
0.2309364647462644 1.0004030106629551 0.0002713406885547574
0.23172707456835606 1.000167334281601 0.0002717904061057434
0.23232537162493827 0.9999003630567276 0.00027119925717510913
0.23311594885164932 1.0004199324628609 0.0002718566376151519
0.23371427803772316 0.9998055902575023 0.0002713093626397377
0.23450482313494259 0.9998915196841721 0.00027172714149228564
0.23510318491707882 1.0001701829932923 0.0002712725442936356
0.23589369741687227 0.9996092930611586 0.000271662043600621
0.23649209179575403 1.000128092987572 0.00027128603912506867
0.2372825712335961 1.0002899301281427 0.00027180332883911543
0.23788099820853892 0.9999042354234848 0.000271281899611944
0.23867144551643393 1.0003285985171193 0.0002717759324800739
0.23926990508789459 0.999719472840763 0.0002712957727328823
0.24006031979881637 1.0000156059438343 0.0002716826821244775
0.2406588115013626 1.0000489038061027 0.00027129073113305675
0.24144919408120147 1.0006662527662809 0.0002718347102178742
0.24204771838003514 1.0000912016343801 0.0002712967473676686
0.24283806789883344 1.0000181147955678 0.000271698547008233
0.24343662479304906 1.0001929761519956 0.0002712684843226925
0.24422694218076316 1.000052967236314 0.000271811330594438
0.24482553167217702 1.0000436135851734 0.00027127339477566554
0.24561581646314556 0.9997509451231087 0.0002716332152125751
0.2462144380851896 1.000088176040451 0.0002712413488000541
0.2470046907459834 0.9999076090069667 0.00027174035087212776
0.2476033449638635 0.9995996534407352 0.00027120583998717753
0.2483935645617991 0.9995574106707215 0.00027167726167071044
0.24899225137733016 1.0001261676667887 0.00027127564242350694
0.24978243884372608 1.0003843063362157 0.0002717550221553255
0.2503811582560054 0.999618336137151 0.00027117468875618116
0.25117131312656393 0.9999536753551962 0.0002717270725829465
0.25177006466901664 1.0007371137205354 0.00027136932817616044
0.25256018694328775 0.9999186486386092 0.0002716949306946649
0.25315897154814593 1.0002102711735101 0.00027128912248790027
0.2539490612256729 1.000315418140041 0.0002717759810271068
0.2545478779611585 1.0001784317184863 0.00027133355008920337
0.25533793550896616 1.0001345514121491 0.00027174969089585957
0.2559367848398324 0.9992561115244631 0.0002711202141157702
0.25672680932568726 1.000138161010491 0.00027175033050166815
0.2573256912533004 0.9998800645251331 0.0002713120889842143
0.2581156836080697 0.9999666551259867 0.00027176800135749943
0.25871459813197295 1.0007339379710285 0.00027131542805097634
0.2595045578904548 1.0000629799222835 0.0002716059852198719
0.2601035045449869 0.9998163261422798 0.00027123120669152374
0.26089343217374805 0.9994442346566824 0.00027170648327653216
0.26149241142411483 0.9993987232239774 0.00027124071486353443
0.2622823059904719 0.999992210944215 0.0002716798146304083
0.2628813178371274 0.9997957351386246 0.000271220454242364
0.2636711802728543 1.000239384478849 0.0002717815355024818
0.2642702247148918 0.9997263504327264 0.0002712714873971614
0.26506005455523673 0.9999533407430602 0.000271663916980102
0.2656591311279044 1.0003486341854477 0.0002712933919444902
0.26644892837196055 0.9999212951528026 0.00027168973955964685
0.2670480380065783 0.9991743441031748 0.00027113292997988254
0.2678378026543457 1.0004380886417656 0.00027177477858280133
0.2684369444195909 0.999679998883502 0.00027125144483492884
0.26922667693763896 0.9999378156222294 0.0002717176283014806
