-0.24238809238364545 0.999836603722836 0.0013456789365313658
-0.24181836354159747 1.0004751827193534 0.0013704176278969882
-0.24152258599249157 1.0018402070302954 0.0013327837850481525
-0.24099918615799013 0.9989688191488937 0.0013458314638535582
-0.2404294644181849 0.9991985716925623 0.0013662600542281933
-0.24013367045360778 0.9981735342743704 0.001335608743863369
-0.23961027993324294 0.9980803212841829 0.0013520253273281127
-0.23904056541073226 0.9994294433470876 0.0013669916469474385
-0.23874475503205017 1.0006073614496933 0.00133035833170484
-0.23822137359253315 1.0013002581737689 0.0013455105728394066
-0.23765166628800216 1.0015156065977335 0.00137321287728345
-0.23735583949453265 0.9999213659831628 0.0013350887670889634
-0.23683246736824137 0.9992717100827885 0.0013473488748496044
-0.23626276716527206 0.9993552188424697 0.0013694478915244701
-0.23596692395701516 0.9994183724205031 0.0013315947340228288
-0.23544356102707886 1.0005175574293812 0.0013455753361038335
-0.2348738680414041 0.9989342202249378 0.0013674399172838496
-0.23457800841813137 1.000155663866446 0.001331081438791996
-0.23405465480187626 1.000439410449599 0.0013457147611418807
-0.23348496903349736 0.9984559759639848 0.0013668722940295968
-0.23318909287993206 1.0005118340381858 0.0013318113760406225
-0.23266574857712907 1.0002418439080878 0.0013490542948291842
-0.2320960699100848 1.0002377557715705 0.00136860490755761
-0.2318001773426409 0.9989357707541695 0.0013307172934554612
-0.23127684223551384 1.000544787733376 0.0013495464302335195
-0.23070717078712766 0.9995608728135846 0.001370583089338172
-0.23041126180421256 0.9997691442854774 0.0013312609590507751
-0.22988793601076665 1.0009558617214132 0.0013494094280856077
-0.229318271779675 1.0004235004969662 0.001371643042428584
-0.22902234626623963 0.9990761417772683 0.001336805534335568
-0.22849902967005686 1.000598498412787 0.0013465543659505431
-0.2279293726569449 0.9984831800969758 0.0013694955247417495
-0.2276334307287221 0.9999039454453059 0.001329385268849007
-0.2271101234457651 1.000453576539536 0.0013458031180585397
-0.2265404735342148 1.000153607257132 0.0013669205968622855
-0.22624451519029376 0.9990253036468025 0.0013320838747691976
-0.22572121710369444 1.0014955376490038 0.001346537108370683
-0.22515157440989275 0.9997769833189486 0.0013669347474509015
-0.2248555996514127 1.0008286910021258 0.0013310893242873961
-0.22433231087894726 1.000493247681277 0.0013456043976393026
-0.22376267528602478 1.00116324410994 0.0013692908489535245
-0.22346668399702443 1.0014654153393496 0.0013341277409754362
-0.22294340453823747 0.9990865974963877 0.0013465460619070141
-0.22237377627948296 1.0016410300692908 0.0013696228356150399
-0.2220777684595069 1.0004575348015352 0.001330668194418779
-0.22155449831303756 1.000477266302555 0.0013458155201132634
-0.2209848771560704 1.0000005367139473 0.0013700031167426187
-0.2206888529219867 1.0004093634693223 0.0013329872347321737
-0.22016559197187505 0.999369578486763 0.001348473642769548
-0.21959597803311193 1.0001116371202012 0.001367620064954973
-0.21877668574758058 1.0004497334625782 0.001345928564125768
-0.21820707891015478 1.0002789158742134 0.001366821078612472
-0.21738777940641807 0.9997688137911933 0.001345786612155983
-0.21681817978583273 1.0011524833374144 0.001367467592630416
-0.21599887318076272 0.9997043142224143 0.0013453523572207302
-0.215429280777926 1.0007251647185418 0.0013681379601948379
-0.21460996684005565 0.9993949168484598 0.001345937540463073
-0.21404038165496753 0.9998939734332488 0.001367938333610028
-0.21322106061576118 0.9986870981943129 0.0013453873782008465
-0.21265148253201038 0.9988911555417476 0.0013686930744479184
-0.21183215427414595 0.999257242452397 0.0013453743760329904
-0.21126258340859783 1.0008584026769045 0.0013689095720709104
-0.2104432480484879 1.001551608277239 0.001346694336202081
-0.20987368428495756 0.9998308232016587 0.0013717416480435035
-0.2090543417073254 0.9998866236671128 0.0013464522272101053
-0.2084847851613173 1.0014384394604596 0.0013742630306731517
-0.20766543548303362 0.9985487240550225 0.0013453227272423815
-0.20709588603790474 1.000952715698925 0.0013679868309909424
-0.2062765291418711 0.999506272126257 0.0013463598920790622
-0.2057069869149476 0.9991514564636458 0.00136714963423295
-0.20488762291757937 0.9969304839100014 0.0013499408678915921
-0.20431808779198912 1.0003638928592555 0.0013702675087359333
-0.20349871657686958 0.9991622268065129 0.0013452926167638565
-0.20292918866812248 1.0003196541437585 0.0013676630698692394
-0.2021098102347989 1.0004288062425224 0.0013477075298680178
-0.20154028954470993 1.0001980551946013 0.0013673486952018221
-0.2007209040091409 0.9998097340353623 0.0013493634308517932
-0.2001513905377127 0.9986214962732094 0.0013687633664617527
-0.1993319976684338 1.0000852996614062 0.00135050241392528
-0.19876249141384472 0.9991010686513048 0.0013676604998941486
-0.1979430913277267 0.9999054575043106 0.0013463350066540392
-0.19737359229043216 1.000222977872771 0.0013678768047998388
-0.1965541851029795 1.000543538909231 0.0013462394117809764
-0.19598469316747502 1.0005722675655013 0.00136796206983024
-0.19516527876227244 1.0016893304644303 0.0013467257924008444
-0.19459579404451655 0.9993499183954071 0.001367319372647994
-0.1937763725370698 0.9989959207941024 0.0013497806179107845
-0.1932068949201945 1.0004049746704475 0.0013686294321126249
-0.19238746619499647 1.0004486364872491 0.0013515258705684926
-0.1918179957965549 1.0000712030737307 0.001368599814029677
-0.19099855985383396 0.9993974148746431 0.0013464578376615167
-0.1904290966738248 0.9972333949128387 0.0013670559760074297
-0.18960965362954219 0.9987955365108137 0.0013460233467850434
-0.1890401974335415 0.9983444039368145 0.0013686596191148054
-0.1882207472888351 1.0006145583203327 0.001347779256664292
-0.18765129831058436 0.9994193385373211 0.0013680286847105462
-0.18683184094767258 1.0021423767996245 0.0013462659912688996
-0.18626239918762588 0.999517561449045 0.001367970020715339
-0.18544293472246998 1.000608019925886 0.0013523318305554571
-0.18487350006330383 1.0001598762589958 0.0013684729537046419
-0.18405402838130747 1.0008266034822975 0.00134799358911387
-0.18348460093989127 0.9989953264312513 0.001373906632779109
-0.1826651220399186 1.0004258473611412 0.0013463948936481385
-0.18209570181693413 1.000021288388794 0.001369543695014313
-0.18127621569852703 1.0014872505416028 0.0013467874626823858
-0.18070680269352157 0.9990554446816169 0.0013700551230244541
-0.17988730947423526 0.9984379134371811 0.0013458598018815733
-0.1793179035696536 1.0015826345749244 0.0013738436712148825
-0.17849840313307275 0.9999136289571529 0.0013456492008428358
-0.17792900444624105 1.0005186704671494 0.0013692767979865592
-0.1771094967910021 0.9992345208334078 0.0013466815979660738
-0.1765401053223744 0.9987838848825453 0.0013672958374593032
-0.1757205904502923 0.9990043626714029 0.001348571049867166
-0.17515120619896185 1.001226561152234 0.0013707641927985493
-0.17433168422600054 0.9997457764770222 0.0013501823552706676
-0.17376230695958805 1.0013502224432442 0.0013698041559932071
-0.17294277788483803 1.0012882014374853 0.0013461058361557508
-0.1723734078366309 0.9989354142782209 0.0013674250658568564
-0.1715538715432201 1.0006029634805615 0.0013500795545560345
-0.17098450871321835 1.0012585365021796 0.0013687096177676112
-0.1701649652020576 1.0017408858035186 0.001348185541667402
-0.16959560958935038 1.0014374297108677 0.0013674252047012126
-0.16877605897685768 0.9993244118902077 0.0013473875677540417
-0.16820671046593783 0.9982455421691488 0.0013707876869977229
-0.16738715263569517 1.0003558801595918 0.0013517448829932204
-0.16681781122565587 1.000074652108949 0.001371425869106769
-0.16599824629498539 1.0001366880258846 0.001349654425897773
-0.1654289121029251 1.0001933733233899 0.001372530685120552
-0.1646093399542783 1.0005731567021154 0.001351469967922598
-0.16404001298019433 1.0006683081000516 0.0013679305645593496
-0.16322043361311578 0.9992273814902995 0.0013447957590257055
-0.1626511138563277 0.9990740424383004 0.0013689805332985465
-0.16183152727104513 1.0016967866919466 0.0013481948749456585
-0.16126221473200564 1.0009196386773445 0.001375379571577053
-0.1604426210458425 1.000042859167874 0.0013478618489191681
-0.15987331549217776 0.9991717919369623 0.0013681054641429436
-0.15905371470513543 0.999125968904569 0.0013474889764072404
-0.15848441636921928 0.9992978533009481 0.0013687312577408454
-0.15766480836397292 0.99979871039946 0.0013496878765052835
-0.15709551724535264 0.9992342907064643 0.001367965471628211
-0.15627590202326314 0.999906655927131 0.001349596227650696
-0.15570661800620655 1.000099633443137 0.0013699009168214582
-0.15488699568255604 1.0027318867065744 0.001348225427213447
-0.1543177188825663 1.0013295420011314 0.0013713972724221364
-0.1534980893404854 0.9994486362987461 0.0013491291163770815
-0.15292881975824424 1.0023197578885361 0.0013692510833620511
-0.15210918299841203 1.0005712816295642 0.0013510924725479029
-0.1515399206352871 1.00104770325953 0.0013749578681826178
-0.15072027677412025 1.0001963479285294 0.0013483348725917127
-0.1501510213959133 1.000633459252115 0.0013699345822158863
-0.14933137043341319 1.0004383547142028 0.0013470969718386006
-0.14876212227250074 0.9986905210753133 0.001367336688053312
-0.14794246409225068 0.9989327860245516 0.0013483416811999863
-0.1473732231495436 0.9989310915648345 0.0013709467319595692
-0.1465535577508591 0.9989982363929644 0.0013460127397316697
-0.14598432390971572 1.0016901873979627 0.0013697234331754157
-0.1451646514094702 0.9996911738855541 0.0013468970247605108
-0.14459542478539367 0.9988222416577687 0.0013676706173439
-0.1437757450683077 0.9993869977355754 0.0013475728427479311
-0.14320652554511037 0.9989938290726821 0.0013705517880906969
-0.14238683872668978 0.999991714581026 0.0013486159745932694
-0.14181762642215323 0.999847856091417 0.0013736788115029975
-0.14099793238598268 0.9990866970771147 0.001347699559587055
-0.14042872729919476 0.9997700566273561 0.001368420073066787
-0.1396090260452756 0.9988522621463062 0.0013509328437972593
-0.13903982805936688 1.002481847281319 0.0013705729423143097
-0.13822011970320225 0.9983279571571732 0.0013476535769875856
-0.13765092893595432 0.9993535193401987 0.0013728606212527715
-0.13683121336203974 0.9992144958595921 0.00134675154373052
-0.13626202969567236 0.9991852866561687 0.001368739078334217
-0.13544230702133264 0.9993669115967537 0.0013468335398177497
-0.1348731305722598 0.9990766121029809 0.001367688959031421
-0.13405340068017013 1.0003745123009975 0.0013485409693240271
-0.13348423144930133 1.00232642987445 0.0013753799547817482
-0.1326644943385522 0.9985952357946819 0.001347763486015035
-0.13209533220992886 0.9995741103950686 0.0013701044436280501
-0.1312755879978451 0.9990555821834541 0.0013467801428300812
-0.1307064330860609 0.9998616940099199 0.0013679149850367226
-0.1298866816566826 1.0021355514568238 0.0013477915923785604
-0.12931753384555122 0.9986261289457212 0.0013691066844391784
-0.12849777531460926 1.000612942510904 0.0013465405689796965
-0.12792863472191096 1.001624718324133 0.001369157670861004
-0.12710886897390217 1.0001319708190703 0.0013473809335904242
-0.1265397354825385 1.000759596296804 0.0013703791554394416
-0.12571996263319507 1.0005053522152345 0.0013518197602953742
-0.12515083635912594 0.9998273600877506 0.0013673550457755086
-0.12433105629203257 0.9996189289262213 0.0013471853713025884
-0.12376193711975214 0.9995416365845183 0.0013685179266951174
-0.12294214995041464 1.0002210847098971 0.0013581652677500354
-0.1223730379958855 0.9992572875418525 0.001368972662284371
-0.12155324360925213 0.9987435884444471 0.0013496875111764478
-0.12098413875537517 1.0006181782067682 0.001373633927503732
-0.12016433726786326 0.9992667641930096 0.0013503469633421438
-0.11959523951622975 1.000729529479119 0.0013724680130041403
-0.11877543092647169 0.9991746090256417 0.0013466561314249299
-0.11820634039327127 0.9997694228328027 0.0013668698244203752
-0.11738652446934927 0.9997527458149488 0.0013506386292685174
-0.11681744115298931 1.0004836846156937 0.0013687797921467597
-0.11599761812864219 1.0017520630239596 0.0013512820021005323
-0.11542854203003083 0.9996313669965685 0.0013687586396497343
-0.11460871178656884 1.0006631424248122 0.0013477962305643387
-0.11403964279020296 0.9993550152334434 0.0013691208802119627
-0.11321980544449818 0.9997981657763548 0.0013468640676233465
-0.1126507436658809 0.9997116064628765 0.0013715131189775943
-0.1118308991037911 0.9993959263836096 0.0013536325145664062
-0.11126184442582598 1.0003346489994567 0.001366864629509759
-0.11044199276331036 1.0018343406718684 0.001349756882838367
-0.10987294518668056 1.0003718432960076 0.0013709064731700577
-0.1090530864219188 0.9999879589933385 0.0013478773223420998
-0.10848404606372208 0.9993313655200632 0.0013670556615925672
-0.1076641800812117 0.9996698250561592 0.0013556728681765062
-0.10709514682344012 1.0009185102192235 0.0013670929294249867
-0.10627527362363387 0.9998345841454358 0.0013478972846972571
-0.10570624758361225 1.0000765371083375 0.0013663762444656637
-0.10488636728156323 0.9998078189205969 0.0013477988646026474
-0.10431734845974427 0.9993035401844022 0.0013675239475493155
-0.10349746093994529 0.999821349663059 0.0013468822515226857
-0.1029284492199164 0.9996683430324915 0.0013681029198360551
-0.10210855459946457 1.0024873440641164 0.0013470343913973913
-0.10153954998054393 1.0002257328673552 0.001371039168102259
-0.10071964825898383 0.9995737872862357 0.0013486891719944746
-0.10015065085758545 1.0005089838723225 0.001366679548538935
-0.09933074180095058 0.9994546244112354 0.0013470196819024899
-0.09876175161775758 0.9996798528431762 0.0013671946015699787
-0.09794183545978807 0.9999782421129447 0.0013569848579189111
-0.09737285237747562 1.0017316816194979 0.001367775157373988
-0.09655292911817284 0.9986519589872203 0.001348356298583633
-0.09598395325406306 1.0021905182211777 0.0013676297248360419
-0.09516402277701033 0.9999251879838191 0.0013467351643077533
-0.09459505401400747 0.9997821415432652 0.001371393350082208
-0.0937751164353924 1.0006586468214613 0.0013469516159782628
-0.09320615477395189 0.9990797544549564 0.0013664643438900798
-0.09238620997849635 0.9984598715343532 0.0013480987319826549
-0.09181725553457942 1.0010855843776463 0.0013706560755084643
-0.09099730363710748 1.00017967061024 0.001346812253325486
-0.09042835641116687 0.9985468403194472 0.001368501850856345
-0.08960839729503411 0.9991543397346226 0.0013478867796612088
-0.08903945717042949 0.9999629261628639 0.00136730414735986
-0.08821949095432703 0.9982867332527728 0.0013467605482373115
-0.0876505579310557 0.9992376660445609 0.001365834211944575
-0.08683058449720463 1.0010484128024515 0.001352498882853476
-0.08626165869168323 1.0002380566376914 0.0013678745707798293
-0.08544167815604212 1.0013944139625244 0.0013522226717725034
-0.08487275945162764 0.9983188312712403 0.0013691630444293212
-0.08405277181465054 1.0011485157344748 0.0013479664433446595
-0.08348386032889688 0.9994751964928702 0.0013671862660337754
-0.08266386535684635 1.0005010552563498 0.0013473006702485908
-0.08209496108861492 1.000273337353725 0.001369102651415543
-0.08127495901568384 1.0008245391138926 0.0013519229985064557
-0.08070606184787754 1.0005935572248055 0.0013677014074727743
-0.0798860526740659 1.0003134282503696 0.0013463961744557276
-0.07931716260850374 0.9988260447295348 0.0013658418172827582
-0.07849714621648807 0.9991487117519097 0.0013468032632836732
-0.07792826336913128 0.9969546682325209 0.0013657644987941423
-0.07710823987578098 0.9985168844737625 0.001353181979083156
-0.0765393641293034 0.9985043343506489 0.0013701521848635044
-0.0757193335350739 0.9999311816535519 0.00134834398245885
-0.07515046488947552 1.000359805338525 0.0013682703295234103
-0.07433042707658521 0.9974219986154876 0.0013468994339566579
-0.07376156576560755 0.9992652941330629 0.001370497290373349
-0.0729415207354227 0.9993056931469964 0.001345981397271148
-0.07237266652577967 1.0003534332290325 0.0013705630918383403
-0.07155261439471562 1.0001624803291584 0.0013457508982744908
-0.07098376728549771 1.0012604470063862 0.0013667810953460254
-0.07016370793668236 0.9999361462761995 0.001346215969645895
-0.06959486804612391 0.9995732942252905 0.0013706865490174405
-0.06877480159551985 1.0008878965811816 0.0013491007474640683
-0.06820596880675145 0.9993561668424416 0.0013683190126127637
-0.06738589513839745 0.999067018537595 0.001347638970645131
-0.06681706956692357 0.9990916463951716 0.001369036184647998
-0.06599698879677951 1.0012328575594769 0.0013519268746753832
-0.06542817032709569 0.9991689207914997 0.0013652518187427657
-0.06460808245493523 1.0008104545981635 0.001348890812402141
-0.0640392710868124 1.000707115668371 0.0013708800380432275
-0.06321917599803917 0.9998503982461506 0.0013484636579358903
-0.06265037184698452 0.9992136715221218 0.0013662980954755343
-0.061830269657332085 1.001576762825347 0.001347551562643024
-0.06126147260761206 1.0000072351539788 0.0013675748273027284
-0.06044136319929883 1.000923894991123 0.0013500651431385413
-0.05987257336823825 1.0019325991037937 0.0013664160080726598
-0.059052456857228174 1.0015038323179832 0.0013480067714358908
-0.05848367412750088 1.0008355449107529 0.0013720363009777446
-0.05766355051606566 0.9994148205095299 0.0013493397253658175
-0.057094774886763504 0.9998807058881258 0.0013718981366166773
-0.05627464405894056 0.9991425859554215 0.0013490427430960731
-0.05570587564739105 0.9977906334636272 0.0013681226291716625
-0.05488573771777805 1.00184368242052 0.0013482792175290512
-0.05431697640801724 0.9978882893369181 0.001368076989658803
-0.05349683126065564 0.9984502769836455 0.0013465717779174151
-0.05292807716818936 1.0005404832408862 0.0013672521705890945
-0.05210792491994855 0.9984640675619645 0.0013510515377861577
-0.05153917792881691 0.9981701079155031 0.0013704763788367931
-0.050719018461459875 0.9996464548903415 0.001351570976062788
-0.050150278688533605 0.9991078123726143 0.0013671172088191613
-0.049330112119389216 0.9978599879970818 0.0013468430615471989
-0.048761379448023945 1.0002436983959864 0.0013658199697380552
-0.047941205662266805 0.999220498224421 0.0013474471475845291
-0.04737248020887785 0.9967135901516627 0.0013684870964082406
-0.04655229932155702 0.9999751593902408 0.0013500138065129124
-0.045983580969505396 0.9986227697903146 0.0013677312910794048
-0.04516339286397919 1.0007497900473303 0.0013487847895995236
-0.04459468161280677 0.999605942706347 0.0013691480268011073
-0.0437744865232721 0.9977738687014774 0.0013524399639736164
-0.043205782373434316 0.997174017282338 0.0013660165626293874
-0.04238558006523885 0.9985120762205023 0.0013468885422524273
-0.04181688313360644 0.9991922387325508 0.0013657092515651037
-0.04099667360675287 0.9991580020893486 0.0013465858581398838
-0.040427983892869064 0.9977539409600757 0.0013693932944389144
-0.03960776726559036 0.9975681459870901 0.0013476939738280317
-0.039039084653041185 0.9973122242965674 0.0013653490451158074
-0.038218860808467946 0.9976644411791047 0.0013496155940618114
-0.037650185413667374 0.998840542293406 0.0013656939356331077
-0.036829954467758164 0.9987244370353139 0.001345479758290777
-0.03626128617429492 0.9984763946644758 0.0013657128959578108
-0.03544104801018033 0.998407376424803 0.001345862622672504
-0.03487238681714223 0.997056935846217 0.0013683071186887613
-0.03405214166856509 0.9973837262937616 0.0013487408389309058
-0.03348348757685892 0.9973347175234784 0.0013652203890389515
-0.03266323521098726 0.9989169261869254 0.0013504327356064956
-0.0320945883377135 0.9995835162668377 0.0013662922940815094
-0.03127432875295401 0.9979271965569749 0.0013476357491120521
-0.030705689097658587 0.9994148670313734 0.0013662581586843681
-0.0298854224117915 0.9987742528404548 0.0013472039440485415
-0.029316789858284783 0.9994136983289524 0.0013684028593682076
-0.028496515954669087 0.9980678631661378 0.0013454156033340776
-0.027927890502497003 0.9996316497509318 0.001366935658390335
-0.027107609613506577 0.9995694048482099 0.0013480918040902855
-0.02653899126175963 0.9976310748349141 0.001367889767437964
-0.025718703155017904 0.9980566366979596 0.0013470519981725428
-0.025150092021022256 0.9973363521359653 0.0013724285377383755
-0.024329796697895492 0.9992870589766841 0.0013493043872365538
-0.02376119278164845 0.999774532026817 0.0013674079831681569
-0.022940890357188402 0.9993517579556198 0.0013469281912965722
-0.022372293426087708 0.9985505405963964 0.0013654279502812506
-0.02155198389915515 0.997581764883999 0.0013455619166131028
-0.020983394186032792 0.9976112466118072 0.0013663584398360044
-0.020163077441577318 0.999295224605436 0.0013467806328896358
-0.019594494946658988 0.9990138806800026 0.0013655082619212077
-0.018774171100414808 0.999152233976592 0.0013473082168649795
-0.01820559570683111 0.9986453370722241 0.0013686414130373123
-0.017385264642381555 0.9977826005187037 0.00134795851780926
-0.016816696349678414 0.9987644327670159 0.0013703762525709023
-0.015996358184803723 0.9981496537620113 0.0013459673644130787
-0.015427797110305955 0.9984368453715402 0.001365753118695482
-0.014607451727681312 0.9988938733827515 0.0013459653069408078
-0.014038897870932151 0.9982980408848375 0.0013680622534511984
-0.013218545386974222 0.9969926801843587 0.0013487588535149187
-0.01264999851468895 0.9977592308515364 0.0013657437612533442
-0.011829638929167332 0.9982504586846258 0.0013468259181394896
-0.011261099275316492 1.0000034626438663 0.0013664646740919968
-0.010440732470907717 0.9990861220150535 0.0013466195255189372
-0.009872200035033193 0.9983123922051691 0.0013649791054466487
-0.009051826129289784 0.9983146414246828 0.0013467734837899667
-0.008483300677880497 0.998050201821048 0.0013671356285811667
-0.007662919672167374 0.9993572769406777 0.0013472528633678117
-0.007094401438052619 0.9973886443968991 0.0013669958567734725
-0.006274013214589542 0.9971743623713418 0.001349680345840562
-0.0057055020822648385 0.9993938866461074 0.0013658897160527014
-0.004885106757467131 0.9997150475115822 0.0013507291810209029
-0.004316602842891034 1.0001690940200092 0.0013656702623838016
-0.0034962003003447197 0.998253499944483 0.0013480201310364208
-0.00292770360215366 0.9985863014316206 0.0013719340952282845
-0.0021072939582713673 0.9979535526282987 0.001346500528977389
-0.0015388042459104597 0.9998465292092421 0.0013667024227628133
-0.0007183874997853881 0.9993821129211362 0.0013486617319381823
-0.0001499050065380019 0.9995461119074751 0.0013675390600135355
0.0006705189573397176 0.9985645552879825 0.0013493688448022285
0.0012389943501606197 0.9995279478395263 0.0013665014772659757
0.002059425414462129 0.999292674315466 0.0013456771377291922
0.0026278935895330774 0.9991477276379097 0.001367831647307418
0.003448331872039961 0.9988612830335606 0.001347082594631248
0.004016792945094494 0.9974100913024677 0.001366058013903067
0.004837238213657892 0.9991921481245756 0.001351537099491299
0.005405692185604157 0.997612686609547 0.0013671043417330302
0.006226144671235724 0.9975914729409784 0.001348778926862699
0.006794591542302778 0.9979587762647725 0.0013656115052497109
0.0076150511288135565 0.9979556017196307 0.0013459570706832753
0.008183490781675237 0.9992327388672945 0.0013657629114497884
0.009003957586844115 0.9991827879846431 0.0013530632403903967
0.009572390137918437 0.9996273971322889 0.001366325392125324
0.01039286404396922 0.9990505292497485 0.001352943585558851
0.010961289378201736 0.9993412687161257 0.0013689327772737603
0.01178177050109163 0.9977687203523757 0.0013478904878736007
0.01235018873376248 0.9978316023614858 0.001365566455972187
0.01317067684316229 0.9980812245625427 0.0013484375078257858
0.013739087973817395 0.9984666135670979 0.0013670013232548255
0.014559583300740121 0.9982383211203072 0.001350199228756739
0.01512798733097009 0.9987783174883992 0.0013711579664268294
0.015948489757865225 0.9974761484281242 0.0013498962006090703
0.016516886570343895 0.9991365485028249 0.0013728932233278012
0.017337396215443057 0.9964136540103848 0.0013483064032624725
0.017905785926131675 0.9980658562033251 0.0013651569045554548
0.018726302673473617 1.0000001377582186 0.0013479331701154796
0.019294685165959554 0.9983979036743793 0.0013682299269287559
0.02011520913059872 0.9999605152093509 0.0013487582197834335
0.02068358452174868 0.9985819203787475 0.0013670612756122838
0.021504115588176553 0.9987354609896236 0.0013473040649997544
0.022072483878218918 0.9989551935778883 0.0013661917582540124
0.022893022046662534 0.9977294798444877 0.0013469856708495489
0.023461383118729254 1.0003744749399852 0.001368834312441866
0.024281928503784946 0.9964736092830911 0.0013456586584967964
0.024850282474517035 0.9975849264437147 0.0013659015348783292
0.02567083496091005 0.9973202891850776 0.0013465844180149133
0.02623918183030616 0.9997615534515049 0.001367997531921234
0.02705974141848788 0.9984299728700413 0.001347729527173641
0.027628081070588114 0.9991782321118181 0.0013684749426667894
0.028448647876973862 0.9987165438434309 0.0013485485198400492
0.02901698042774081 0.9978598618776964 0.0013677595261417349
0.029837554335007115 0.9984920083638774 0.0013480759751453594
0.030405879667568688 0.99824358785851 0.0013666801488455575
0.031226460792129526 0.9981292945445025 0.0013516794584268698
0.03179477902335782 0.9999834954772928 0.0013672709166368312
0.03261536724970736 0.9980555757344476 0.0013476796121827867
0.03318367837960102 0.9970615424837038 0.0013658647245186602
0.03400427370682977 0.9981426280411002 0.0013481955412846145
0.03457257761897347 0.9989358033895142 0.0013678686856774319
0.035393180163954874 1.0002707617994335 0.0013463092152740646
0.0359614769747626 1.0005886772295147 0.0013679857729292841
0.036782086622440854 0.9982842443622202 0.001347986161787302
0.0373503763319153 1.0000092620741639 0.0013661363592234368
0.03817099308092953 0.9986904534544818 0.0013510196049389106
0.038739275688612566 0.9992234414706767 0.0013692958962803127
0.03955989953805194 0.9987101448503335 0.001349081586716645
0.040128174927758664 0.9992295479684422 0.0013685566657512627
0.04094880599517435 0.9984842393606128 0.0013482134231908836
0.04151707428422958 0.9988989746573332 0.0013662595766041673
0.04233771245275218 0.9996355237063757 0.0013464750819023015
0.04290597364001735 0.9992347222250139 0.0013707233043541171
0.043726618909874594 0.9971430953361862 0.0013460372364912819
0.044294872995806485 0.9978316859173256 0.0013664587805412105
0.045115525367452426 0.9990389178422886 0.0013472443931347089
0.04568377223654386 1.000460246886546 0.0013696544723749756
0.0465044318259411 0.9976479205473815 0.0013499644040572167
0.047072671593696554 0.998705350614261 0.0013664877656181726
0.04789333828397435 0.9992883682623065 0.0013492287366597684
0.04846157094925729 1.0008312523538327 0.0013661923876771224
0.04928224474109676 0.9983170912453393 0.0013485371959877947
0.04985047030481803 0.9995042396052809 0.0013652524386390912
0.050671151198219175 1.000421545966712 0.0013509936106201488
0.05123936966151666 0.9977088372980231 0.0013664060478592386
0.05206005765579701 0.9988200660072688 0.0013457283522392003
0.05262826890088911 0.9984906529238844 0.0013695633228079276
0.05344896411428568 0.9995460829705113 0.0013468965018653414
0.05401716825713231 1.0009216036677764 0.0013688423184149226
0.054837870688278834 0.9968751325759301 0.0013477957041294385
0.05540606761428501 1.0013486762157693 0.0013680072270860683
0.056226777145401245 1.0003721444109006 0.0013471845007569962
0.05679496697007414 1.0011275030179234 0.0013671569721923043
0.0576156836034345 0.9985212579440185 0.001347134474838989
0.058183866325861915 1.001064065312811 0.0013703127423431907
0.05900459006055691 0.9982407510932885 0.0013477525050633057
0.059572765682105115 1.000327840046879 0.0013666230477612962
0.06039349651813474 0.9986169128147269 0.0013483948677289323
0.06096166503925781 1.001261978675856 0.0013669932346662892
0.06178240297662072 0.999589893156966 0.0013480244354439393
0.06235056427954112 1.0003468174897976 0.0013681739815827483
0.06317130943419855 0.9994749836959377 0.001353089954194775
0.0637394636353289 1.0033390056995457 0.001366845578455188
0.06456021600773898 1.0005487038341923 0.0013476540408832696
0.0651283629915721 1.0004715172549785 0.001370440222554696
0.0659491224648614 0.9998587932895227 0.0013491319937376318
0.06651726234736122 1.0011654898661377 0.001367057874866255
0.06733802892289464 0.9994265785889523 0.001352149914777441
0.067906161703149 0.999551694016889 0.0013668110562816995
0.06872693538047248 0.998300799697989 0.0013497041848441
0.0692950610603017 0.9993794094807873 0.0013668132602983657
0.07011584183827667 1.00209494721093 0.0013495394780167417
0.0706839604165449 0.9994547296157396 0.001366496282260191
0.07150474841249618 1.0000277452607227 0.0013512011466619296
0.07207285977233402 1.002167190058005 0.0013678262654515808
0.07289365487007402 0.9992604034901874 0.0013501477597137135
0.0734617591290313 1.002002323913254 0.0013672318222336787
0.07428256132719913 0.9990768239566787 0.0013494711282104237
0.07485065848459271 1.0027359091027306 0.001369612872583075
0.07567146778432154 0.9990292747213505 0.0013473346339053732
0.07623955784015413 1.0028031491408769 0.0013671000069676886
0.07706037435922283 0.9996478076211504 0.0013515702409285083
0.07762845719730682 0.9999332038809542 0.0013664351511519144
0.07844928081702973 0.9980564197504751 0.001350828178530295
0.07901735655445952 1.0006424457930296 0.001371304601360669
0.07983818727392578 1.0002072256420769 0.00134808895162095
0.0804062559102473 1.000966123201416 0.0013684841312318339
0.08122709373195633 0.9993229318177548 0.0013513516988194825
0.08179515526603642 1.0011321610349004 0.0013669276132071532
0.08261600030594948 1.000786790503363 0.0013473925683586468
0.0831840546227337 0.9995523179405408 0.001367914412780222
0.0840049067630746 0.9993133496359394 0.001347752617172721
0.08457295397829512 1.000700886038806 0.0013687900908514652
0.08539381322110515 1.0011155528961277 0.0013502215761649493
0.08596185333476603 1.000590367094376 0.00136845911798112
0.08678271979600916 0.9982300909222162 0.0013472354548209114
0.08735075269191872 0.9996068322414029 0.0013662006303749956
0.0881716262529052 0.9999969598237127 0.001349117929548445
0.08873965204770651 1.0000656253396858 0.0013684768654718719
0.08956053270980124 0.9983209789230575 0.0013487552008163693
0.09012855151991095 1.0001879809704317 0.001366802231013758
0.09094943928424712 0.9992577717869107 0.0013477879132060945
0.09151745087615415 0.9980669746772669 0.0013658955684754668
0.0923383457427358 1.0005033657067508 0.0013510382895714954
0.09290635023262439 0.9996345000895406 0.0013697330003990254
0.09372725220031364 0.9997211922503726 0.0013483201378539493
0.09429524958909463 1.0003184236347884 0.0013663372575755505
0.09511615877385136 0.9999722800532509 0.0013472106024891677
0.09568414894533783 0.9992297327799673 0.0013669451231431388
0.09650506523165825 1.0011067757855627 0.0013516251887050925
0.09707304830203645 1.0019218857815286 0.001369269174784775
0.0978939716885516 0.9998492976124164 0.0013482018559449111
0.09846194765782423 1.000374166870312 0.0013659924707267958
0.09928287826209203 1.0013333158467026 0.0013473692668193567
0.09985084713002867 1.0004428088035209 0.0013674651431962194
0.10067178472057801 1.0017569357590557 0.0013484250109242154
0.10123974648718137 0.9993655071356291 0.0013662629947126788
0.10206069129548201 1.0003843905942578 0.0013485212620369458
0.10262864584342457 0.998833214784027 0.0013663931138439547
0.10344959775260443 1.0013204525521755 0.0013475307483249031
0.10401754519921236 1.0009880712773518 0.0013670276460011443
0.10483850420972683 0.9990922533387574 0.0013478339564466407
0.10540644455545556 0.9980754948269642 0.001368248091970223
0.10622741078394904 0.9992537464248474 0.0013488029302837724
0.10679534402766 0.9996846939581232 0.0013667575473811887
0.10761631724084239 1.0001657881563588 0.0013492421946924064
0.10818424338344779 1.0002164210952185 0.0013659429128382973
0.10900522381529097 1.000385409108639 0.001351819118510946
0.10957314274060048 0.9994228507796136 0.0013666646555946411
0.11039413027377964 0.9971058789163216 0.0013495539693043248
0.11096204209707139 0.9999134713327424 0.0013653470862902512
0.1117830368477728 1.000216461816845 0.0013474069047265758
0.11235094156904812 0.9993019420751462 0.001370879193699565
0.11317194330489522 0.9999167178213191 0.001348381302507044
0.1137398409257454 1.0014652577325858 0.001366577305158647
0.11456084987843294 1.0006768697498478 0.0013480482378568828
0.1151287402819886 1.0007733406018247 0.0013695522344722314
0.11594975633601078 0.9999582693935989 0.0013475303001834536
0.11651763975510254 1.0008296141420678 0.0013669717069855086
0.11733866291045936 0.9999226790925398 0.001348480682731988
0.11790653911134574 1.0006243595633717 0.0013686996743891237
0.11872756936803719 0.9993596728507131 0.001351001313927047
0.11929543846804302 0.999838412632483 0.0013702223756333286
0.12011647594248576 0.99969345841327 0.0013535185977281345
0.12068433782360444 1.0006780577830205 0.0013710790458665069
0.12150538240006359 0.9995182491812442 0.0013507029058767042
0.12207323729558117 0.9984963994795532 0.0013661491556377983
0.12289428897360133 1.0008587574932628 0.0013489069881577312
0.12346213665227845 1.000292987545227 0.0013658855986411079
0.12428319543117916 0.999741269978101 0.0013483725663654429
0.12485103612493698 0.9994406861393667 0.0013694762856080393
0.12567210200608045 1.00078232991955 0.0013501817944217844
0.1262399354816356 1.00048632834264 0.0013669414120716628
0.12706100846320556 0.9985947523909836 0.0013467895113590054
0.1276288348378788 0.998870797132564 0.001365606195850877
0.1284499150367433 0.999153346974053 0.0013482473542391015
0.1290177343100819 1.0013617589864854 0.001366036654156799
0.12983882149477655 1.0000280786528972 0.0013479342735146348
0.13040663366587102 0.9988659435859696 0.0013684169845754736
0.1312277280687697 0.9998439282484862 0.0013494755703370314
0.13179553302211422 0.9978558648757877 0.0013647223375195389
0.13261663464298923 0.9999818174946224 0.0013477346643831426
0.13318443249568224 0.9989248774673896 0.0013660904879943855
0.1340055411007934 1.0010052817981399 0.0013474935101631944
0.13457333185237952 1.000488192205009 0.0013659123198394003
0.13539444767478656 1.002120905503904 0.001354453944965015
0.13596223132458396 1.0003919078364398 0.0013647760804709475
0.13678335413191167 0.9993753011270333 0.0013473269062794309
0.13735113068082716 0.9997732280715748 0.001365832199697244
0.1381722607054494 1.0014328868150568 0.00135066195584609
0.13874003015303027 0.9998495955174576 0.001367882228394423
0.13956116727989798 1.0017904474258608 0.0013500281404247546
0.1401289295088194 0.99896941625908 0.00136461305956098
0.14095007373838397 1.000333479744891 0.0013488378053539416
0.1415178289823874 1.0003811591721656 0.0013660281163234724
0.14233898031237713 1.0009005829079056 0.0013485547867170848
0.1429067283386306 1.0002513215843274 0.0013653401293164601
0.14372788688591484 1.000103369629347 0.0013527957432890368
0.14429562781083372 1.0023185021286418 0.0013687201260517876
0.14511679334349267 0.9985389410162935 0.001347102021078439
0.14568452716753233 1.000677410655591 0.0013677889811935088
0.1465056999170331 0.9999570787025774 0.0013497611668250086
0.14707342664019085 1.0010097287204247 0.0013659213643432535
0.14789460649057085 1.0005896287222809 0.00135001753152153
0.14846232599643405 0.9994951100183287 0.0013642874422342079
0.1492835129490568 1.0002518622756271 0.001350485358910598
0.14985122546954666 0.9998044237196773 0.0013672854003722447
0.15067241952396082 0.9980862136203839 0.0013472290479094578
0.15124012482578986 0.9999870053888891 0.0013705941962892636
0.15206132609749856 0.9988945591613528 0.001349433831349513
0.1526290242979943 0.999084751585904 0.0013641776121952694
0.15345023255462095 1.000099312496427 0.0013488580949982448
0.1540179237701974 0.999174524646838 0.0013645865153930977
0.1548391391286141 1.0000588952619893 0.0013496903833455645
0.15540682312666831 1.0005293976632357 0.0013648323961985408
0.1562280457030627 0.9995382259172626 0.001349548722493089
0.15679572259955454 1.0004826629356944 0.0013668740268736209
0.15761695227705586 0.9983038551039835 0.001350299082449988
0.15818462195579774 1.0008364648613235 0.001367738662374137
0.1590058587350891 0.9993562419023576 0.0013482843705130657
0.15957352142891035 1.0003511882225822 0.0013669832390399116
0.16039476530908225 1.0018976121559717 0.0013483640417592101
0.1609624209011148 0.999604878807944 0.001363853732463256
0.16178367188262 1.0014999104393183 0.0013483545283057951
0.16235132025690258 1.000235864590955 0.001364629583027227
0.1631725784561577 1.0003554997734314 0.0013486371467414727
0.1637402197295611 0.9992025746502904 0.0013652152927739602
0.16456148503106172 0.9991191947591105 0.001348451640524349
0.16512911920312912 1.00262003517461 0.0013654042370318809
0.16595039148954768 1.0003542312273395 0.0013467632108563317
0.16651801855937232 0.9984395069628806 0.0013639704709401685
0.16733929806308812 0.998533862949862 0.0013476230510861562
0.16790691803157676 1.0006591050190685 0.0013657150627475966
0.16872820463639948 1.0008409719081766 0.0013492506081757563
0.16929581750468936 0.9998545672672879 0.0013639337266538741
0.170117111210619 1.0002909871701002 0.0013467945890527431
0.17068471686047848 0.9987849266533425 0.0013644407879502703
0.17150601778415675 0.9997539660165561 0.0013519656652438853
0.1720736163326816 0.999770584757935 0.0013672427266979022
0.17289492424173458 1.0011219047491902 0.0013484482136047876
0.17346251580602257 0.9995041974531557 0.0013640846128874686
0.17428383081663856 0.9996211355468188 0.0013516953271685565
0.1748514151624928 0.9999238219766087 0.001367514012501839
0.17567273739108444 1.000182846931491 0.0013467314576345209
0.17624031463469725 1.0000910813260868 0.0013647023271293717
0.1770616439643958 0.9989584500477983 0.001352088148115424
0.17762921410735577 1.0004547014147247 0.0013663170147355924
0.1784505505377072 1.00106074331895 0.0013516486857671586
0.17901811357955888 1.0008635604836582 0.0013683136158681847
0.17983945711261118 1.0004104018206916 0.001351211401495696
0.1804070129362575 1.0015996665587903 0.0013685958495344157
0.18122836368705705 0.9974605459906583 0.0013467536039794574
0.1817959124098255 1.000068492750558 0.0013644693197036534
0.18261727014418216 0.9985810040016545 0.0013505806420334055
0.18318481188248403 1.0006317812308156 0.0013685057678651672
0.18400617671817532 0.9986864660889636 0.001346178417721187
0.18457371135468714 0.9988550191467005 0.0013638003933602676
0.1853950832926212 0.9995073435961939 0.001348122771655068
0.18596261082689158 1.000922140718471 0.0013672984694589247
0.18678398986593256 1.0011904668246328 0.0013467991994879456
0.1873515102995501 0.9990384674996053 0.0013645791735726518
0.18817289644015478 0.9999885565643659 0.0013477524244959733
0.1887404096562474 1.0026561823033568 0.0013675023480712962
0.1895618030150561 1.0010659369373494 0.0013481617890619636
0.1901293091289059 1.000617882982084 0.001369624077147206
0.1909507095885938 1.002204520046911 0.0013491497164435642
0.19151820860179214 1.0008036314292674 0.0013669278494892103
0.19233961616213424 0.9987407522690868 0.0013467055408464832
0.19290710807376887 1.001727536614101 0.0013647518386708884
0.1937285227361274 1.0011357415616322 0.0013476371852450876
0.19429600754597198 0.9992583450047172 0.0013656291353331689
0.19511742931034692 0.99940256740444 0.0013465418102902057
0.19568490701908592 0.9976688033981673 0.0013667953896941724
0.19650633588456642 1.0008145126666108 0.0013490513890957706
0.19707380649174444 1.0002589660434948 0.001366192564078298
0.19789524245855958 0.9984708257892423 0.0013474914267459447
0.19846270584844172 0.9983236934878491 0.0013644424003483532
0.19928414903300817 0.9982612942851665 0.0013461953091768542
0.19985160532110025 0.9972924282420158 0.0013635981709747092
0.20067305560654589 1.0009038438967468 0.0013478702783276497
0.20124050479375877 0.9998146595419783 0.001364526227925245
0.20206196218008632 1.0006523635481852 0.0013485937939431882
0.2026294042659632 0.9996876140335461 0.0013662409037334953
0.20345086875407947 1.0021353383171803 0.0013519615086372058
0.20401830373816632 1.0003851837844124 0.0013644183837381975
0.2048397753289808 1.0009458545367758 0.0013471298909733956
0.20540720321173433 0.9989764662349213 0.0013680446667729605
0.20622868190297394 0.9994389970373297 0.0013470703798467494
0.20679610268484827 0.9990869861092523 0.001363784109288329
0.20761758847651166 0.9989345656410383 0.0013470131069287805
0.20818500215705138 0.9992304492648877 0.0013636972664285638
0.20900649505096025 0.9987348559407054 0.001348653230426685
0.2095739016297099 0.9993614053827368 0.0013636819690445866
0.21039540162449796 0.9995197230056971 0.0013470313060822332
0.21096280110191434 0.9991906742588504 0.0013682570848720598
0.21178430819849112 1.0018836562719484 0.0013467304985267023
0.21235170057457287 1.00037228723403 0.0013650532690772166
0.21317321477339513 1.0002970581468673 0.001347650732125551
0.21374060004814088 1.0023954117990488 0.0013647922409847709
0.21456212134761463 1.0025911293900611 0.0013488944684343412
0.2151294995212535 1.0013689337186857 0.001366519820614532
0.21595102792092602 1.0006868669770403 0.0013499622991298532
0.21651839899345793 1.0006988401019146 0.0013688754687702065
0.21733993449446373 1.0010974133778339 0.0013478260421731694
0.217907298465434 1.000776760804893 0.0013643449315597295
0.21872884118532765 0.9998287633267191 0.0013501292552283509
0.21929619793831956 0.9999661342106003 0.0013659082168242856
0.2201177477593208 0.9991839837423766 0.0013485463417784351
0.22068509741097808 0.9993351853935402 0.001364872375830668
0.22150665433376937 1.0011004361689801 0.001353488277265747
0.22207399700050734 0.9987978356988062 0.001366752468582263
0.22289556090776252 1.0012319132960026 0.001348395797023523
0.22346289647316586 0.999319547147059 0.0013655673708323156
0.22428446748175568 0.9994268108850854 0.001350356302961205
0.22485179594536897 0.9986533195538836 0.0013637938035988954
0.22567337405529342 0.9976898911831751 0.0013507880530447003
0.2262406954175734 0.9999301177355165 0.001368434008402269
0.22706228062883113 1.0002070795453692 0.0013465430423686897
0.22762959489045897 0.9997065764791324 0.0013706478346450237
0.22845118732015046 0.9997782464540297 0.0013453302268711647
0.22901849436334454 1.0018542262621117 0.001363374837431735
0.22984009389459903 0.9993645401732815 0.00134670941960849
0.23040739383600306 1.0011968581534374 0.001363998164979977
0.2312290004679104 0.9995740225528412 0.001347639037435227
0.231796293309117 1.0005192405826226 0.0013637309163582608
0.23261790704212992 1.0005360116110416 0.0013505191938145739
0.23318519289819084 1.0000525914214209 0.0013677262201433373
0.23400681361612308 0.9986099404754099 0.0013475005472763297
0.23457409237039395 0.9987707115222599 0.0013643575163214937
0.23539572018966082 0.9979836810856577 0.0013509094519777404
0.23596299184328018 0.999521153810035 0.0013668517033145087
0.2367846268805247 0.9999907012009757 0.0013461080334917705
0.2373518913166205 0.9995145263761183 0.001368588742276888
0.238173533455426 1.0014587332053744 0.001351187224125547
0.23874079078882493 0.9992955227504413 0.0013614548531819327
0.23956244002896643 0.99998027018521 0.0013506539776066602
0.24012969037744336 0.9999189106842925 0.0013665067093583032
0.2409513466022778 0.9987279102487957 0.0013468735392367056
0.2415185898505573 0.999675764518705 0.0013645668724426136
0.24234025329291264 0.9987543908066805 0.0013502379002466541
