-0.199682771 1.000149221 0.000761186
-0.199635069 1.000332224 0.000763589
-0.198293867 0.999781155 0.000760866
-0.198246189 0.999498821 0.000763771
-0.196904963 0.998549126 0.000760557
-0.19685731 1.000385639 0.000763785
-0.195516059 0.999614307 0.000760842
-0.195468431 0.999627676 0.000763876
-0.194127155 0.998914939 0.000760985
-0.194079552 1.000533453 0.00076347
-0.19273825 1.000034096 0.000760754
-0.192690673 1.000796693 0.000763656
-0.191349346 0.999898069 0.00076076
-0.191301794 1.000106402 0.000763505
-0.189960442 1.000283667 0.00076105
-0.189912914 1.001393695 0.000763964
-0.188571538 0.999624359 0.000760976
-0.188524035 0.999486508 0.000763711
-0.187182634 1.00006205 0.000761013
-0.187135156 1.00095504 0.000763717
-0.18579373 0.998624136 0.000760652
-0.185746277 1.000758726 0.000763677
-0.184404826 0.998092644 0.000760247
-0.184357398 1.000390531 0.00076401
-0.183015922 1.000681857 0.000761383
-0.182968519 0.998520354 0.000763284
-0.181627018 1.000025749 0.000760773
-0.18157964 0.999170949 0.00076308
-0.180238114 0.999278524 0.000760663
-0.180190761 0.997520274 0.000762828
-0.17884921 1.000820589 0.00076122
-0.178801881 1.000410809 0.000763857
-0.177460306 1.000062342 0.000760781
-0.177413002 0.999435536 0.000763222
-0.176071402 0.999873053 0.000760865
-0.176024123 1.000303622 0.000763956
-0.174682498 0.998918506 0.000760402
-0.174635244 0.999580353 0.000763273
-0.173293594 0.99985595 0.000760875
-0.173246365 1.000663723 0.000763558
-0.17190469 1.001211504 0.000760994
-0.171857486 1.000319824 0.00076375
-0.170515786 0.999920139 0.000760938
-0.170468607 0.999156146 0.000763326
-0.169126882 0.99946077 0.000760819
-0.169079728 1.000809499 0.000764136
-0.167737978 1.001668425 0.000761554
-0.167690848 1.000664496 0.000763653
-0.166349074 0.999266936 0.000760584
-0.166301969 0.999981837 0.000763559
-0.16496017 0.999764317 0.000760584
-0.16491309 0.999071938 0.000763381
-0.163571266 1.00101529 0.000761109
-0.163524211 1.000333099 0.00076377
-0.162182362 1.000184485 0.000760806
-0.162135332 1.000263254 0.000763395
-0.160793458 0.99995114 0.000760821
-0.160746453 1.000355391 0.000763968
-0.159404554 0.999304864 0.000760385
-0.159357574 0.999370737 0.000763217
-0.15801565 0.99963409 0.000760646
-0.157968695 0.997719055 0.000762951
-0.156626746 0.999701614 0.000761052
-0.156579816 1.000267843 0.000763779
-0.155237842 1.000363088 0.000760874
-0.155190937 1.000895817 0.000764162
-0.153848938 1.000359868 0.000760741
-0.153802058 0.998545929 0.000763303
-0.152460034 1.000471275 0.000760808
-0.152413178 0.999399082 0.000763655
-0.15107113 1.001019225 0.000760817
-0.151024299 1.00195501 0.00076395
-0.149682226 1.000747309 0.000760657
-0.14963542 0.999518457 0.000763513
-0.148293322 0.999585003 0.000760448
-0.148246541 1.000508838 0.00076359
-0.146904418 1.001391744 0.00076106
-0.146857662 1.000906773 0.000763743
-0.145515515 1.000480988 0.000760684
-0.145468783 0.998647075 0.000763149
-0.14412661 0.999355968 0.000760408
-0.144079904 0.998770084 0.000762831
-0.142737707 1.001316769 0.000760909
-0.142691025 1.000891476 0.000763826
-0.141348803 1.000326569 0.000760575
-0.141302146 1.000375362 0.000763676
-0.139959899 0.999798055 0.000760639
-0.139913267 0.998851809 0.00076315
-0.138524388 0.998855811 0.000763268
-0.137182091 1.000827315 0.000760825
-0.137135509 1.000577113 0.000763573
-0.135793187 1.001592431 0.000760917
-0.13574663 0.998819426 0.000763081
-0.134404283 0.999633764 0.000760533
-0.134357751 0.999154641 0.000763232
-0.133015379 0.99936302 0.000760268
-0.132968872 1.000702217 0.000763665
-0.131626475 1.000525286 0.000760678
-0.131579993 1.000654483 0.000763464
-0.130237571 1.000342168 0.000760671
-0.130191114 1.001718864 0.000763873
-0.128848667 0.999436471 0.000760562
-0.128802235 1.000908512 0.000763608
-0.127459763 0.998163467 0.000759761
-0.127413355 1.000593488 0.00076381
-0.126070859 1.000256627 0.000760715
-0.126024477 1.00163051 0.000763882
-0.124681956 0.999723119 0.000760429
-0.124635598 1.000260242 0.000763895
-0.123293052 1.000781559 0.000761015
-0.123246718 1.001232864 0.000763589
-0.121904148 0.998630539 0.000759889
-0.121857839 0.99952719 0.000763649
-0.120515244 0.999434199 0.000760372
-0.12046896 1.000434634 0.000763776
-0.11912634 0.998419645 0.000760202
-0.119080081 1.00005586 0.000763213
-0.117737436 0.999614813 0.000760383
-0.117691202 0.999388821 0.000763473
-0.116348532 1.000822207 0.000760672
-0.116302323 1.000008065 0.000763499
-0.114959628 0.999203283 0.000760103
-0.114913444 0.999719203 0.000763439
-0.113570724 0.999868583 0.000760617
-0.113524565 1.00152222 0.000764181
-0.112181821 0.999242945 0.000760145
-0.112135686 1.000089497 0.000763432
-0.110792916 1.001681647 0.000761114
-0.110746808 0.999446529 0.000763294
-0.109404013 0.999333303 0.000760908
-0.109357928 1.000746388 0.000763486
-0.108015109 1.000574065 0.000760954
-0.107969049 0.999762874 0.000763358
-0.106626205 0.998584956 0.000760206
-0.10658017 1.000423052 0.000763454
-0.105237301 1.000692995 0.000760622
-0.105191291 0.999410916 0.000763359
-0.103848397 1.000775221 0.000760881
-0.103802412 1.001387638 0.000763505
-0.102459493 1.000420384 0.000761018
-0.102413534 1.000041941 0.000763522
-0.101070589 1.001086129 0.000760835
-0.101024655 0.999721886 0.000763364
-0.099681685 1.000734624 0.00076051
-0.099635776 0.999704678 0.000763548
-0.098292782 1.0001878 0.000760536
-0.098246897 1.000764923 0.000763549
-0.096903878 0.999268985 0.000760851
-0.096858018 1.000770123 0.00076354
-0.095514974 1.000465823 0.000761381
-0.095469139 0.99954617 0.000763615
-0.09412607 0.998325137 0.000760214
-0.09408026 1.000252308 0.00076368
-0.092737166 0.999885834 0.000760648
-0.092691381 0.999976759 0.000763133
-0.091348262 0.999399184 0.000760618
-0.091302502 0.999677847 0.00076343
-0.089959359 1.001160662 0.000760964
-0.089913623 0.998326437 0.000763082
-0.088570455 1.000379706 0.000760665
-0.088524744 1.000595736 0.000763741
-0.087181551 0.999035577 0.000760958
-0.087135865 0.999915876 0.000763489
-0.085792647 1.000181757 0.000760977
-0.085746986 0.99784223 0.000763017
-0.084403743 1.000438851 0.000760867
-0.084358107 1.000117941 0.000763557
-0.083014839 0.999358751 0.000760599
-0.082969228 0.999982315 0.000763528
-0.081625935 1.000354842 0.000760705
-0.081580349 1.000706398 0.000764308
-0.080237032 0.998502639 0.000760331
-0.08019147 0.998774509 0.000763556
-0.078848128 1.000978045 0.000761222
-0.078802591 1.000088188 0.000763743
-0.077459224 1.000538924 0.00076101
-0.077413712 0.999512154 0.000763029
-0.07607032 0.99999547 0.0007608
-0.076024833 1.000802603 0.000763746
-0.074681416 1.00085192 0.000761136
-0.074635954 0.999712706 0.000763227
-0.073292513 0.999021781 0.00076052
-0.073247075 1.000577551 0.000763743
-0.071903609 1.000248848 0.000760734
-0.071858197 1.000688426 0.000763823
-0.070514705 1.001738765 0.000761175
-0.070469318 0.998931476 0.000763259
-0.069125801 1.001668014 0.000761258
-0.069080439 1.001727433 0.000763983
-0.067736897 0.998737239 0.000760666
-0.06769156 0.999012447 0.000763469
-0.066347993 0.999538671 0.000760553
-0.066302681 1.00059735 0.000763753
-0.06495909 1.000663989 0.000761161
-0.064913802 0.998181213 0.000763235
-0.063570186 1.000171484 0.000760497
-0.063524923 0.999755608 0.000763275
-0.062181282 0.999196729 0.000760524
-0.062136044 0.999303872 0.000763238
-0.060792378 0.999167644 0.000760559
-0.060747165 0.998234668 0.000763229
-0.059403475 0.999130453 0.000760465
-0.059358286 0.997468575 0.000762866
-0.058014571 0.999533611 0.000760759
-0.057969408 0.99944075 0.000763519
-0.056625667 0.998038225 0.000760261
-0.056580529 0.997319018 0.000762956
-0.055236763 0.999346518 0.000761067
-0.05519165 0.998797778 0.000763125
-0.053847859 0.999423706 0.000760389
-0.053802771 0.997878772 0.000762927
-0.052458955 0.997644255 0.000760227
-0.052413892 0.999751487 0.000763372
-0.051070052 0.998672411 0.000760742
-0.051025013 0.996707754 0.000762682
-0.049681148 0.998523286 0.000760491
-0.049636134 0.99902605 0.000763412
-0.048292244 0.998382327 0.000760306
-0.048247255 0.999231455 0.000763173
-0.04690334 0.999371797 0.000760668
-0.046858376 0.997717956 0.000763451
-0.045514436 1.000098238 0.000761077
-0.045469498 0.99854646 0.000763254
-0.044125533 0.998211928 0.000760336
-0.044080619 0.998596268 0.000763197
-0.042736629 0.999511211 0.000760548
-0.04269174 0.998274471 0.000762955
-0.041347725 0.999095543 0.00076063
-0.041302861 0.999651521 0.000763544
-0.039958821 0.996678954 0.000760196
-0.039913982 0.999075175 0.000763212
-0.038569918 0.999278704 0.000761068
-0.038525103 0.999737522 0.000763892
-0.037181014 0.997229629 0.000760129
-0.037136224 0.997974876 0.000762917
-0.03579211 0.997465837 0.000760452
-0.035747346 0.998356319 0.000762998
-0.034403206 0.998715167 0.000760609
-0.034358467 0.99744456 0.000763095
-0.033014303 0.998964425 0.000760697
-0.032969588 0.997339363 0.00076317
-0.031625399 0.999112896 0.000760745
-0.031580709 0.997543933 0.000762518
-0.030236495 0.999044951 0.000761015
-0.03019183 0.999195411 0.000762934
-0.028847592 0.996660565 0.000759926
-0.028802951 0.996818387 0.000762749
-0.027458688 0.998894458 0.000760338
-0.027414073 0.998045013 0.000763244
-0.026069784 0.998935883 0.000760832
-0.026025194 0.997590067 0.000763223
-0.024680881 0.998684007 0.000760836
-0.024636315 0.999437386 0.000763396
-0.023291977 0.998127564 0.000760403
-0.023247436 0.999031142 0.000763172
-0.021903073 0.997982078 0.000760429
-0.021858557 0.998800459 0.000763445
-0.020514169 1.000782833 0.000761221
-0.020469678 0.997131799 0.000762824
-0.019125265 0.997960268 0.000760447
-0.019080799 0.997867012 0.000763203
-0.017736362 0.998116725 0.000760356
-0.017691921 0.998712302 0.000763259
-0.016347458 0.998116906 0.000760449
-0.016303042 0.997411429 0.000763123
-0.014958554 0.998119173 0.000760846
-0.014914163 0.998083487 0.000763406
-0.013569651 0.998248332 0.000760269
-0.013525284 0.998052684 0.000762775
-0.012180747 0.997540446 0.000760316
-0.012136405 0.996989931 0.000762978
-0.010791843 0.998184682 0.000760431
-0.010747527 0.997941002 0.000763025
-0.00940294 0.996447539 0.000760118
-0.009358648 0.99923736 0.000763407
-0.008014036 0.998074603 0.000760505
-0.007969769 0.998725569 0.000763052
-0.006625132 0.999610234 0.000760659
-0.00658089 0.999342487 0.000763659
-0.005236228 0.996841634 0.000759976
-0.005192011 0.9987349 0.000762908
-0.003847325 0.998590578 0.000760652
-0.003803133 0.999848954 0.00076375
-0.002458421 0.997263439 0.000759902
-0.002414254 0.99722845 0.000762921
-0.001069517 0.998274874 0.000760728
-0.001025375 0.998623373 0.000763657
0.000319386 0.998620145 0.000760674
0.000363504 0.996646395 0.00076311
0.00170829 0.99827315 0.000760621
0.001752383 0.99858639 0.000763191
0.003097194 0.998275416 0.000760544
0.003141261 0.998436667 0.000763062
0.004486097 0.998097629 0.000760211
0.00453014 0.996838246 0.000763021
0.005875001 0.997602944 0.00075978
0.005919019 0.997881086 0.000763337
0.007263905 0.999280889 0.000760623
0.007307898 0.997242162 0.000762903
0.008652808 0.998374481 0.000760323
0.010041712 0.998449342 0.00076042
0.010085655 0.998309902 0.000763112
0.011430616 0.999013583 0.000760601
0.011474534 0.997840395 0.000763032
0.012819519 0.997928138 0.000760297
0.012863413 0.997126702 0.000763128
0.014208423 0.99873406 0.000760746
0.014252292 0.998530699 0.000763179
0.015597327 0.99779285 0.000759858
0.01564117 0.998783044 0.000763661
0.01698623 0.997938635 0.000760508
0.017030049 0.997180994 0.000763076
0.018375134 0.998078341 0.000760532
0.018418928 0.999294374 0.000763346
0.019764038 1.000579174 0.00076118
0.019807807 0.996922762 0.000762681
0.021152941 0.999944372 0.000760874
0.021196685 0.997452581 0.000763314
0.022541845 0.999673906 0.000760884
0.022585564 0.998200834 0.00076325
0.023930748 0.997978043 0.00076035
0.023974443 0.997780976 0.000762918
0.025319652 0.998105172 0.00076064
0.025363321 0.99659191 0.000762717
0.026708556 0.998179734 0.000760868
0.0267522 0.99972829 0.000763503
0.028097459 0.998127586 0.000761045
0.028141079 0.999752053 0.000763575
0.029486363 0.998126456 0.000760317
0.029529958 0.998601709 0.000763038
0.030875267 0.999808488 0.000761045
0.030918836 0.998417971 0.000763268
0.03226417 0.997680832 0.000760442
0.032307715 0.996915548 0.000762706
0.033653074 0.997545007 0.00076044
0.033696594 0.997080763 0.000762686
0.035041977 0.997666534 0.000760156
0.035085473 0.999040572 0.000763475
0.036430881 0.999199262 0.000760757
0.036474351 0.998605106 0.000763551
0.037819785 0.997897309 0.000760278
0.03786323 0.998763515 0.000763183
0.039208688 0.996729814 0.000760035
0.039252109 0.998288003 0.000763219
0.040597592 0.997449363 0.000760236
0.040640987 0.997913551 0.000762831
0.041986496 0.998776588 0.000760541
0.042029866 0.997560491 0.000762783
0.043375399 0.997711607 0.000760256
0.043418745 0.998196542 0.000763394
0.044764303 0.998054067 0.000760658
0.044807624 0.999287231 0.000763389
0.046153206 0.999066782 0.000760721
0.046196502 0.999354026 0.000763607
0.04754211 0.997773121 0.000760534
0.047585381 0.998781686 0.000763674
0.048931014 0.998015037 0.000760294
0.04897426 1.002550018 0.00076458
0.050319917 0.998832084 0.000760761
0.050363138 0.997342648 0.000762888
0.051708821 0.998657043 0.000760366
0.051752017 0.99887634 0.000763483
0.053097724 0.997759542 0.000760523
0.053140896 0.996772237 0.000762597
0.054486628 0.998066659 0.000760319
0.054529774 0.996819779 0.000762848
0.055875532 0.997428833 0.00076043
0.055918653 0.999443751 0.000763512
0.057264435 0.997692382 0.000760506
0.057307532 0.998630478 0.000763559
0.058653339 0.999693298 0.000760794
0.05869641 1.000131386 0.000763543
0.060042242 0.998061483 0.000760476
0.060085289 0.998535515 0.000763264
0.061431146 0.999032707 0.000760576
0.061474168 0.998627531 0.000763058
0.062820049 0.999450316 0.000760675
0.062863046 0.999179282 0.000763381
0.064208953 1.001369215 0.000761121
0.064251925 0.9989623 0.000763712
0.065597856 1.000759938 0.000760929
0.065640804 0.998585497 0.000763426
0.06698676 1.001142859 0.000761147
0.067029682 1.000645268 0.000763726
0.068375664 1.000935038 0.000761069
0.068418561 0.999709572 0.000763695
0.069764567 0.999599973 0.000760918
0.06980744 1.00059604 0.000763867
0.071153471 1.000325584 0.000761048
0.071196318 1.000626502 0.000763837
0.072542374 1.000095595 0.000761293
0.072585197 0.998876383 0.000763207
0.073931278 0.998340366 0.000760434
0.073974076 0.999469509 0.000763682
0.075320181 0.998640385 0.000760587
0.075362954 0.999358912 0.000763671
0.076709085 1.000394544 0.000761425
0.076751833 0.999230047 0.000764033
0.078097988 0.999822156 0.000760836
0.078140712 1.000120914 0.000763909
0.079486892 1.000670855 0.000761098
0.07952959 1.002097272 0.00076456
0.080875795 0.99855535 0.000760791
0.080918469 0.99850413 0.000763297
0.082264699 0.998647602 0.000760621
0.082307347 0.999641198 0.000763424
0.083653602 1.000437472 0.000761334
0.083696226 1.000303395 0.000763557
0.085042506 0.99867649 0.000760469
0.085085105 1.001752894 0.000763751
0.086431409 1.000170104 0.000761012
0.086473983 0.999096146 0.000763701
0.087820313 1.000582909 0.000761243
0.087862862 1.001467375 0.000764158
0.089209217 0.999720703 0.000761092
0.089251741 0.998906251 0.00076342
0.09059812 1.000316133 0.000761055
0.090640619 0.999496429 0.000763568
0.091987024 1.000854946 0.000761126
0.092029498 0.999257941 0.000763381
0.093375927 0.999234694 0.000760943
0.093418376 1.001036194 0.000764424
0.094764831 1.000599969 0.00076119
0.094807255 0.999219148 0.000763594
0.096153734 1.0010408 0.000761102
0.096196134 1.000427485 0.000763728
0.097542637 1.001154884 0.000761466
0.097585012 0.999264035 0.000763361
0.098931541 1.000072836 0.000761008
0.098973891 0.99887038 0.000763384
0.100320444 1.000744098 0.000761376
0.100362769 1.000492935 0.00076376
0.101709348 1.000367997 0.000761348
0.101751648 0.999214006 0.000763656
0.103098252 0.999656023 0.00076072
0.103140527 1.000724549 0.000763947
0.104487155 0.99981767 0.000761117
0.104529405 0.99828462 0.000763686
0.105876059 0.999960959 0.000761055
0.105918284 1.001616457 0.000764165
0.107264962 1.001522296 0.000761615
0.107307162 0.999715668 0.000763954
0.108653865 1.00164067 0.0007614
0.108696041 0.998653054 0.000763873
0.110042769 1.000003338 0.000761481
0.11008492 1.000479485 0.000763848
0.111431672 1.000819678 0.000761107
0.111473798 0.998414031 0.000763502
0.112820576 1.000334976 0.000761266
0.112862677 1.001196976 0.000764019
0.114209479 1.000699752 0.000761236
0.114251555 1.000759988 0.000763966
0.115598383 1.000371571 0.000761279
0.115640434 1.00094725 0.000764336
0.116987286 0.999776247 0.000761442
0.117029312 1.000906006 0.000764215
0.11837619 0.999333513 0.000760913
0.118418191 0.999456206 0.000763408
0.119765093 1.000112174 0.000761007
0.119807069 0.99952333 0.000763769
0.121153997 1.000047444 0.000761217
0.121195948 1.000136755 0.000763835
0.1225429 0.998766816 0.000760812
0.122584826 0.999444495 0.00076363
0.123931804 0.999805695 0.000761202
0.123973705 1.001453251 0.000764075
0.125320707 0.999637856 0.000761293
0.125362584 0.999287602 0.000763609
0.12670961 0.999363749 0.000761061
0.126751462 0.999088093 0.00076358
0.128098514 0.997921571 0.000760221
0.128140341 1.00016861 0.000763898
0.129487417 1.000683269 0.000761286
0.129529219 1.000788477 0.000763627
0.130876321 0.999687274 0.000761313
0.130918098 1.000844179 0.000764189
0.132265224 0.999909109 0.000760993
0.132306976 1.000225628 0.000763769
0.133654128 1.000788627 0.0007613
0.133695855 1.001480471 0.000764244
0.135043031 0.999623987 0.000760826
0.135084733 1.000332611 0.000763601
0.136431934 0.999043793 0.000760772
0.136473612 1.001820958 0.000764264
0.137820838 1.000425653 0.000761297
0.13786249 1.000512271 0.000763623
0.139209741 0.999646822 0.000761228
0.139251369 1.000783972 0.000764033
0.140598645 0.999759226 0.000760916
0.140640248 0.999328155 0.000763661
0.141987548 0.999823117 0.000760941
0.142029126 0.999159795 0.000763623
0.143376451 0.999865551 0.000761254
0.143418005 1.000358122 0.000763856
0.144765355 0.999814956 0.000760902
0.144806883 0.999956311 0.000763299
0.146154258 0.999160315 0.000761056
0.146195762 1.000450707 0.000763917
0.147543162 1.000138017 0.00076121
0.14758464 1.00059982 0.000763791
0.148932065 1.0000087 0.000760832
0.148973519 0.998952175 0.000763148
0.150320969 1.001300845 0.000761625
0.150362397 1.000877104 0.000763994
0.151709872 0.999727551 0.000760986
0.151751276 0.999205424 0.000763636
0.153098775 1.000015375 0.00076117
0.153140154 1.000527317 0.000763965
0.154487679 1.000732829 0.00076129
0.154529033 0.999772954 0.000763743
0.155876582 0.997902446 0.000760383
0.155917911 1.000610529 0.000763871
0.157265486 0.999056832 0.00076057
0.15730679 1.000119881 0.000763813
0.158654389 1.001191843 0.000761115
0.158695668 0.998363266 0.000763539
0.160043292 0.998718416 0.000760265
0.160084547 1.000702255 0.000763498
0.161432196 1.002275151 0.000761616
0.161473425 1.000134701 0.000763666
0.162821099 0.999214247 0.000760829
0.162862303 1.000791317 0.000763958
0.164210003 0.999700169 0.000761083
0.164251182 1.000233669 0.000763757
0.165598906 1.001441839 0.000761408
0.16564006 0.999831834 0.000763649
0.166987809 1.000396589 0.000760904
0.167028939 0.998639457 0.000763735
0.168376713 0.999350544 0.000760507
0.168417817 0.999381849 0.000763636
0.169765616 1.001251342 0.000761396
0.169806696 0.998570372 0.000763337
0.171154519 0.999390727 0.000760755
0.171195574 0.999727558 0.000763538
0.172543423 1.000494866 0.000761381
0.172584453 1.000864297 0.000764054
0.173932326 0.99960404 0.000760729
0.173973331 1.000237299 0.000763782
0.175321229 1.000200777 0.000760695
0.175362209 0.998828943 0.000763371
0.176710133 1.001226445 0.000761099
0.176751088 1.000329449 0.000764023
0.178099036 0.998812988 0.000760329
0.178139966 0.998051452 0.000763284
0.179487939 1.000104966 0.000761035
0.179528845 0.99807539 0.000763409
0.180876843 0.999554294 0.000760791
0.180917723 0.999738316 0.000763873
0.182265746 0.999554897 0.000761178
0.182306602 0.999876355 0.00076341
0.18365465 0.998721453 0.000760568
0.18369548 1.001238332 0.000764435
0.185043553 0.999215159 0.000760525
0.185084359 0.999500426 0.000763369
0.186432456 0.997949574 0.000760498
0.186473237 0.999039958 0.000763624
0.18782136 1.000806396 0.000761039
0.187862115 1.000587442 0.000763963
0.189210263 1.001177624 0.00076104
0.189250994 0.9997381 0.000763437
0.190599166 0.999097757 0.00076053
0.190639872 0.99997568 0.000763629
0.19198807 1.002014992 0.000761363
0.192028751 0.999437127 0.000763311
0.193376973 1.000822609 0.000760838
0.193417629 1.000790061 0.000763941
0.194765876 1.000508565 0.000760741
0.194806508 0.999356044 0.000763325
0.196154779 1.000702983 0.000760939
0.196195386 0.999226013 0.000763352
0.197543683 1.000459716 0.00076106
0.197584264 1.00082994 0.000764257
0.198932586 1.000237192 0.000760887
0.198973143 1.001791328 0.000763915