-0.24360341676629374 0.9984693552615227 0.0012558840931004465
-0.24312982628316604 0.998471396938288 0.0012520797756746546
-0.2427331463966382 0.9994138805529811 0.0012526567989840955
-0.24221450261620972 0.9998939774669321 0.0012585773414402607
-0.24174090607925758 1.00072607660436 0.0012533150164064585
-0.24134423981400552 0.9994886636389005 0.0012535354697654718
-0.240825588349484 0.9997013749691044 0.001259254606908268
-0.24035198599290164 1.001548989258879 0.0012563511016417213
-0.2399553331145021 1.0003781266826905 0.0012535184372296593
-0.2394366740823029 1.0020347202313347 0.0012548488086639705
-0.23896306578899384 0.9983665389938524 0.0012520788927989433
-0.2385664265307322 0.9981437844076698 0.0012523601628593444
-0.23804775981580356 1.0009503513282736 0.0012571043986693412
-0.23757414558508605 0.9972153487108456 0.0012515278295104132
-0.23717751994741776 1.001712546676896 0.0012543099078329684
-0.23665884566617496 1.0010526563084905 0.0012573152819680702
-0.2361852253814053 1.001128125382976 0.001253299983566302
-0.23578861324791434 0.9996544678787451 0.0012524419467143811
-0.23526993140012833 1.0006766114093726 0.001256709391911372
-0.2347963051770421 0.9982137082557055 0.0012507795923678902
-0.23439970666482624 1.0011096040206828 0.0012572176744377692
-0.23388101713317627 0.9985176951704341 0.0012545000130069893
-0.2334073850895496 0.9981635556671407 0.0012556379937049818
-0.23301079996577553 1.0000247967826175 0.0012537969840540593
-0.23249210286576608 1.0019335397803224 0.0012568176284682888
-0.23201846488677835 1.0013670843941838 0.0012529348693356664
-0.2316218933822347 0.9985953524071489 0.0012548177696042344
-0.23110318871636384 0.9993948230267304 0.0012562554035255539
-0.22971427444963816 0.9991139470424293 0.00125454370758541
-0.22924062447850735 0.9993773142082282 0.0012526285157888344
-0.22884408009918775 0.9991833567388061 0.0012509282191958137
-0.22832536018268337 0.9999496119343746 0.0012580374508477836
-0.22785170439124192 0.9982062476610941 0.0012518198377715769
-0.22745517351609965 1.0005242214262662 0.0012566753481401943
-0.22693644591595769 0.998690678233684 0.001255720791560948
-0.22646278418801524 0.9994065265272092 0.0012541267653466332
-0.22606626693301154 0.9987418294468657 0.0012533922735053077
-0.2255475317656446 1.0002013115783257 0.0012588563249074658
-0.22507386398501694 1.0020821176619121 0.0012519058015297594
-0.22467736023350812 0.9989038793776124 0.0012538962731332539
-0.22415861749914526 0.9977863369726807 0.0012561578767824782
-0.22368494389706906 1.0014171891560648 0.001253307193215566
-0.2232884536495092 0.99876679413629 0.0012539363783479404
-0.2227697032333304 0.9983425714174968 0.0012573249102902021
-0.2222960236924788 1.0003461079310698 0.0012530465096615736
-0.2218995470664211 0.9978833981659138 0.0012526352595591344
-0.2213807890830173 0.9999619534641967 0.0012567141532009959
-0.22090710348970755 1.0017468835797236 0.0012556916814192606
-0.22051064036759946 0.9993403314473823 0.0012540714151342012
-0.21999187481606255 0.9982275541827974 0.0012597993387005431
-0.21951818340289753 0.9995470022295788 0.001253673537177561
-0.21912173378382957 1.0000024441045219 0.0012519470170673011
-0.2186029605495632 1.0007879146428387 0.0012585192935328207
-0.21812926319921677 0.9989237768885886 0.0012514506419306634
-0.2177328271998333 1.0001056921575524 0.001253440369518978
-0.2172140463999346 0.9991909758535482 0.0012572974324992282
-0.21674034299462652 0.9997607128539344 0.001255503154466589
-0.216343920617427 0.9981495550783364 0.0012520330613829457
-0.21582513213343527 0.9997658297201024 0.0012566425812640042
-0.21495501391769722 0.9986082058272111 0.0012529299944609596
-0.2144362178660278 1.001398966029336 0.0012583173880549889
-0.21356610733460912 1.0021488426424612 0.0012564498335210271
-0.21304730371594377 1.000642011041445 0.0012563541411858968
-0.2125735826164149 0.9997792503035084 0.001251044614442145
-0.21217720075152102 1.0017494853148803 0.0012543021164396957
-0.21165838944944443 1.000640577705439 0.0012562379008366391
-0.21118466241250644 1.0005465887147345 0.001254138783019243
-0.21078829416843292 0.9998851301620714 0.0012543415970269517
-0.2102694751829451 1.0004847690155254 0.0012556533944550392
-0.2097957423250133 1.0008373550358527 0.001252798426804398
-0.2093993874689295 1.0008928788589082 0.0012543658982973544
-0.208880561032632 0.9993807531839866 0.0012571774658266283
-0.20840682212133255 1.00038414792485 0.001252529218811886
-0.2080104808858414 1.0000601487336904 0.0012564032935783388
-0.2074916467659063 1.0009750379549178 0.00125525444263968
-0.20701790203406711 0.998717915013986 0.0012551549447946974
-0.20662157430320602 1.0004381548850694 0.0012554710446312913
-0.20610273249940697 1.0004218039169381 0.0012565763363410643
-0.20523266771920975 1.0011002475959467 0.0012545298143432776
-0.20471381834932295 0.9996374028502044 0.001259257609731857
-0.20424006162716102 0.9997521316203749 0.001254657745399532
-0.20384376113566624 1.0003499121762165 0.0012545113643740405
-0.20332490408350537 0.9998801331345173 0.0012563543508899132
-0.20285114153944017 0.9998584837107837 0.0012535167453590229
-0.20245485443661823 0.9998328494571512 0.0012547857898954039
-0.20193598981632427 0.9995228660241071 0.0012559651763684207
-0.20106594785353013 0.9991268125361059 0.0012548254432433812
-0.2005470756653294 1.000900665638601 0.001257524855334719
-0.1996770412695312 1.000416740311056 0.0012525647388204836
-0.19915816139951453 1.0011148350464543 0.0012564296169511459
-0.19868438116168397 0.9983496665772102 0.0012548174713947174
-0.1982881346864431 1.0003770397627625 0.001254019534474817
-0.19776924713278612 1.0001019131100393 0.0012607617303540119
-0.196899228103355 0.9999137427166395 0.0012543633939022002
-0.1963803329827021 0.9992711737531433 0.0012568500813668134
-0.1955103215202669 0.9984689627258234 0.0012513386526183485
-0.19499141871620276 1.0003050178022463 0.0012556229597648423
-0.1945176206666016 1.0012769013669403 0.0012546342071026715
-0.1941214148212189 1.0009799896135407 0.0012531602280633736
-0.19360250456611874 1.0019231385028835 0.0012573463988827538
-0.19312870057933618 1.0006406719693346 0.0012535260766666219
-0.192732508237449 1.0016022620282021 0.0012536307955471207
-0.1922135902996194 0.9988595077672255 0.0012544504730097022
-0.19173978049138896 1.0025927242287374 0.001253213701823539
-0.1913436016536791 1.0001887343590723 0.0012528013393522466
-0.19082467603312006 0.9992389546911797 0.001259941836353494
-0.1903508602874805 1.001395454756815 0.0012552521949663357
-0.18995469507104645 0.998856187585236 0.0012541101287844077
-0.1894357618828097 0.9970053936067953 0.001258054805201095
-0.18896194020112456 1.0013087593637282 0.001255680485788607
-0.18856578848795835 1.0017622976789806 0.0012521304440068555
-0.18804684761562857 1.0008695144028603 0.0012572811563820044
-0.18757301999721676 0.9987576291875763 0.0012522542898577077
-0.18717688190487025 1.0009363054200024 0.0012526330283406007
-0.18665793346554455 1.0001022076006916 0.001262109340292872
-0.1861840999097243 1.0017702426227422 0.0012562309754661054
-0.18578797532178215 0.9999575576527426 0.00125222819063177
-0.18526901919949793 0.9989214290778499 0.0012579427853620013
-0.18479517982245885 1.0014189058352085 0.0012532915224609217
-0.1843990687377832 0.9979836920228751 0.0012543721844797814
-0.18388010493299858 1.0013345595467518 0.0012553630951486516
-0.1834062596183227 0.9978084532061536 0.0012548611437352435
-0.1830101621546951 1.0011388363460103 0.0012543500476089743
-0.18249119078200643 0.9999732864558336 0.0012573836601300174
-0.1820173395308302 0.9996569136344012 0.0012533027977649847
-0.1816212555720624 1.0007131063997188 0.0012529626386918633
-0.1811022765155071 0.9999846164156916 0.0012569396669910137
-0.18062841944424723 0.9995776203026504 0.0012523401068540152
-0.18023234887210357 1.0003461800214788 0.001255150190564413
-0.17971336236542307 0.9995848940797203 0.0012584831347270326
-0.17923949935743588 0.9987472698243924 0.0012536056409028743
-0.17884344228810733 0.9998098094685441 0.0012537961834136453
-0.17832444809892373 0.9996743883318332 0.001256044047340514
-0.17785057915307334 1.0019897658624184 0.001253126739398318
-0.17745453570547196 0.9990854818212691 0.0012533545647220679
-0.17693553394929512 0.9985004741134871 0.0012558583801131468
-0.17646165906512612 0.9980566784821108 0.001254230700232432
-0.17606562912238385 0.9984421546351949 0.001255206189257113
-0.17554661968279578 1.0001273579708203 0.0012561554908531816
-0.17507273897831477 1.0010867544078714 0.0012521741077781486
-0.17467672253929575 1.000962813030459 0.0012533732485165026
-0.1741577055318009 1.0015632873191396 0.0012580115661588213
-0.17368381889195883 0.999886310272323 0.0012560624585251587
-0.17328781595620765 1.0007786467686577 0.0012542279762586643
-0.17276879126530156 1.000907302343943 0.0012584551065032358
-0.17229489868736858 0.9994501620123295 0.001253352759603356
-0.1718989093722114 1.0002018181274162 0.0012543526439933001
-0.1713798771161284 0.9986117926668642 0.0012565297445795698
-0.17090597859919365 0.9995426137940454 0.0012555227273533466
-0.1705100027891233 0.9999022507363976 0.001254019165486523
-0.1699909628487182 1.000210185036173 0.0012572875698596924
-0.16951705851283771 0.9988099665436113 0.0012544561000929562
-0.16912109620671698 0.9986755591338619 0.0012549244235082204
-0.16860204858131073 0.9988298051287152 0.0012563922779943557
-0.16812813842534524 1.0016047995896369 0.0012534915284416416
-0.16773218962340253 1.0013608403642227 0.001254475236178697
-0.16721313443213484 1.000210180687418 0.001257359146965134
-0.16673921833785277 0.9999736491681245 0.001257980101835532
-0.16634328303985899 1.000910624999404 0.0012561874532036619
-0.16582422016540915 0.9991578129705627 0.0012565598171312348
-0.165350298134172 0.9986671785642108 0.0012526662054918897
-0.16495437645654454 0.9988725336636642 0.0012551806134228631
-0.16443530601509607 1.00012151025441 0.001258231362053039
-0.16396137804690658 0.9986648318362941 0.0012530216417572786
-0.16356546999055355 1.001562740080564 0.0012537193536135713
-0.16304639174859673 1.001140607764897 0.0012590754587367508
-0.16257245795964115 0.9990811198748693 0.0012545471617057334
-0.16217656340746545 1.0005908770584742 0.0012532538347334032
-0.1616574775985127 0.9994904636631609 0.0012559987231183958
-0.16118353787237572 1.0002692717852468 0.001255844898013535
-0.1607876568234665 1.0002237435672234 0.001254348102010557
-0.16026856333201336 0.998312721809263 0.0012578774427897924
-0.15979461778556436 1.0007078993761127 0.0012522755099438848
-0.1593987502403784 0.9999727021042625 0.0012529285495832302
-0.15887964918192934 1.0002907689936633 0.0012576021212811364
-0.15840569769829893 1.0004757647601084 0.0012533139385498039
-0.1580098436572903 1.0023242546185291 0.0012546434821483704
-0.15749073491588542 1.0000124007744284 0.0012570136943153062
-0.157016777610124 0.9994515122458937 0.0012519746859429224
-0.1566209370742022 0.9991169449537719 0.001255260614667642
-0.1561018207651196 0.9995088536024229 0.0012601060000257556
-0.15562785752285857 1.001348110026046 0.0012531489587213657
-0.1552320304915695 1.000530106016435 0.0012534230037774374
-0.1547129064979385 0.9986794094414415 0.001257201093866325
-0.1542389374362756 0.9994160518848273 0.0012526284296892432
-0.15384312390757057 0.9999634039696322 0.001253439767024247
-0.1533239923483099 1.0018683429328012 0.0012606531529151467
-0.15285001723191238 0.9988177467814254 0.0012525707966361728
-0.15245421732402975 0.9988565226487192 0.0012551626395000647
-0.15193507808181056 1.0007771343755658 0.0012578282566640241
-0.15146109714373746 1.0003295832926247 0.0012518948785325513
-0.15106531074139437 0.9984119453371606 0.001256880574343655
-0.15054616393172654 1.0010568072972765 0.0012554677563180992
-0.15007217705715448 0.9993436405198228 0.001253632971480224
-0.14967640415830627 0.9996153833774811 0.0012526598384401575
-0.14915724978164252 0.9991516802204665 0.0012561811889709366
-0.1486832569705715 0.9988940755940133 0.0012518844290889534
-0.1482874976916335 0.9995295547834736 0.0012570996807656986
-0.1477683355149141 0.9991763618780333 0.0012561874025339198
-0.14729433688330607 1.0009850884809264 0.0012546067144068385
-0.1468985911085454 0.9994297788135442 0.0012549335390130948
-0.14637942136460375 1.0001963260029945 0.001256546806886935
-0.14590541679513114 0.9995472782751391 0.0012530777915033162
-0.14550968452454913 0.9999195359069525 0.0012529773809846659
-0.1449905070981044 0.9985398639034635 0.0012571938874247053
-0.1445164967078657 1.0020592538416169 0.0012528932132380092
-0.14412077794146103 0.9993603984924215 0.001253026401659197
-0.14360159294802038 0.9994727854634498 0.0012563968471044457
-0.14312757662105435 1.000789491330944 0.001253638106964303
-0.14273187135882837 0.998970948993044 0.0012525266025927198
-0.14221267868083926 1.0007160310346095 0.0012577181445781725
-0.14173865653378892 0.9994900096794446 0.001252023936538154
-0.14134296477505848 0.9987294330817074 0.001251939207825338
-0.14082376453052617 0.9993056683776541 0.0012582704239381649
-0.1403497365629388 0.999117718480311 0.0012519602173633028
-0.13995405830770122 1.0008045298763224 0.0012554080986440174
-0.13943485026493768 1.001373643735481 0.0012569400048280238
-0.13896081647567338 0.9977332237396981 0.001250682988911095
-0.13856515172506853 0.9991504666443272 0.0012542268147517804
-0.1380459361146273 1.0004245553362658 0.0012571417854966508
-0.13757189638749845 0.9999504092015726 0.0012516980434016044
-0.13717624514198043 1.0002289987248312 0.001252887648141373
-0.1366570219638588 1.0004319500933985 0.0012588774556839774
-0.13618297630023302 0.9996793918136017 0.0012528326508488637
-0.13578733855889233 0.9964747716758419 0.0012522763759277163
-0.13526810769735945 1.001365195282904 0.0012577624688988507
-0.13479405621365004 1.000209683441183 0.0012511295378539406
-0.13439843197580423 0.9991507582855903 0.0012539373978904258
-0.13387919354773084 1.0008791120997602 0.0012587585623252918
-0.13340513612615756 0.9995517903294234 0.0012558076576219901
-0.13300952550822331 0.9999176861621916 0.0012579031538135685
-0.1324902792812315 0.9999545088985186 0.0012551461808550908
-0.13201621603843672 1.0011851195615415 0.001252683406773515
-0.1316206189251352 1.0003877291155716 0.0012530876581620376
-0.13110136513114748 0.9991732255531555 0.0012592806802957954
-0.13062729595094424 0.9992602924309397 0.0012514597254007747
-0.13023171234249983 0.999423201761306 0.0012539329938159147
-0.12971245086464814 1.0003765136339968 0.001259268019672733
-0.12923837586436127 0.9996626030026365 0.0012543364348035285
-0.12884280575941173 0.9987147890986315 0.0012528663754835263
-0.12832353671365598 0.9997240669596716 0.0012585751163309968
-0.12784945577754991 0.9993311742415664 0.0012519979340573084
-0.12745389929205717 0.9997751077611128 0.0012546964667435462
-0.12693462256357196 1.0013559453810748 0.0012579534142104888
-0.12646053580601802 0.9993422679834816 0.0012542231548146568
-0.1260649927087427 0.9995418681598371 0.0012521502171819706
-0.12554570829752534 1.0040922677275022 0.001256825253332447
-0.1250716157180708 1.0008921821954047 0.001253703485467383
-0.1246760861256546 0.9982166369727593 0.0012506172286330531
-0.12415679414675954 0.9999856903775719 0.001257052119177571
-0.1232871795425665 1.00027979404202 0.0012540486435189651
-0.12276787999599374 0.9995837058089138 0.0012573419494415416
-0.12189827307589372 1.0020678308852786 0.0012555459217190314
-0.12137896572994981 0.9989545451943661 0.0012567912787997935
-0.12050936649189478 1.0023979514559826 0.0012567831603264418
-0.1199900515798658 0.9993515783774791 0.001261879135364796
-0.11951593548587847 1.0008931241597534 0.001255774962733849
-0.11912045990880668 0.999918515924027 0.0012550437691162715
-0.11860113731336645 0.9998391302779415 0.0012575475925515173
-0.11812701539861303 0.9997626273829189 0.0012536307687192713
-0.11773155344281838 1.002306904422293 0.0012540867793740178
-0.11721222316328243 0.9999378099366723 0.0012597606918686283
-0.11634264686041206 0.9989993462101169 0.0012524384351213088
-0.11582330901319841 1.0000512790149039 0.0012578725352979994
-0.11495374027641311 1.0007429706594544 0.0012545932107106874
-0.11443439474647271 0.9993834525951071 0.0012604026489461363
-0.11396025525277798 0.999845110940853 0.0012557894739743472
-0.11356483380905856 0.9985101718193393 0.0012517417942242259
-0.11304548059615964 1.0006237097228714 0.0012612829744776313
-0.11257133516551254 1.0003817644142885 0.001255462996585753
-0.11217592722665223 0.9992157665030006 0.001254882663474176
-0.11165656644698646 1.0009327133371568 0.0012582759805117652
-0.11118241507824711 1.001819523441233 0.0012570762591925207
-0.11078702064356413 0.9990544526090122 0.0012539968938944058
-0.11026765217957628 0.9983630508886525 0.0012562606226232426
-0.109793495107397 1.000598195829935 0.0012561982534237146
-0.10939811417666499 0.9996995585298731 0.0012531255283060574
-0.10887873802858411 0.9987033400695646 0.001258160214275364
-0.10840457502058565 1.0001600648363895 0.0012556581230595268
-0.10800920759334784 1.0002436937099124 0.0012538163486378309
-0.10748982387940824 1.00036213925611 0.0012585088497594364
-0.10701565493263843 0.9994212484300649 0.0012521129663309249
-0.10662030112622232 0.9998850670092719 0.0012529347676067447
-0.10610090961268254 0.9995518071248832 0.001256843889847835
-0.10562673496110653 0.9982281362477058 0.0012554177302949133
-0.10523139454313422 1.0003599441639448 0.0012545156537484387
-0.10471199546191673 0.9994876957837262 0.0012575650649760488
-0.10423781487429518 1.000518071852645 0.0012534072160886992
-0.10384248796049886 1.0003147010331244 0.001255067677153164
-0.10332308131183271 1.0004242328684225 0.0012578265641932194
-0.1028488947877122 0.998078265655312 0.001252391781813314
-0.10245358149291793 1.0014657390428898 0.0012543079874252979
-0.10193416704578609 0.9998716071304617 0.001257953952803783
-0.1010646749093744 0.9994384263059718 0.0012532391693254976
-0.10054525289570207 1.0003136220942621 0.0012579393047023814
-0.09967576844315705 0.9994062275286033 0.0012547587448720056
-0.09915633874561805 1.0013936990490284 0.0012589397713283963
-0.09828686186006895 0.9998234162352974 0.001253632436318213
-0.09776742447911871 1.0008758915836224 0.0012593562290043503
-0.09729321467125407 0.9995271118187484 0.0012518363726300471
-0.09689795539339617 0.9999047318747771 0.0012534496363461251
-0.09637851032812654 1.0001779007225704 0.001257293033188832
-0.09590429458398864 0.9991117996692934 0.001250709687690864
-0.095509048810079 1.0000082272588282 0.001259883893592271
-0.09498959617804252 0.9993976440726536 0.0012574504970405537
-0.09451537461222903 1.0029559323682102 0.001255051865677578
-0.09412014222630913 0.9985924058716886 0.0012539075026883498
-0.0936006819119986 0.9999383319925214 0.0012592138438727676
-0.09273123575963635 1.0003629623835515 0.0012535886495304263
-0.09221176776191459 0.9997933428854844 0.0012578758483826234
-0.09173753455411349 1.0011223396718474 0.0012530113935337243
-0.09134232917700366 1.0005436755579888 0.0012551531269974592
-0.09082285361114878 1.0012926296254392 0.0012589945763889954
-0.09034861446684805 0.9991574252163489 0.0012523071040893567
-0.08995342271033088 1.001793276768224 0.0012548576203501082
-0.0894339394608357 1.0008561229190678 0.0012612951338456988
-0.08895969449645202 1.0021857355669894 0.0012544701951846251
-0.08856451612633463 1.0002569694619519 0.0012537132618257675
-0.0880450251952472 0.9995283300773317 0.001260557606983721
-0.08757077440918659 1.0014615410923033 0.00125676572537482
-0.08717560965966185 0.9995886046590939 0.0012533446459847696
-0.08665611104493412 0.9982629944086815 0.0012582875351597202
-0.08618185443742699 0.99995162044115 0.001253006997928914
-0.08526719689416833 1.001118978022341 0.0012617006336168317
-0.08479293435016155 0.99945466719208 0.0012519252335642602
-0.08439779660990097 0.9997807649211472 0.0012571487891077787
-0.0838782827440843 1.0000814198427612 0.0012570752827475529
-0.0834040143799939 0.9991894330428202 0.0012545363850057208
-0.08300889002681287 1.0004304272152587 0.0012545027043382997
-0.0824893684773586 0.9992728728174628 0.0012592695294640105
-0.08201509429341092 0.9988116667562316 0.0012525978405889023
-0.08161998355922925 1.0010779278715474 0.0012530067536048314
-0.08110045432704552 1.000562472361918 0.0012601002517489833
-0.08062617432165131 0.9978523243465662 0.0012520684993528666
-0.08023107709255647 1.0012065796069947 0.0012545395387126737
-0.07971154017787234 1.001044469505803 0.0012591980085858564
-0.07923725423370342 1.0000998141095496 0.0012514999408440191
-0.0788421705099238 0.9993503189002653 0.0012533062987028732
-0.07832262591046216 1.0009621290029063 0.001258459579479031
-0.07784833426353577 0.998237267185176 0.0012538295239576617
-0.07693371175946999 1.000987751826856 0.001259494044428038
-0.07645941417627033 0.9996297044190389 0.0012527027707976211
-0.07554479761029412 1.0023316919061138 0.0012582776338293986
-0.07507049420451073 0.999557475242943 0.001252313293450568
-0.0746754509925793 0.9995738993167294 0.0012547420098382635
-0.0741558834602101 1.0008220022691299 0.0012578093876093425
-0.07368157423366062 0.9993122296557794 0.0012551792212666538
-0.0732865444094912 1.0007057525949525 0.0012534205935697145
-0.07276696930989972 1.0005100889778629 0.0012597392208223692
-0.07229265414684927 1.0010004896489175 0.001255499805502509
-0.07189763794281842 1.0006223755455927 0.0012543126688104578
-0.07137805504317402 1.001526128064606 0.0012584626107435795
-0.07090373417599916 1.0003265769066714 0.0012535602353785612
-0.07050873147660106 1.000933366295577 0.0012551434943094684
-0.06998914089309 1.0022582996428484 0.0012597365442970519
-0.06951481408873372 1.0006675293182574 0.0012516412511177776
-0.06911982489351295 0.9978171446977273 0.0012528016581979816
-0.06860022674300598 0.9989356475757031 0.00125999440331683
-0.06812589411788361 0.9988142420658889 0.0012521416130141401
-0.0677309184261584 0.9998124642509185 0.0012533266641101182
-0.06721131259292196 0.9998982333156378 0.0012591899659178225
-0.0667369741470335 1.0019693033257864 0.0012562951689580762
-0.06634201184284393 0.9987692663316751 0.0012550418852627003
-0.06582239832642262 0.998901573868761 0.0012562776337923186
-0.06534805405954103 0.9996725590946842 0.0012547792689135823
-0.0649531053770793 1.0010914221763776 0.0012537519996605876
-0.06443348417542775 0.9995105204782407 0.0012588112682403588
-0.06395913408846388 0.9994103884254528 0.0012549616139205493
-0.06304457002534374 0.9989134856659255 0.0012577495361894568
-0.06257021411852326 1.0018350288141618 0.0012536272340639015
-0.062175292325725794 1.0007439945506684 0.0012545002865072125
-0.061655655875715136 1.000906593406593 0.0012585226286726365
-0.06118129414676366 0.9988758545311244 0.0012533970551541695
-0.060786385859737495 1.0011389504466341 0.0012523971376154006
-0.060266741725631116 0.9997282908838363 0.0012587303953664182
-0.05979237405881577 1.000900068580121 0.00125312102615979
-0.059397479393064716 0.9993460918015796 0.001254786699576134
-0.05887782745844999 0.9995549588779087 0.0012583974290746277
-0.05840345408864812 0.9992101151828 0.0012541658870737094
-0.058008572809747555 0.999989039898864 0.0012520731593200106
-0.05748891330813691 1.0005625116327812 0.001257497068227728
-0.05701453411825207 0.9976524211043603 0.001252787968463679
-0.056619666342848415 1.0011182646585033 0.0012559557841778158
-0.056099999158963736 0.9989915121731056 0.0012581573800760667
-0.05562561403030486 0.9994926039510215 0.001255656444954368
-0.055230759875720216 1.0017157278844864 0.0012548282157695055
-0.05471108500865335 1.0015028627723597 0.0012600220027294995
-0.05423669405877297 0.9986655417776497 0.0012532580846515756
-0.05384185329240575 0.9990976361061873 0.001253070107226568
-0.05332217085834027 1.000665739640156 0.001258400741169676
-0.052847774088376924 0.9985141831366786 0.0012532484203995702
-0.052452946826414756 0.9995641500512651 0.0012528165778090642
-0.05193325670825625 0.9999903104949672 0.0012600270095397966
-0.05145885411843631 1.0004669325570892 0.001250980257492226
-0.05106404035974198 0.9977506113158248 0.0012531084474485738
-0.05054434244130149 0.999439237887638 0.0012601192028465736
-0.05006993414735916 0.9974674712308753 0.001254205550641515
-0.04967513389215835 0.9992954095937132 0.0012537944351837596
-0.04915542829099111 1.0018090405336963 0.0012594514823540686
-0.04868101405941127 0.9977979435707687 0.0012553400399007454
-0.04828622730907025 1.0005220936513635 0.0012546413828336805
-0.04776651414158887 0.9998331742454913 0.00125871551661897
-0.04729209408856116 0.9977108098667007 0.0012546491487920683
-0.04689732084239747 0.9999125324012663 0.0012573203377711161
-0.04637759999059671 0.9998059638543753 0.0012617982797028904
-0.045903174117484014 0.9976960080190469 0.0012515737005798816
-0.04550841437572469 1.000953539048488 0.0012564161253179125
-0.0449886858398309 0.9998503171270607 0.0012589048110251719
-0.04451425414640687 0.9987964618763673 0.0012540899822421133
-0.04411950790882555 0.9991254799952702 0.001254032783698946
-0.04359977169042867 0.9999182853188078 0.0012607377377340443
-0.04312533417646625 0.9976171296296167 0.0012514975730832747
-0.04273060132505567 0.999788908331243 0.0012540935948949048
-0.04221085742438205 0.9985647922935444 0.0012596848584053978
-0.04173641420538843 0.9992096798247229 0.0012584272664585287
-0.04134169485838289 0.9991327626916995 0.0012533703492566036
-0.04082194327429803 1.0009263730022548 0.001260770452961521
-0.040347494117441214 0.9976438305394307 0.0012530293574301535
-0.03995278839216553 0.9995722801576665 0.0012563712682852695
-0.03943302912353223 0.9998529355084292 0.0012606002209343448
-0.0389585741465911 0.9999743208877432 0.0012535498848324073
-0.03856388192549275 1.0006667358286874 0.001255996498542178
-0.03804411497322185 0.9989528109629718 0.0012587614181246523
-0.03756965417619506 0.9994484832085534 0.0012522672201008642
-0.03717497545790913 1.0003710608507232 0.001254680892636436
-0.03665520082313783 0.9995342240666697 0.0012565507550429866
-0.03618073420534495 0.9985515597456829 0.0012525641956951095
-0.03578606887482103 1.0012519258561825 0.001255378443804193
-0.03526628667305381 0.9984138943721077 0.001259622964103885
-0.03479181423358534 0.9980538384338137 0.0012535281086105228
-0.03439716240814825 0.9999010558507445 0.0012568090594419418
-0.03387737252342521 0.9973867286315402 0.0012566191784065444
-0.03340289426273523 0.9958699659538067 0.0012513085086690516
-0.033008255941475474 0.9998006115887937 0.001252413626322802
-0.03248845837288577 0.9998242904701766 0.0012589368570414274
-0.03201397429256758 0.9981068781192481 0.001255221689669804
-0.031619349475258116 0.9977678833369051 0.001254421352427144
-0.031099544105475583 0.9976585950894516 0.0012599265420779162
-0.030625054321490434 0.9976244048327665 0.0012547286115193277
-0.03023044300790355 0.9977849667464155 0.0012524223800579838
-0.029710629955846984 0.9984829890658149 0.0012592043953801165
-0.029236134350184902 0.9980630351065227 0.0012536500497884909
-0.028841536540548985 0.9970901477674669 0.0012552242233672024
-0.028321715806673805 0.9991945492504828 0.0012608501083083829
-0.027847214379107754 0.9969073195811838 0.0012525508836887284
-0.027452629957913612 0.997051948358919 0.00125405242104418
-0.026932801655678944 0.9992052121348676 0.001257925051127172
-0.0264582944089401 0.9976660363517369 0.001252757209501178
-0.026063723491240833 0.9978666310065025 0.001254358176274413
-0.025543887504686776 0.9973227726314867 0.001257704195767804
-0.02506937443808999 0.9960592600270214 0.0012536605100239618
-0.024674817023659906 1.0005613420102586 0.0012549413718380502
-0.024154973355510905 0.9990008434059854 0.0012562201976802007
-0.02368045446723988 0.9985694644776117 0.0012524256404366678
-0.023285910556987127 0.9997446902490473 0.001252980565581723
-0.022766059205426886 0.9995364727748477 0.0012555494714880534
-0.022291534496162058 0.997155318890547 0.0012503472688254848
-0.021897004091222496 0.999086182743689 0.0012534894501628963
-0.021377145055116502 0.9979931198559794 0.001260794109906324
-0.020902614525084236 0.9997309048920827 0.0012546171120843557
-0.020508097624323353 0.9997585976724589 0.0012527606854252217
-0.019988230904803426 0.9991299083829074 0.001258603682689913
-0.019513694554234125 0.9989853577087603 0.0012510088441425162
-0.01911919115742421 0.9980695335102999 0.001251710445335636
-0.018599316754266678 0.9984337584035711 0.001260159398650608
-0.018124774583384014 0.9978881348591198 0.0012519713883765242
-0.01773028469075143 0.9972885806886398 0.0012539842760802447
-0.017210402603953602 0.9977183012374384 0.001257289719188102
-0.01634137822339687 0.9979058933526125 0.001254058835707311
-0.015821488454551367 1.0006915895146313 0.0012593674928771303
-0.015346934640774298 0.9987648850038947 0.0012539956468624815
-0.014952471756495032 1.0010261190507792 0.0012546555572772577
-0.014432574188052024 0.99898122214329 0.0012619272396326199
-0.013958014669924187 0.9985226467492114 0.001252632039870279
-0.013563565290733095 0.9999249835765914 0.0012535382177949281
-0.013043660037059857 0.999787933066159 0.0012607890579496258
-0.012569094699756533 0.998518214101876 0.0012533675448178122
-0.012174658707644994 0.9992300807071394 0.001256268796777389
-0.011654745886975838 0.9980328242185753 0.0012551393821679732
-0.010785752240061373 0.9984693338686059 0.0012551308383907166
-0.01026583173734724 0.9981081872867801 0.0012590486648180043
-0.009791254757829274 0.9979736693504967 0.0012503459816466474
-0.009396845773388594 0.998490893769759 0.0012555938570962576
-0.00887691758726322 0.9982385215344969 0.0012585803633340623
-0.008402334902712028 0.997948022414825 0.001255969076231421
-0.008007939306715815 0.9984602716254422 0.0012548495833312424
-0.0074880034364974155 0.9994408668436078 0.0012602525421058748
-0.007013414932544374 0.9977415899876503 0.0012533323768738622
-0.006619032839816672 0.9999889791783279 0.001256744476144507
-0.006099089286184339 0.9983417216817478 0.0012578316165842518
-0.005230126372914836 0.998135549101352 0.0012527496196947769
-0.004710175136100319 0.996781124179913 0.0012582016485043915
-0.0038412199057893306 0.9975405753889834 0.0012557299918077587
-0.003321260986016299 0.999639664443628 0.0012589878570571902
-0.0028466550195386203 0.9972688101676876 0.001254196604434226
-0.0024523134388874934 0.9980571254007355 0.0012531838781122918
-0.0019323468363877004 1.0001309232018336 0.0012601082535519186
-0.0014577350486885095 0.9990907791366967 0.0012539673306275843
-0.0010634069728964984 0.9980989014712494 0.0012534636763448309
-0.0005434326858482597 0.9970078277562975 0.001257294174118108
-6.881519425372028e-05 0.9977325841266724 0.0012511248266436007
0.0003254994937762806 0.9971763279062219 0.0012543668825003595
0.0008454814651439073 1.0001095421438053 0.0012583534327128246
0.0013201047765963906 0.9969405220579561 0.0012498831380366095
0.001714405961357207 0.9986869362418493 0.0012530894484157492
0.002234395614546143 0.9985658076927557 0.0012584068350462996
0.002709024747446502 0.9959789883638241 0.001251852424372849
0.003103312311614664 0.9991619903023021 0.0012533559706377727
0.003623309763948378 0.9963153211678942 0.001257324340109469
0.004097944718296612 0.997460727703243 0.0012502829980065404
0.004492218778287443 0.998161402362813 0.0012561837068659023
0.005012223914032398 1.0000180923199309 0.0012589855744509666
0.0054868646893737605 0.9986784410287756 0.0012519322438832338
0.005881125244960222 1.0018094994332412 0.0012540460400412346
0.006401138065027259 0.9988806909836151 0.0012590721557084437
0.006875784544035587 0.9987941383061038 0.0012516149743579301
0.00727003171117758 0.9974736411336379 0.0012542335935466211
0.007790052215111279 0.9988039556637819 0.0012588127935947387
0.008264704513976203 0.9970012232085742 0.001255067826422045
0.008658938178761202 0.9993281025850757 0.001256220121655611
0.0091789663651953 0.9987375352914633 0.001257913140052813
0.009653624485735809 0.9982272282128418 0.0012521261112357013
0.010047844645889401 1.0005477123441076 0.001255312618274451
0.011042544457495414 0.9976790483375042 0.0012529335748860974
0.01143675111210676 0.9998110176189837 0.0012558738613392994
0.011956794665589701 0.9986123286712659 0.001258297530769737
0.012431464311020709 0.9977380155941569 0.001253247573360559
0.012825657578779539 0.998897185385166 0.0012581201807299785
0.013345708816355505 0.9994645796204947 0.0012577862170406442
0.013820384281416746 0.9980103116407953 0.001253182857835731
0.014214564046360465 0.9976214471368433 0.0012535612047115945
0.014734622966439525 0.9967967553921477 0.001257723185410936
0.015209304252266857 0.9987320899459469 0.0012513897082714013
0.015603470513033244 1.0005957608183802 0.0012565337057749207
0.016123537116068124 0.9981008222414657 0.0012618917052895343
0.01659822410761114 0.9984203556675214 0.0012518341730230137
0.016992376979706025 0.9990491893714597 0.0012565247616614194
0.017512451265699416 0.9981045762461802 0.0012613880588906571
0.01798714407846125 0.9972053627261134 0.0012533299518279908
0.018381283329963482 0.9997915177469182 0.0012532799301535765
0.018901365416236163 0.9985871423199426 0.0012573492032031848
0.019376064048628905 0.9990969486214627 0.001253517095060391
0.019770189796183533 0.9989859764896714 0.0012536340640689975
0.020290279567231024 1.0011293740782181 0.0012594694875543338
0.02076498390329073 0.9974601147180231 0.0012503902558869218
0.021159096263538096 1.0002786245587296 0.0012555525144833264
0.021679193716859623 1.0009412114162692 0.0012610746509233092
0.022153903874596263 0.997661383315347 0.0012514424937422075
0.02254800273089266 1.000480431458456 0.0012562217606082904
0.023068107866943643 0.9990240779669429 0.0012585193191018786
0.023542823845446374 0.9992344770935395 0.0012539789037786316
0.02393690919711002 0.9988395350011435 0.0012529011594988601
0.024457022017027662 0.9994967843813253 0.0012597348959120984
0.0249317437001082 0.9994926008746159 0.0012542408879120711
0.025325815663101013 1.0000829330373957 0.0012567778113042548
0.026320663671185348 0.9980111617473117 0.0012529074323804437
0.026714722013584834 0.999948535913883 0.0012547932050695973
0.027234850318106543 0.9972851048056188 0.001256789090099388
0.027709583524710642 0.9970208006224869 0.0012524293042293568
0.028103628480713034 0.998337320264702 0.0012541928340849707
0.02862376435177524 0.998432177019924 0.0012588227690076236
0.029098503495788464 0.998635266122233 0.0012535681552416182
0.029492534947385813 0.9987092256892279 0.0012534955383334096
0.030012678501174783 0.9985461451524995 0.001258881630411163
0.03048742346732036 0.9981019637707708 0.0012504920007414457
0.030881441414284953 0.9998625215770527 0.0012538579550365081
0.03140159265194328 0.9967709963416954 0.0012592217688051478
0.031876343321755145 0.9974475097244369 0.0012554013871101666
0.03227034788118679 0.9983075902171764 0.001254451609960776
0.032790506802935444 0.9983996773550701 0.0012605623160076892
0.03326526329215119 0.9979604451406593 0.0012498553251373233
0.033659254231444245 1.0009395831135877 0.0012540695339352589
0.03417942095233768 0.9986054981817798 0.0012588089512347498
0.03465418314590352 0.9985960225980262 0.001254495295272767
0.03504816069879881 0.9986572845816262 0.0012548359523997866
0.03556833510173992 0.9984182664671786 0.001256950488452778
0.03604310311743609 0.9968367360554665 0.0012541647459002896
0.03643706716569795 0.9988209803356498 0.001258453769789891
0.03695724925182394 0.9989199707769656 0.0012643947584599117
0.03743202297278037 0.9993116140152978 0.0012511735151092703
0.03782597363146258 1.000728146306774 0.0012521466277420961
0.0383461634028161 1.000084843998926 0.0012589677149573554
0.03882094294294802 0.9973582287293564 0.0012522688547539666
0.03921487998194641 0.9992845446574996 0.0012555834317827836
0.03973507755290012 0.9984400691996226 0.0012596428841561529
0.040209862797609845 0.9975903730316287 0.0012547491349821866
0.04060378644930097 0.998930824535838 0.0012554026545378947
0.04112399170298414 0.9973995386878292 0.0012590064972894202
0.041992692915973746 1.000632296969372 0.001252905497865895
0.04251290585306816 0.9976065496430072 0.0012597433549358223
0.042987702623577206 0.9988594613679672 0.0012552173749639777
0.043381599382646525 0.9997882937316314 0.001254942890496561
0.04390182000269946 0.9984473870439661 0.0012630622681242872
0.044376622593744856 0.9974040088755348 0.0012516307614330979
0.04477050573313304 0.9991885329719576 0.0012571788073754506
0.0452907340372763 0.9974115912583728 0.0012586054180156992
0.045765542448179646 0.997176576459844 0.0012537279046068897
0.04615941219912404 0.9984277831801955 0.001253935704848623
0.046679648187815746 0.998745751041284 0.0012584992026973166
0.047154462419029756 0.9959447038771935 0.0012523178057781356
0.04754831866670496 1.0018662955573214 0.0012549584418523729
0.04806856233744434 0.9964828122297127 0.0012591434929396313
0.04854338227369226 0.9975541638429424 0.0012513466162508292
0.048937225017644206 0.9998206478293798 0.0012546650054623628
0.04945747648707294 1.0015499560561403 0.0012603030046040378
0.04993230212835476 0.9986897471154882 0.001253016962649521
0.0503261314836352 0.9987420943867348 0.0012537282686577748
0.05084639063761238 0.9978916389951623 0.0012579376210366813
0.05132122209920487 0.9986777460000126 0.0012511342927887038
0.05171503795030798 0.9982480120192645 0.0012538396548752366
0.052235304788607245 0.998543019528252 0.0012598608789088546
0.05271014195363966 0.9976009860192042 0.0012539050343474683
0.05310394430147628 1.000389730560937 0.0012535477251372814
0.053624218938006785 0.9986208525684982 0.001259922051413665
0.054099061924034346 0.9992554617916535 0.0012533977851844071
0.05449285076814906 1.0008290716937422 0.0012550291359134866
0.055013133088319864 0.9999555313073479 0.0012592641802304794
0.05548798177892456 0.9987541959957582 0.0012524915332240106
0.05588175723482184 1.001526093699158 0.0012568950054121185
0.05640204712198856 0.9996986994483764 0.0012591075620485411
0.056876901634268846 1.0007356173821753 0.0012536825926011959
0.05727066358508199 1.000697569348372 0.0012562886518257212
0.05779096127207258 1.0011063557622144 0.0012591605910021696
0.05826582160466353 1.0003238634938614 0.0012532223621821448
0.05865957005129935 1.0009694252023245 0.0012536975987959193
0.05917987542306474 0.999594371862619 0.0012601725513807765
0.059654741458188824 0.9991702759007649 0.0012529913116722756
0.060048476518880275 1.0011871225694757 0.0012553039218857903
0.06056878957314876 1.0011943882115224 0.0012620185191832588
0.06104366131353311 1.002517146264886 0.0012546469175658175
0.06143738286959315 1.0025696373122897 0.0012529478271391466
0.06195770372232464 1.000183942770691 0.0012615613343105471
0.06243258128506568 0.9981319134420157 0.001254357089748171
0.06282628933581051 1.0011396063678817 0.0012568174327409875
0.06334661787195324 0.9996172147434236 0.0012604537104517006
0.06382150113881802 0.9997687828104627 0.0012533332650326203
0.06421519568606528 1.000205724234631 0.0012542790000551621
0.0647355320229481 1.0006389843984853 0.0012643685168165122
0.06521042099279872 0.998422748294695 0.0012549122966928467
0.06560410215274075 1.0013424967149975 0.0012534123558036211
0.06612444605706952 1.0013835554243133 0.0012609298882920509
0.06659934096364883 1.0022223393761973 0.0012542459229577952
0.06699300850322726 1.0029793788470212 0.0012543976329104777
0.06751336020670082 1.0009487166883062 0.0012605720150445437
0.06798826081899312 1.0000836255076915 0.001252563164240457
0.06838191497058183 0.9998167432276952 0.001254597569437178
0.06890227435678484 1.000092786096692 0.0012603816426631092
0.06937718067342791 1.0008599582519908 0.0012546704193793377
0.06977082143725191 1.0009478011452617 0.0012524517057495505
0.070291188507777 0.9994241757176516 0.0012609024514855724
0.07076610064427802 1.0009776430629285 0.001254614895869843
0.07115972778705394 1.000168095549644 0.001255049757547047
0.07168010265786103 1.0002739156290639 0.001259400543201187
0.07215502049871281 1.0006015167523445 0.0012551580083909105
0.07254863425440851 0.9995826650590599 0.0012534774309815354
0.07306901680794504 0.9991428683740182 0.001259904008841224
0.07354394035269218 0.9991615982546445 0.0012518774298900161
0.07393754060534775 1.0021852557292699 0.0012559246330845796
0.07445793084161374 0.9995526203634105 0.0012596156456503437
0.07493286020712697 1.0009329560543578 0.001253270948362385
0.07532644707157049 1.0001185196693192 0.0012550063595856032
0.07584684499124233 1.0003305883616584 0.0012637287616896024
0.07632178017865954 0.9992429043126552 0.0012537119795366083
0.07671535342114617 1.0001731379433638 0.0012533815866994109
0.07723575914200814 1.0005943228461425 0.0012602624346882676
0.07771070003332137 0.9997875361687688 0.0012539546682928738
0.07810425988804262 0.9988644860687412 0.0012540799392149705
0.07862467329277664 0.999604364132953 0.0012603351172313182
0.07909961988684666 1.0004353330238946 0.0012516407510783647
0.07949316623875549 1.0027231371526362 0.001254613090439608
0.08001358744240523 1.0012954271543135 0.0012656813812645475
0.08048853974150916 0.9993033908802715 0.0012539319628956495
0.08088207270543096 1.0000593164039464 0.001254626856128221
0.08140250147539216 0.9997350179629731 0.001259096858564746
0.08187745959662573 0.9998275856520272 0.001255202587492087
0.08227097905591209 0.9999352179385466 0.001254465976741689
0.08279141562570254 0.9991683004296449 0.0012618316686579705
0.08326637945106052 0.9992781654340889 0.0012510854830513696
0.08365988552281393 0.9991273688886518 0.0012544463683806062
0.08418032977624197 0.9981534460307104 0.0012594373773239693
0.08465529942145655 1.000897042501173 0.0012533746646370971
0.08504879187216324 0.9995180911757895 0.0012529809077181286
0.08556924392655235 1.0007982987107917 0.0012618700404664624
0.08604421927589134 0.9998026782362021 0.0012542279277564558
0.08643769833974417 1.0003991072547511 0.0012554245207790173
0.08695815807686544 1.0001415938654101 0.0012633274629883409
0.08743313913123563 1.000264365298014 0.0012550563364476313
0.08782660469090978 0.9998794530352962 0.001255562449672686
0.08834707211053414 0.9990219962932283 0.0012591608931487297
0.08882205898567042 0.9980728158331129 0.0012532728288307895
0.08921551104025909 1.0000313141586104 0.001254414205960319
0.08973598626061816 1.000349944200825 0.001261509185096644
0.09021097883942275 1.0033093015150927 0.0012535573417610981
0.09060441750716092 1.0015673476360119 0.001256552365331747
0.09112490041138396 1.0001967872309283 0.001259921497456963
0.09159989869408458 0.9997880814277448 0.0012544216203353032
0.09199332385810016 0.9997625583859744 0.0012534173656437433
0.09251381456169434 1.0014250911153626 0.0012607830501929224
0.09298881854851937 0.998775516333779 0.0012524281456497905
0.09338223032477025 0.9997786663991498 0.0012544118685431692
0.09390272859445489 0.9984946079681183 0.0012601481700612635
0.09437773840295416 1.001451946033185 0.001252949861319011
0.09477113667525676 1.0022451428299464 0.0012534647164075781
0.09529164274408349 1.000021455689888 0.0012612475634009677
0.09576665837380427 1.0004871177788097 0.0012556825674184952
0.09616004314215859 1.0001158215382138 0.0012538817473724702
0.09668055689507565 1.001767974556996 0.0012617747167330948
0.09715557822823906 1.0006098769555067 0.0012511387006215095
0.09754894949150252 1.0002897274272038 0.001257162211434047
0.0980694710456151 0.9992345462742197 0.0012638110117891078
0.09854449808267385 1.0002132233264651 0.00125470039776162
0.0989378558426735 1.0002908552647665 0.00125518728448263
0.09945838507882837 0.9985478649669384 0.001261566965505952
0.09993341793733634 0.9988515918958895 0.0012537048876918731
0.10032676231002807 0.9992767215687556 0.0012527852936228348
0.10084729922891239 1.001804762379311 0.0012615212619172132
0.10132233779245292 0.999811926908933 0.0012534623553621985
0.10171566865960374 0.9980481134954315 0.0012534942367092065
0.10223621337899641 1.0004958988213821 0.0012595917838163061
0.10271125764688771 0.9994353664748681 0.0012538227942971239
0.1031045750098585 0.9993857003370985 0.0012542423560959358
0.10362512752908043 1.000584714873716 0.001261139407864731
0.10410017750086842 1.0020516206539825 0.0012544396695822865
0.10449348147676035 0.9994473129018804 0.0012549671461496588
0.10501404156365997 0.9998848437713832 0.0012619712121125874
0.1054890973548478 1.000376259716219 0.0012527396094008198
0.10588238782724148 0.9990517179278862 0.001255114441983528
0.10640295571374399 1.0003095306286607 0.0012614180817103041
0.106878017209738 0.9983830561157115 0.0012526538274370957
0.10727129417795435 1.0016327204330608 0.0012562640105064189
0.1077918698633726 0.9993899323882958 0.001266602073982515
0.10826693706508228 1.0011253125239108 0.0012523088824962535
0.10866020064462982 1.001857322320468 0.0012561424162429446
0.10918078401345661 0.999162228504366 0.0012600952200993512
0.10965585691883462 0.9992704927362124 0.0012519484939313005
0.11004910699443186 0.9999756710163272 0.001253281920453943
0.11056969804803615 0.9991005860585772 0.0012611582927407896
0.11104477677258695 0.9995920449844594 0.0012525294814314323
0.11143801334559747 0.9996800314458846 0.0012516787252529725
0.11195861219812017 1.0008153160681998 0.001263148274589904
0.11243369662702174 1.000065549035744 0.001252805945655082
0.11282691981272566 1.000166302230841 0.0012553478266090247
0.11334752634729335 1.0010051167847707 0.0012618226735140819
0.11382261648236602 1.000955939541621 0.0012541774031343995
0.1142158261625277 0.999008582762291 0.001253386596270895
0.11473644049760373 1.0010258100093044 0.0012621886236468848
0.11521153633680081 1.0001676850524328 0.0012527695882464935
0.11560473251278786 0.9998624428246313 0.001253936932233802
0.11612535453195691 0.9990939367079025 0.0012619978175871058
0.11660045607482028 1.0006051895179937 0.0012553907652212077
0.11699363897945794 1.0012619644394938 0.00125665990515978
0.11751426868204093 1.0020723384102097 0.0012597681776312633
0.11798937592948278 1.0006915916965615 0.0012548647885273364
0.11838254532994445 1.000774934918763 0.0012520537906910145
0.11890318283235131 0.9996520543605898 0.0012607943920247544
0.11937829578414527 1.0006321196136205 0.0012559752170885148
0.1197714516808837 1.0005317199129882 0.001256235247723764
0.12029209686624637 0.9996854339089609 0.0012609494106997417
0.12076721563858006 1.0020461588846128 0.0012539203678810498
0.12116035803113846 0.999225684914396 0.0012543541901702826
0.12168101101542224 1.0004750414849097 0.0012613331935103455
0.12215613549301485 0.9984808486463083 0.0012511877773774087
0.1225492644973612 0.9994682364433383 0.0012542397732251116
0.1230699251664144 0.9994462087144573 0.001260940614610266
0.12354505534744964 0.9998194471077154 0.0012550071678157498
0.12393817084693688 0.9996777509028192 0.0012535243712654802
0.12445883920099395 1.000323275316055 0.001262114720859842
0.12493397520142902 0.9999410076255093 0.0012524198185999381
0.1253270771978761 1.000542837252026 0.0012545813863655021
0.12584775335016712 0.9984426904543255 0.0012606997641517166
0.1263228950558638 0.9994519086485812 0.0012556484910818066
0.12671598354904173 1.0005608343727381 0.0012524867900686111
0.12723666749979842 0.9997276900636024 0.0012617911771014287
0.12771181479456573 0.9997628399239801 0.0012510065989046304
0.1281048898986174 1.0001836234036614 0.001254712843886244
0.1286255815341489 1.0007370523438313 0.0012629400564714793
0.12910073464922756 1.0006647618423365 0.00125262535603729
0.12949379636551384 1.0000400627291721 0.001253864658882554
0.13001449568491472 1.0003814040772918 0.001262115716800319
0.13048965450275285 1.0007316178192498 0.0012535483732378277
0.13088270271622673 1.0009164819802163 0.0012552655665713302
0.1314034098345433 1.0006507380117795 0.0012615532068564156
0.13187857435718764 1.0007063512862397 0.0012542554477059911
0.13227160906671323 0.9988056028820055 0.0012545148376865885
0.13279232398462731 1.0001707924417578 0.0012635062720692599
0.13326749421253192 0.9991903252809192 0.0012529052715288384
0.13366051541719975 0.9985664445242884 0.0012527085953773424
0.134181238018296 0.9991769748980921 0.0012614643623156084
0.1346564140669667 0.9984625857328481 0.0012520098687221258
0.13504942176745452 0.9994136968289792 0.0012516283549686257
0.13557015216838003 1.000143072918961 0.0012611230438727742
0.1360453338045321 1.0005583330522798 0.0012546833387577644
0.13643832823321914 0.999805243753806 0.001254973671654501
0.13695906620295958 0.999667116393373 0.0012629534929961504
0.1374342536589669 1.000521507413843 0.0012528642835350956
0.13782723458438476 0.9987158889561383 0.0012524700078387345
0.1383479803530436 1.0011247952858273 0.0012622144340869246
0.13882317351431117 1.0002741009191916 0.00125198329798077
0.13921614093555035 1.0000960343935468 0.001254579316935257
0.1397368945026722 0.9987326070285346 0.0012604211644163983
0.14021209336874596 0.9987354425736479 0.0012549586661794229
0.14060504728489967 1.0002385629283939 0.0012551185387865648
0.14112580853543005 1.0020579349125995 0.0012645692053119889
0.14160101310608297 1.0000896189229402 0.0012517117543872456
0.1419939536353862 0.999081943283039 0.0012530739677062924
0.14251472268642493 1.000130018142926 0.0012625861835931292
0.1429899329607448 1.000956967335952 0.001254908772999542
0.1433828599858727 0.9995532268910559 0.0012549460832557962
0.14390363683741708 0.9990749697742186 0.0012617496978092515
0.1443788528151796 0.9999240861980366 0.0012535894307266298
0.14477176633612746 0.9988673734957053 0.0012544856029064885
0.14529255087017764 1.0008652962893125 0.001265262141145712
0.14576777255319906 1.0000173993895198 0.0012567843327569487
0.1461606726870667 0.9986086279373824 0.0012550761831267257
0.146681465020488 0.9993016831796081 0.0012624573837241985
0.1471566924083163 0.9993925111853618 0.0012522114341356992
0.14754957915396855 1.0002833140314598 0.0012539468163368062
0.14807037917125382 0.9989348808431103 0.0012590895437663108
0.14854561226297813 0.9999846265704584 0.0012529818745999483
0.14893848550331784 1.0001466921982223 0.0012560983986275548
0.14945929320492252 0.9984948152528647 0.0012620003417724386
0.14993453211650343 1.000477768054514 0.0012545331134138416
0.15032739185448346 1.0009435643605669 0.0012546974253448658
0.1508482073552356 1.0017562132751123 0.0012627239954352762
0.1513234518540688 1.0005349717045373 0.0012534224746645194
0.15171629820564905 0.9995140368138721 0.0012530686046815546
0.15223712150554597 1.000565491835421 0.0012625059963535731
0.1527123717094131 0.999717796068332 0.0012530989185931634
0.15310520455499838 0.9992858205517743 0.0012541242911327903
0.15362603553830653 0.999581990341187 0.0012634054069760995
0.15410129156430197 0.9989271416885628 0.0012530788301861036
0.15449411090525314 1.0001627806244684 0.0012548119395773343
0.15501494968839055 1.0007820291862974 0.0012651342383829796
0.15549021130186735 0.9990506132253218 0.001250359416453368
0.15588301725573964 1.0022438383852232 0.001253567791322732
0.15640386372296738 0.9984064381520119 0.0012617068740685543
0.15727192360622616 0.9998719705355804 0.0012534461701890068
0.1577927778730514 0.9986446007485724 0.00126566355130103
0.1582680508943216 0.999470876456207 0.0012553278482324115
0.15918169202268 0.9992181073368847 0.0012616887189240737
0.1596569707496659 0.9998573520027028 0.0012524149869477677
0.16004973630742017 0.99893679959632 0.0012532227079487194
0.1605706060563487 1.0013955762777427 0.0012620011787972793
0.16143864265699584 1.0016523040229866 0.001254485591258655
0.16195952020734358 0.9991835238851602 0.001262928510249705
0.16243481034166474 0.9984532238763886 0.0012519924293373937
0.162827549007256 0.9988550688859934 0.001254046069255101
0.16334843424101228 1.0002673505276582 0.0012611994993257819
0.16382373019609953 1.001979388756457 0.0012512437009629617
0.16421645535842158 1.0004847912971677 0.0012539180923602517
0.1647373483910963 1.000481402921131 0.0012624212141215934
0.165212649934119 0.9994151170695477 0.001252225685510802
0.16560536170867635 1.0007805127377463 0.0012565211251440367
0.16612626254118032 1.0012703403631142 0.0012642565738891795
0.16660156978855378 1.000372564387135 0.0012512734273992861
0.1669942680589365 0.9999057193435301 0.0012522552937217902
0.16751517657484902 0.9996212442739574 0.0012616752465906024
0.16799048952657325 1.0018602467019893 0.001254295239226081
0.16838317440919126 0.9989423233701482 0.0012534555703185115
0.16890409072584117 0.9989101575958731 0.0012602777902585387
0.16937940938100804 0.9997233167851782 0.0012534597552926764
0.1697720807589987 1.0001498211621618 0.0012531835646766157
0.17029300475950987 1.0007216296598493 0.0012631017513467816
0.17076832911857343 1.0000106067843375 0.001254048459306476
0.17116098710925345 0.9994883854864289 0.0012540402080066092
0.17168191890914117 1.0015946432575835 0.0012652279327782642
0.17215724897300821 0.9989182924358532 0.0012565428488749716
0.17254989346041907 1.000418341073835 0.00125874706975021
0.173070832941899 0.9993750179939384 0.0012661008120712785
0.1735461688283525 0.9997810635069574 0.0012522744493782955
0.17393879981067922 1.0016225277845816 0.0012537294932461224
0.17445974709289389 0.9981290157182588 0.0012634248395515788
0.17493508856637197 1.000547882446857 0.0012549000951419859
0.17532770616048124 0.9998457050949382 0.0012528964935067412
0.17584866124388604 1.0016861064341052 0.0012628612314048901
0.17632400830393602 0.9990247254679065 0.001253910897206088
0.17671661251119414 0.9996108386385621 0.001253571788381799
0.1772375752766466 0.9996708618175151 0.0012602549834453388
0.17771292815882622 1.0012301934914873 0.0012552595907747406
0.1781055187459444 0.9993972893576069 0.0012548081490316937
0.178626489426957 1.0002838392132516 0.0012620878840293294
0.17910184789775518 0.9999651984421773 0.001255719626158269
0.17949442509552008 1.000489151014291 0.0012533458822548908
0.18001540346085204 1.0018585727577412 0.0012631244574170953
0.18049076775173456 1.000093679662038 0.001253652424840247
0.1808833314460066 1.0001588715898029 0.0012534263250954302
0.18140431761093606 0.9991004171232231 0.0012626158984808237
0.18187968748884453 0.9996872582404295 0.0012521481814614932
0.18227223779626137 0.9994179788808628 0.0012513644239173793
0.18279323164506017 0.999932471584126 0.001261551259282773
0.18326860734327932 1.0009111879578734 0.0012528434025462728
0.18366114414652152 1.0008980347400598 0.0012533389149142176
0.18418214579537057 1.00060244582994 0.0012619044542772342
0.18465752708220828 0.9994957028062571 0.0012522480636376337
0.1850500504976871 1.0002624363484591 0.0012550058679462485
0.18557105982835748 1.0000195484382288 0.0012616776868255566
0.18604644693664307 0.999962692340058 0.001253896561778803
0.18643895684794187 1.0005425292518257 0.0012531246811806351
0.1869599739784415 0.9999936826396554 0.0012627031184070001
0.18743536667466254 0.9987288784582772 0.0012546500188174142
0.1878278631972912 1.000877771326089 0.001253499902733045
0.18834888812943637 0.9992016456255354 0.0012603839593764207
0.18882428641290971 1.0009472124813212 0.0012520537575264775
0.1892167694313624 1.0006815904667434 0.0012551917418622996
0.18973780216310507 0.9982144291715824 0.0012640064446466487
0.19021320626666272 0.9998249694307353 0.0012536309149620208
0.19060567578230161 1.0020300713707022 0.0012552977426092602
0.19112671631273365 0.9999129873009137 0.0012638471156333213
0.19160212600468218 0.9991965364176036 0.0012527251711606277
0.19199458213255638 1.0004838564743452 0.0012565685508874
0.19251563034640234 0.9992101637791229 0.0012637914275519405
0.19299104586002647 1.000581516338118 0.0012541293710639782
0.1933834884830429 0.9990975099259011 0.0012528789729451411
0.19390454449716815 0.9999406420881207 0.0012651039086022844
0.19437996559804593 1.0020320794429838 0.0012539426475373103
0.19477239483352943 1.0008646512684451 0.0012563358070295015
0.19529345853106592 0.9999225253217047 0.001263299008090204
0.19576888533561 0.9997992944795732 0.0012506510228890105
0.1961613011837842 0.9986730572218152 0.001253488383954659
0.19668237268114994 1.0011629771117474 0.0012652511448223562
0.19715780519004478 0.9983291345681017 0.0012550087247582462
0.1975502074183081 1.000076035893709 0.0012532141282124271
0.19807128671481863 1.000933900133833 0.0012630106970229504
0.1989391137687946 0.9995468253641933 0.0012539235191826052
0.19946020086444724 0.9990671608433552 0.0012616231750723112
0.1999356446669932 1.000166856127827 0.0012536139715101505
0.20032802011814393 0.9994754922221253 0.0012532526711193218
0.20084911489811594 0.9997425940512108 0.0012649589736547188
0.2013245645205185 1.000332047928842 0.0012536459040991114
0.20171692646863043 1.0002880524152904 0.0012505529983297846
0.20223802904888175 0.9983177151679072 0.0012614030603852466
0.20271348425876567 1.0002980901254814 0.0012528222969119484
0.20310583270315435 0.9984999924919181 0.0012532668349668774
0.2036269430827768 0.9986234682307052 0.0012598296147099677
0.20410240399746693 0.9997554910232489 0.0012537031528502905
0.20449473905340912 1.0000947449561122 0.0012590563971809263
0.20501585723195268 0.9998794938168171 0.0012608034378024202
0.2054913237354864 1.0010188911403786 0.0012542524732825624
0.20588364540366927 0.999538047827782 0.0012551658114885336
0.2064047712665295 0.9999346813139449 0.0012631562201789804
0.2072725517541504 1.0011814691574337 0.0012541135548825378
0.20779368541752438 1.0009307912762841 0.0012622901963133442
0.20866145798731076 0.9989746389097299 0.0012570157990587846
0.20918259945028223 1.002513166860811 0.0012630625257604073
0.20965808306550604 0.9995429329024309 0.0012527614811887987
0.21005036433847635 0.9986926961781104 0.0012535464776543834
0.21057151360036624 0.9997848568803605 0.0012621082117521421
0.2110470028035255 0.9994538320963658 0.0012548078623476912
0.21143927068942098 1.0004942750152384 0.0012548665393022533
0.211960427634264 1.0023757125230515 0.0012640399494588974
0.21243592265818734 0.9998567310141477 0.0012510821997015905
0.21282817703899126 0.9999809293599655 0.001253170005034351
0.21334934178457438 0.998728889215207 0.001260305389595545
0.21382484239643385 0.9999429078021792 0.0012527337387281646
0.2142170832728361 0.9997475514095822 0.001252904191476475
0.21473825581869851 1.0010628679794482 0.001264116750801442
0.2156059896240017 0.9991510527720376 0.001252326480244828
0.21612716996900888 0.9995925270522226 0.0012611229904825238
0.21660268187247278 1.0010785489732033 0.0012562296159279835
0.21699489597426186 1.002063522940959 0.001254469960965362
0.2175160840019958 0.9999713924578122 0.0012626694674667282
0.2183838022081013 0.9998096452070344 0.0012533677124181293
0.2189049981516244 0.9996294077413612 0.0012609396431756193
0.21977270855836145 1.0006708384682235 0.0012551831570867564
0.2202939121857485 1.0012213575211235 0.0012617821242746179
0.2211616149081635 1.0004001420343307 0.001253210748340102
0.22168282622032806 1.00213651424911 0.001261721092995883
0.2221583609405119 0.9992559692304391 0.0012535660009970072
0.22255052114200294 0.999454144242518 0.001252543133608075
0.22307174036995667 1.0000135885760604 0.001261619596790295
0.22354728067944085 1.0000108463941997 0.001253659680302531
0.22393942749317391 0.9995729156274141 0.0012540348980111075
0.22446065440362536 1.000413623346475 0.0012616485222203349
0.2249362004179144 0.9994791424563261 0.0012512196191884753
0.22532833372701336 0.9967457286011303 0.0012539032023146381
0.22584956855439117 0.9984611764717101 0.0012624849592962702
0.2263251201554798 1.000427764833988 0.0012518844560953449
0.2267172400768154 1.0003753533613973 0.0012557144045979654
0.22723848258828622 1.0000691373329678 0.0012621209180663003
0.22771403989304384 0.9990782417618044 0.0012520243356213105
0.22810614642707555 1.0007483107284612 0.00125302870736533
0.22862739673837024 1.001342265718307 0.0012633244421640232
0.22910295974747863 0.9998765212704627 0.0012549325053837204
0.22949505266159947 0.9997355153850427 0.0012520205931040673
0.23001631077203893 0.9989633781379835 0.0012623768545887504
0.2304918794859535 1.0017980129959927 0.0012540004131645541
0.2308839590120806 0.9994759133494179 0.001251158917446996
0.23140522492167023 0.9980939850148363 0.0012645928946362903
0.23188079922420002 1.0006851050673222 0.0012532375587220145
0.23227286524592541 1.0000970264261126 0.0012581517581808236
0.23279413895533893 1.001921897508733 0.0012624454109675584
0.23326971896244653 0.9989377925703882 0.0012519739422397892
0.23366177159618018 1.0001417210417367 0.0012536739433140864
0.23418305298946035 0.9979328370823148 0.0012616812745513965
0.234658638700466 0.9995721222509898 0.0012514127545202186
0.23505067794644033 1.0002927474094059 0.001252904514736304
0.23557196713977344 1.0008859219351625 0.0012642119825635376
0.23604755843848546 0.999304189629422 0.0012554968035987627
0.23643958418119063 0.9989492588135678 0.001258960298308051
0.23696088117276035 1.0015706257696824 0.0012622660157547735
0.23743647817650493 0.9965766425054126 0.0012530926546127574
0.23782849053145078 0.9988892206308541 0.0012544725570928915
0.23834979532284437 1.000519141665118 0.001263381424951784
0.2388253979145244 0.9983700419053758 0.001252552298697702
0.23921739676461112 0.9986852488641187 0.0012540835866651744
0.2397387093574212 0.998632507751785 0.001262083801062511
0.24021431765277157 1.0002808126307519 0.0012502263826491048
0.24060630311509226 1.0015382655168332 0.001255049356596252
0.24112762350750522 1.001268232405406 0.0012633322713694896
0.24160323739010925 0.9990433418811956 0.0012521359443399237
0.2419952093493898 1.0001182354033509 0.0012543577562320308
0.24251653754117392 0.9997958086780954 0.0012639445992170162
0.24299215712812872 1.0022695322212785 0.0012541185837588507
0.24338411569964996 0.9984400674820549 0.0012576667256471142
