-0.199985874 1.000179827 0.000771664
-0.198597008 1.001108302 0.000771999
-0.197208141 1.000101854 0.000770789
-0.195819275 0.998741993 0.000771171
-0.194430409 1.000979165 0.000771426
-0.193041542 0.999888044 0.000771243
-0.191652676 1.001205497 0.000771821
-0.19026381 1.001233202 0.000771359
-0.188874943 1.001588232 0.000771675
-0.187486077 0.999792599 0.000771292
-0.186097211 0.999218057 0.000770891
-0.184708344 1.001150622 0.00077185
-0.183319478 0.998121123 0.000771169
-0.181930612 1.001135687 0.000771498
-0.180541746 0.999235279 0.000771449
-0.179152879 1.000349549 0.000771706
-0.177764013 0.999683966 0.000771114
-0.176375147 1.000953677 0.000771317
-0.174986281 0.999525175 0.000771374
-0.173597414 0.999465996 0.000771514
-0.172208548 1.000145712 0.000771597
-0.170819682 0.997862345 0.000770836
-0.169430816 1.00114584 0.00077156
-0.168041949 1.000713819 0.000771265
-0.166653083 0.998853183 0.000771221
-0.165264217 1.000720023 0.000771431
-0.163875351 0.99953302 0.000771452
-0.162486484 0.999182996 0.000771
-0.161097618 0.999632975 0.000771283
-0.159708752 0.999371024 0.000771358
-0.158319886 1.000334938 0.000771321
-0.15693102 1.00113163 0.000771811
-0.155542153 1.000532479 0.000771468
-0.154153287 0.998572667 0.000771215
-0.152764421 0.998662517 0.000771057
-0.151375555 1.000824263 0.000771591
-0.149986689 1.000304021 0.000771448
-0.148597823 0.999479909 0.000771527
-0.147208956 0.999090196 0.000770794
-0.14582009 1.000469814 0.000771775
-0.144431224 0.999074517 0.000770933
-0.143042358 1.000342405 0.000771435
-0.141653492 1.00017245 0.000771181
-0.140264625 1.000823146 0.000771279
-0.138875759 1.000248037 0.000771464
-0.137486893 0.999610654 0.000771175
-0.136098027 1.002416885 0.000772219
-0.134709161 0.999811865 0.000771045
-0.133320295 1.000810892 0.000771288
-0.131931429 0.999319367 0.000771236
-0.130542563 1.000984877 0.000772166
-0.129153696 0.998757826 0.000771062
-0.12776483 0.998382518 0.000770933
-0.126375964 1.000326229 0.000771538
-0.124987098 0.999891733 0.000771462
-0.123598232 1.001249642 0.000771755
-0.122209366 0.999356939 0.000771059
-0.1208205 1.000145939 0.000771364
-0.119431634 0.999876285 0.000771283
-0.118042768 1.000988763 0.000771578
-0.116653902 0.999917524 0.000771221
-0.115265035 1.000169823 0.000771273
-0.113876169 1.000364007 0.000771683
-0.112487303 1.002041662 0.000771724
-0.111098437 0.999060698 0.000771222
-0.109709571 1.000245282 0.000771265
-0.108320705 0.999744618 0.000771269
-0.106931839 0.999365173 0.00077131
-0.105542973 1.000900067 0.000771603
-0.104154107 0.999189897 0.000771097
-0.102765241 0.999127513 0.000770892
-0.101376375 0.999496855 0.00077109
-0.099987509 1.000125607 0.000771457
-0.098598643 0.999360916 0.000770809
-0.097209777 1.001086959 0.000771592
-0.095820911 1.000395947 0.000771373
-0.094432045 0.999578388 0.000771211
-0.093043179 1.000101719 0.000771281
-0.091654313 1.000234332 0.00077158
-0.090265447 0.999577327 0.000771264
-0.088876581 0.999907314 0.000770918
-0.087487715 1.000126788 0.000771298
-0.086098849 1.001588351 0.000771633
-0.084709983 0.999227278 0.000770854
-0.083321117 1.000289219 0.000771103
-0.081932251 0.999850639 0.000771055
-0.080543385 0.997597519 0.00077077
-0.079154519 1.000674315 0.000771258
-0.077765653 1.000868227 0.00077135
-0.076376787 0.999658154 0.000771276
-0.074987921 0.999407822 0.000771036
-0.073599055 0.999814333 0.000770775
-0.072210189 1.000752692 0.000771223
-0.070821323 0.999755327 0.000771023
-0.069432458 1.000183587 0.000771613
-0.068043592 0.998952488 0.000770613
-0.066654726 1.001009225 0.000771912
-0.06526586 0.999246144 0.000771235
-0.063876994 1.00009885 0.000771128
-0.062488128 0.998441506 0.000770637
-0.061099262 0.998256395 0.000770794
-0.059710396 0.999674362 0.000771362
-0.05832153 0.999090355 0.000770381
-0.056932664 0.99674551 0.000770434
-0.055543799 0.998388842 0.000770638
-0.054154933 0.999202355 0.00077105
-0.052766067 0.997464517 0.000770938
-0.051377201 0.998806106 0.000770627
-0.049988335 0.998762635 0.000770431
-0.048599469 0.998074871 0.000770658
-0.047210603 0.996982604 0.000770221
-0.045821737 0.998502458 0.000770648
-0.044432872 0.998278362 0.000770551
-0.043044006 0.999655159 0.00077054
-0.04165514 0.999124718 0.000770983
-0.040266274 0.99876658 0.000770542
-0.038877408 0.99878193 0.000770976
-0.037488542 0.996855548 0.000770577
-0.036099677 0.998007652 0.000771
-0.034710811 0.997617418 0.000770923
-0.033321945 0.99769432 0.000770353
-0.031933079 0.998972881 0.000771056
-0.030544213 0.997908019 0.000770018
-0.029155348 0.998543569 0.000770849
-0.027766482 0.998531111 0.000771022
-0.026377616 0.997894641 0.000770482
-0.02498875 0.998493597 0.000770219
-0.023599884 0.999437544 0.000771073
-0.022211019 0.998412589 0.000770762
-0.020822153 1.00038497 0.000771333
-0.019433287 0.996767479 0.000770179
-0.018044421 0.998233436 0.000770753
-0.016655556 0.997562365 0.000770389
-0.01526669 0.997908444 0.000770524
-0.013877824 0.99611658 0.000770125
-0.012488958 0.999382347 0.0007706
-0.011100093 0.999643346 0.00077074
-0.009711227 0.998811594 0.000770846
-0.008322361 1.000770854 0.000771482
-0.006933495 0.999363899 0.000771077
-0.00554463 0.99924282 0.000770942
-0.004155764 0.998093621 0.000770605
-0.002766898 0.996665485 0.000770428
-0.001378033 0.997616969 0.000770833
1.08E-05 0.997258548 0.000770782
0.001399699 0.997161109 0.000770847
0.002788565 0.999280865 0.000771472
0.00417743 0.997983438 0.000770218
0.005566296 0.998088753 0.000770719
0.006955162 0.998166022 0.000770372
0.008344027 0.998252799 0.00077055
0.009732893 1.000212868 0.000770909
0.011121759 0.998938951 0.000770891
0.012510625 0.998025614 0.000770474
0.01389949 0.999306002 0.000771192
0.015288356 0.997829784 0.000770567
0.016677221 0.998168644 0.00077093
0.018066087 0.99915287 0.000770929
0.019454953 0.99865312 0.000770659
0.020843818 0.998265325 0.000770622
0.022232684 0.996840776 0.000770505
0.02362155 0.997449911 0.000770577
0.025010415 0.996741619 0.000770569
0.026399281 0.998243411 0.000770558
0.027788147 0.998172236 0.000770915
0.029177012 0.998765102 0.000770882
0.030565878 0.997969267 0.000770919
0.031954743 0.999309146 0.000770721
0.033343609 0.997624143 0.000770687
0.034732475 0.996886237 0.000770616
0.03612134 0.997137812 0.000770555
0.037510206 0.99894672 0.000771197
0.038899071 0.998220875 0.000770858
0.040287937 0.997947043 0.000770687
0.041676803 0.998799992 0.000770794
0.043065668 0.997726593 0.000770657
0.044454534 0.99820407 0.000770426
0.045843399 0.998266965 0.000770671
0.047232265 0.999061449 0.000770707
0.04862113 0.999614413 0.000771203
0.050009996 0.998216266 0.00077073
0.051398862 0.999008025 0.000770821
0.052787727 0.999681998 0.000771024
0.054176593 0.998484357 0.0007709
0.055565458 0.998883283 0.000771626
0.056954324 0.998459434 0.000770277
0.058343189 0.998456482 0.000770331
0.059732055 0.998507613 0.000770773
0.06112092 0.998516428 0.000770887
0.062509786 0.999146912 0.000770865
0.063898651 0.998376562 0.000770726
0.065287517 1.000652522 0.000770924
0.066676382 1.000194435 0.000771398
0.068065248 0.998686268 0.000770813
0.069454113 0.999886143 0.00077101
0.070842979 1.000418818 0.000771196
0.072231845 1.00063471 0.00077167
0.07362071 0.999643842 0.000771036
0.075009575 0.999558755 0.00077129
0.076398441 0.999763922 0.000770789
0.077787306 0.999595478 0.000771684
0.079176172 1.000077268 0.000771383
0.080565037 1.00037909 0.000771036
0.081953903 1.000388485 0.00077116
0.083342768 0.998908238 0.00077088
0.084731634 1.001369112 0.000771729
0.086120499 1.000031503 0.000771442
0.087509364 0.999142998 0.000771155
0.08889823 0.999787917 0.000771466
0.090287095 0.999761405 0.000771218
0.091675961 0.999625283 0.000771142
0.093064826 0.999879096 0.000771433
0.094453692 1.000231586 0.000771574
0.095842557 0.999660584 0.00077112
0.097231423 1.000599778 0.00077194
0.098620288 1.000170602 0.000771142
0.100009153 1.00202251 0.000771863
0.101398019 1.001394081 0.000771363
0.102786884 0.999708841 0.000771264
0.10417575 0.99960921 0.000771582
0.105564615 0.999423739 0.000771394
0.10695348 1.001042791 0.000771805
0.108342346 1.00006111 0.000771359
0.109731211 1.00059125 0.000771706
0.111120076 0.999341216 0.000771154
0.112508942 0.998783484 0.000771135
0.113897807 0.999929377 0.000771587
0.115286673 1.000598276 0.000771309
0.116675538 1.000313288 0.000771827
0.118064403 0.998832091 0.000771039
0.119453269 0.999542727 0.000771189
0.120842134 1.000605538 0.000771531
0.122230999 1.000367866 0.000771684
0.123619865 1.001106337 0.000771396
0.12500873 1.000691983 0.000771593
0.126397595 0.999415261 0.000771085
0.127786461 0.999077351 0.000770665
0.129175326 0.999983354 0.000771985
0.130564191 0.999359493 0.000771078
0.131953057 0.999454135 0.000771079
0.133341922 0.999565424 0.000771652
0.134730787 1.001109807 0.000771777
0.136119652 0.999073535 0.000771
0.137508518 1.001555446 0.000771663
0.138897383 0.99881112 0.000771568
0.140286248 0.999444737 0.000771455
0.141675114 0.999661016 0.000771141
0.143063979 0.999948516 0.000771156
0.144452844 1.000413892 0.000771628
0.145841709 0.99909268 0.000771323
0.147230575 1.000380111 0.000771743
0.14861944 0.998791046 0.000771418
0.150008305 0.999645914 0.000771765
0.151397171 0.999865521 0.000771323
0.152786036 1.00033244 0.000771191
0.154174901 1.000886639 0.0007716
0.155563766 0.99985102 0.000771209
0.156952632 1.000053505 0.000771579
0.158341497 1.00076275 0.000771835
0.159730362 0.998682595 0.000771362
0.161119227 1.000930869 0.000771926
0.162508093 0.999848402 0.00077118
0.163896958 0.999686929 0.000771549
0.165285823 1.000081568 0.000771649
0.166674688 0.999579321 0.000771057
0.168063553 1.000160399 0.00077159
0.169452419 1.000555394 0.000771774
0.170841284 1.000391181 0.000771668
0.172230149 0.99883407 0.000771231
0.173619014 0.999924025 0.000771384
0.175007879 1.000772465 0.000771394
0.176396745 1.000213419 0.000771519
0.17778561 1.000066343 0.000771333
0.179174475 0.999780761 0.000771514
0.18056334 1.000751048 0.000771427
0.181952205 0.999720127 0.000771217
0.18334107 1.002380368 0.000771931
0.184729936 1.001695312 0.000771761
0.186118801 1.000014148 0.000770957
0.187507666 0.998944596 0.000771118
0.188896531 0.999528107 0.000771474
0.190285396 1.000886008 0.000771569
0.191674261 0.999710135 0.000771195
0.193063126 0.998219249 0.000771386
0.194451992 1.000299364 0.000771183
0.195840857 0.998886857 0.000771214
0.197229722 1.001037523 0.000771458
0.198618587 0.99891707 0.000771099