-0.2392533494327189 1.0007766047346651 0.001097091636623222
-0.23854266133594138 0.9992267311621679 0.0010916097555476168
-0.23851266398583768 1.001376002398976 0.001052721308070549
-0.2378644602432629 0.9992689542832273 0.0010966391511086403
-0.23715377889811862 1.0005711912861317 0.0010919829850032183
-0.23712376757908446 1.001168626415224 0.0010529395792581385
-0.23647557105425962 0.998420414470363 0.0010963922950751636
-0.23576489646029586 1.0012489408859684 0.0010922314866882168
-0.23573487140516455 1.0017523991050523 0.0010534611873111788
-0.23508668186525905 1.000983050459361 0.0010972320454429177
-0.23437601425621324 1.0000796367135263 0.0010917437004215262
-0.23434597523078923 0.9998514946125678 0.0010521751212237797
-0.23369779267580304 0.999041819118538 0.0010970320259243711
-0.23298713181929998 0.9999817007196207 0.0010913666649534687
-0.23295707882312786 1.0005340834896093 0.001052719735770507
-0.23230890348679975 0.999973762909245 0.0010971905761125481
-0.23159824938193196 0.9998967014933042 0.0010913865316197146
-0.23156818264920528 0.9995850987890391 0.0010525541903249353
-0.23092001429779918 1.000858404312486 0.0010974864006479891
-0.2302093669450187 1.0003227125497869 0.001091736934992257
-0.23017928624245473 0.9996745603704518 0.0010519007956048428
-0.22953112510788776 0.9985955169238899 0.0010965248690594119
-0.22882048474093608 0.999515335682643 0.001090935479696076
-0.228790390067624 0.9988083127885433 0.0010520172778853438
-0.22814223591888447 0.9998133673795755 0.0010973428829111063
-0.22743160230356807 0.9985781923289619 0.0010913594092744965
-0.2274014936613262 1.0016434514793269 0.0010525154432250623
-0.2267533467298839 1.0000762627371143 0.0010974231488577076
-0.2260427198666548 0.9993833660227823 0.001091808186933678
-0.22601259748740632 0.9988632563204141 0.001052047871859399
-0.2253644575404252 0.998725074496863 0.0010968027450788185
-0.22465383742974154 1.0005987879045082 0.0010914445635634281
-0.22462370108019766 1.0003841472455581 0.0010523778619893512
-0.22397556835142463 1.0001603930141627 0.0010977936862050202
-0.22326495522474943 0.9995584516338839 0.0010912812613546117
-0.22323480490627776 1.000151253689267 0.0010524540330026253
-0.22258667916242134 0.9999249926870851 0.0010968555991990197
-0.22187607278783616 1.0002565241713834 0.0010918582674077934
-0.22184590873235518 1.0014831627710052 0.0010532662998834616
-0.22119778997296533 1.0004404929132393 0.0010974127003622678
-0.2204871903509229 0.9996144434754706 0.0010913983776870352
-0.2204570123246938 0.9987918134634367 0.0010523108076105978
-0.21980890078396476 0.9987975302865203 0.0010968132443441353
-0.2190983079135549 1.0001752285689798 0.0010915538037980018
-0.2190681161507739 1.0006452341950998 0.0010527445308192006
-0.21842001159496147 1.001212296681844 0.0010984693101740925
-0.21770942547664163 1.0016031507532688 0.0010923218315973516
-0.21767921974402069 0.9996480722883955 0.0010522635783306456
-0.21703112240505004 1.0014874709089407 0.0010978047270754107
-0.21632054327301375 0.9990554004168897 0.0010906930255186716
-0.21629032356918995 0.9997625529562336 0.0010524233783302634
-0.21564223321604947 0.9985755253286943 0.0010965061579374666
-0.2149316608361005 1.0005123314166797 0.0010914844441838882
-0.21490142739527004 1.0000494688594126 0.001052743332849373
-0.21425334402704618 0.9999482490007675 0.0010969794441960568
-0.21354277839918723 0.9993200533944046 0.0010914061412252319
-0.21351253098851683 1.0000457737643618 0.001052566323904812
-0.2128644548375902 0.9995133280912117 0.001097093927089656
-0.21215389596227396 0.9991537331525961 0.0010910675764611456
-0.2121236348141415 1.0002215888312553 0.001052432523168787
-0.2114755656485869 1.0025867778444377 0.0010979643701146168
-0.21076501352490595 0.9992787815628434 0.0010911969062903004
-0.21073473840693555 1.0021706830839647 0.0010536960990789109
-0.21008667645958634 1.002142202364316 0.0010978445010928618
-0.20937613132082333 1.000219827983411 0.0010916998417870346
-0.20934584223301297 0.9998292533729759 0.0010523498235364898
-0.20869778727013033 1.000238837634587 0.0010969031562801808
-0.20798724888391007 1.0030323580071971 0.0010925034711805584
-0.20795694582626242 1.0006058542950815 0.0010527005183433324
-0.20730889808112704 1.0015914844818488 0.0010978350289696324
-0.20659836644654206 1.0011606067963001 0.0010920677756354712
-0.2065680496514317 0.9999151328296372 0.001052559036842841
-0.20592000889212647 0.9995788409301749 0.001097352660653345
-0.2052094840096288 0.9990651243642694 0.0010908561191139091
-0.20517915347750912 0.9992180271064071 0.0010521824264658817
-0.20453111970221505 1.0000001192381802 0.0010970166417299885
-0.20382060157271553 0.9990246662344433 0.0010907744986743914
-0.20379025707075857 1.00221737101541 0.001053947750558276
-0.20314223051321176 1.000352216753761 0.0010973407875421745
-0.20243171913489277 0.9994877446147618 0.0010912566368484838
-0.20240136089638058 0.9988924354845458 0.0010519936911837292
-0.2017533413242112 0.9976993614490959 0.0010961148763855401
-0.20104283693081015 1.0003548440262906 0.0010914659812364224
-0.20101246448963003 0.9983825366402532 0.0010518250500540546
-0.20036445213429976 1.0000683178034526 0.0010976076123142304
-0.1996539544938969 1.001770421496938 0.0010924917838369059
-0.19962356831571015 0.9978098040487127 0.0010514777140156807
-0.19897556271246583 1.0004848525748307 0.0010977384422604253
-0.19826507205652888 1.0009240197326077 0.0010919516909704162
-0.19823467214133214 1.0002790409050604 0.001052487695000841
-0.19758667352346526 1.0007867986653873 0.0010976133029871164
-0.19687618961961562 0.9985038384293332 0.0010907770168705033
-0.1968457757345816 0.9996995270023439 0.0010518290360713603
-0.19619778433446197 1.0004106271351807 0.0010970916316344927
-0.19548730718270235 1.0002119607874926 0.0010914582596696083
-0.19545687956065902 1.0007340518038677 0.0010529352124048438
-0.19480889514455055 0.9992734610468826 0.0010966630936126394
-0.19409842474533434 0.9993840888323557 0.0010912199716855509
-0.19406798315299764 0.998857164377996 0.0010520252687612336
-0.19342000595554998 0.9993035800705863 0.0010971045286625506
-0.19270954230842108 0.9995734539583604 0.0010909327558972254
-0.19267908697907773 1.0020419032927046 0.0010533431127357534
-0.1920311167665467 1.0000408358459798 0.0010967833842579185
-0.19132065987150781 0.9984551207757227 0.0010905660671313743
-0.19129019080515516 0.9994739428294797 0.0010521597315719992
-0.19064222757663526 0.9994049290379964 0.001096235268536055
-0.1899317776665157 1.0004961077624979 0.0010911382050543385
-0.1899012943974938 0.999754367163526 0.0010523708233553684
-0.18925333815480405 0.9993899669867994 0.0010959264897252986
-0.18854289522960244 1.0007530087716312 0.001091094097850429
-0.18851239822402663 1.0006432260030638 0.0010527091789181932
-0.18786444896580076 0.9991068411070806 0.0010967997315634852
-0.18715401279268917 0.9996827121642601 0.0010908767118000616
-0.18712350205010672 0.9993651346791635 0.0010524146677009796
-0.18647555977634478 1.0011258709403141 0.0010977723729066983
-0.18576513035486641 1.0008613625860834 0.0010915206148397914
-0.18573460564290076 1.0020999247149578 0.0010531987979182382
-0.1850866705873415 0.9984251046522012 0.0010966094201110845
-0.1843762479184079 0.9998103870577753 0.0010910079916177488
-0.18434570946807002 1.0012854293025206 0.0010527121764274958
-0.18369778139834092 0.9991805532925631 0.0010963761782117438
-0.18298736548149463 1.000735411365703 0.001091438566892659
-0.1829568130613168 0.9987588478790475 0.0010519029948954795
-0.18230889197605427 1.0012253105410749 0.0010970766908441885
-0.18159848304412662 0.9999464676710635 0.0010912386228897801
-0.1815679168873969 0.999563424051992 0.0010517910115644064
-0.18092000278705098 1.000758087739773 0.00109773524138173
-0.18020960060721336 0.9988203025748044 0.0010901538769691826
-0.18017902071256617 0.9986373661155157 0.0010520481565489308
-0.1795311135980504 0.9994873067891789 0.0010960453314171126
-0.1788207181703001 0.9999879583645551 0.0010909525645255804
-0.17879012430581295 1.0007557878188265 0.0010518796857250845
-0.17814222440813898 1.0000557415229216 0.0010971790537992736
-0.17743183573247734 0.9981789534156517 0.001090123801048455
-0.17740122813189305 1.0001420548157596 0.0010529841382227322
-0.1767533352191357 1.0006192961914595 0.0010970156567457858
-0.17604295329556408 1.0039478006144273 0.001092607622410815
-0.17601233195751506 1.0004715720247315 0.0010523298959145082
-0.17536444579730448 0.9996112455148815 0.0010970993727347123
-0.17465407109148146 0.9990808860239653 0.0010909318210933737
-0.1746234355507645 1.0010804613591455 0.0010525983127027503
-0.17397555660784578 0.999758628710629 0.0010963858581983317
-0.1732651886536587 0.9998434548384497 0.0010912438187463368
-0.17323453937684463 1.0001562491247487 0.001052122296605592
-0.1725866674188452 1.0010849284364511 0.001097000454164754
-0.17187630621674543 0.9994731817811392 0.0010906377076936266
-0.17184564296963598 0.999642623923447 0.0010526538276217322
-0.17119777822984192 1.0012059563633364 0.0010964607192650425
-0.17048742377983217 1.0000056039422183 0.0010909967746182672
-0.17045674679571607 0.9990377690831738 0.0010518652934375207
-0.16980888880755526 0.9997051629683973 0.0010962223934537596
-0.16909854134246416 1.0003912114426903 0.0010910419025789311
-0.1690678506217935 0.9989524134182622 0.0010523570921575826
-0.1684199996185547 0.9987774854888994 0.0010968521126884403
-0.16770965890509615 1.0010664287074404 0.001091632255491947
-0.16767895421413212 1.000834704841312 0.0010526260337041134
-0.1670311104295514 1.000083695562043 0.001096453451601402
-0.16632077646818288 1.000337437591931 0.0010921027840121592
-0.1662900580402122 0.9995928983740607 0.001052859600811855
-0.16564222100680934 1.000514582991053 0.00109709558397688
-0.16493189403126962 1.0006296321799815 0.0010912209131961927
-0.16490116186628964 0.9999567347333799 0.0010525578095251405
-0.16425333181780877 0.9999188063508218 0.0010966216776402287
-0.16354301159344686 1.001148200495755 0.0010921076062887333
-0.16351226545908368 1.0004645961743879 0.0010521314034833032
-0.16286444262880548 0.9997208290667315 0.001096083592059253
-0.1621541291565336 0.9992671609216721 0.0010905608531055905
-0.16212336928470836 1.0002086993169657 0.0010522829063385236
-0.1614755532060634 1.0001462328033384 0.0010958791789391737
-0.16076524671962034 1.0000212841509268 0.00109126989524084
-0.16073447311078579 0.9999507749547737 0.0010523963667163963
-0.16008666401751556 1.0011719524749694 0.0010966484114929079
-0.15937636428225233 1.0015889257994723 0.0010919931365601565
-0.15934557670403524 0.9997912399690299 0.0010520785722801364
-0.158697774828515 0.999526245645478 0.0010956972478743947
-0.15798748184533906 1.000245515218575 0.0010908948813594507
-0.1579566805292045 0.9981225250274375 0.0010519689103621911
-0.15730888540622834 1.000305524084091 0.001095959833344809
-0.1565985994084258 1.000638413890856 0.0010914301565187196
-0.15656778435619276 1.0002625755262209 0.0010524513656087681
-0.15591999621722505 0.9992323417285313 0.0010958105535694262
-0.1552097169710578 1.0021619596457252 0.001091885954825167
-0.15517888795035037 0.9994268732044719 0.001052416448943145
-0.15453110702822448 0.9999892693123018 0.0010959207333563607
-0.15382083453414452 0.998004730909053 0.001090262766486264
-0.15378999177551964 0.9997451702430835 0.001052424133431328
-0.1531422176054824 0.9996563780385267 0.001096223578659085
-0.15243195209723126 0.9994345542109226 0.0010906808075140018
-0.15240109560159706 1.001628865605834 0.0010530111376710273
-0.15175332841647912 0.9987515327883009 0.0010956557575966953
-0.1510430696594085 0.9994340749820838 0.001090876138728839
-0.1510121991948465 1.0003189564925943 0.0010529701970408561
-0.15036443922747855 0.9996045090263332 0.0010955132386638988
-0.14965418722249524 0.9989154850432033 0.001090623947308015
-0.14962330302001578 0.9996723413942833 0.0010528089002175849
-0.14897554980473648 0.9991621556672323 0.001096065893596691
-0.14826530478558198 1.0010917333232532 0.0010912511092993726
-0.1482344068460932 0.9984963288755393 0.0010522590722141767
-0.1475866606157332 1.0003386807855796 0.0010957445971740514
-0.14687642234821396 0.9986752601752289 0.0010905185375782165
-0.14684551043934266 1.0012906195629463 0.0010533119499848565
-0.14619777119390198 1.0034602055498398 0.0010975156203250193
-0.1454875399113007 0.9988698024461659 0.001090658866128827
-0.14545661426496737 1.0003882123613395 0.0010523206250227957
-0.14480888200444328 1.0006269892989732 0.0010960741028827616
-0.14409865747438744 0.9999965419031016 0.0010910675341133807
-0.14406771809104477 0.9994674425382061 0.0010521173392345142
-0.14341999281498727 1.0007570179763452 0.001096364699021564
-0.14270977503701943 1.0004756688071563 0.0010911213157280624
-0.14267882168429155 0.9989372051732177 0.0010519216178832736
-0.14203110339315606 0.9993483809442503 0.0010958165561050564
-0.14132089260010616 1.0008445563735864 0.0010909502177393327
-0.14128992550991623 1.0001600784396274 0.0010525068475102082
-0.14064221420415277 1.000497570750614 0.0010957315210384907
-0.1399320101631929 0.999770332408661 0.0010913773141454368
-0.1399010293350855 0.9996980190478643 0.0010523756306094734
-0.1392533247814107 0.9996111099849881 0.0010953054547965288
-0.13854312772537014 1.0004057353871911 0.0010913654940983538
-0.1385121331611656 0.9994867434143793 0.0010525330986653541
-0.13786443559241013 1.0007290770709405 0.0010962807485676161
-0.13715424528845688 1.0024609519516645 0.0010918172034031194
-0.13712323675441238 1.0011225898378802 0.0010524619625547514
-0.1364755461705762 1.00102884749585 0.001096056198745053
-0.13576536285154361 0.9991601437092731 0.0010903498874040457
-0.13573434057958164 1.0008852742079346 0.0010532083336089759
-0.1350866569811202 0.9991141124410057 0.0010950230832911375
-0.1343764801808902 0.999265198215822 0.0010905683798974116
-0.13434544440611448 1.0011762389247831 0.001052514458781098
-0.13369776755928628 0.9988329968675023 0.0010947884464379606
-0.13298759774397695 0.9993199308960116 0.0010906313955845591
-0.13295654799936393 1.000785156243947 0.001053343260204856
-0.1323088783702857 0.9985847272768031 0.0010952038518798272
-0.13159871530706369 0.999876101418442 0.0010911664986239984
-0.1315676518249886 1.0008116221333372 0.0010525849094768357
-0.13091998894799906 0.9988623706357238 0.0010950867133851297
-0.13020983287015042 1.001049682319802 0.0010914368922701585
-0.13017875565106604 1.0016932220221135 0.0010531549684951041
-0.12953109975899577 0.9987814541834107 0.001094773981974966
-0.12882095043323716 0.9990687289261835 0.001090698151681216
-0.12878985947714613 1.0004095698693893 0.0010524950978414262
-0.12814221033716455 1.0004011971881497 0.00109578104585948
-0.1274320679963239 0.9987967800928995 0.0010901274884307843
-0.12740096306948476 0.9985068382196491 0.0010526201674361042
-0.12675332114725313 1.0004068054503463 0.0010958003210084339
-0.12604318555850114 1.0017030548079802 0.001091218157084581
-0.12601206689556219 0.9982172318913327 0.0010519187479832704
-0.12536443172633005 1.0005345818914946 0.0010954981531406001
-0.12465430312158787 0.9986768102469455 0.0010906160876086727
-0.12462317072164229 0.9992482557244138 0.0010525747604630906
-0.12397554253823762 1.0011866928462927 0.0010957318211749338
-0.12326542068467461 1.0003570329772544 0.0010909494303526326
-0.12323427431398092 0.9990630115634421 0.001051818979612381
-0.12258665311549555 1.0004264338420568 0.0010949247733988876
-0.12187653824685185 0.9994541940690083 0.0010906192012964352
-0.12184537814005833 0.9999048165564121 0.0010527079510896566
-0.12119776392649227 1.0016762385714462 0.0010955870519454487
-0.12048765580993859 0.9999907581308027 0.0010909465274242928
-0.12045648196613844 1.001833230281927 0.0010527919598252691
-0.11980887450466104 1.0010736793764539 0.00109520191292852
-0.11909877314019468 0.9984818863842124 0.0010902393045017157
-0.11906758579176312 0.9992143848921584 0.0010520175779517814
-0.11841998531474962 0.9995764742948875 0.0010952778497517071
-0.11770989070282667 0.9995322406905165 0.0010917537499449959
-0.11767868938455447 0.9998341860256369 0.0010528588553841084
-0.1170310958929157 1.000707652979572 0.0010951312123709046
-0.1163210082659134 0.9996900680031823 0.0010908875506136302
-0.11628979321063458 1.0013266389068658 0.001052974092067715
-0.11564220670391512 1.0011187341763095 0.0010949674291355063
-0.11493212582900014 0.9987049977166484 0.001090482085379401
-0.114900897036712 1.0003780031942522 0.0010525229928846948
-0.11425331728162577 1.000877133144876 0.0010947471864582927
-0.11354324339163213 0.9996636531595674 0.0010906786308048152
-0.11351200086188126 0.9995845634506911 0.0010528828310758102
-0.11286442785979454 0.9993631018757339 0.001095150808036544
-0.11215436095471887 1.0025857178649458 0.001091911337024706
-0.11212310445513073 0.99816199457533 0.0010516206884923825
-0.11147553867079127 1.0006603404217664 0.0010949524628986356
-0.1107654785178056 1.0002489961893923 0.0010906681103720328
-0.11073420828120814 0.998837954910314 0.0010523266442228729
-0.11008664924850463 0.9988703589621638 0.001094143976213316
-0.1093765958471522 0.999308999139901 0.0010909345545894555
-0.10934531210683282 0.9998311995755671 0.0010523394182771998
-0.10869776005950404 0.9989922905666554 0.0010946779656064518
-0.10798771341023894 0.9991697130892153 0.0010908358951113005
-0.10795641593291024 0.9988446751133793 0.001052421173574168
-0.10730887063767013 1.0011544771530403 0.0010950364271159372
-0.10659883097332568 0.9998969072103479 0.001091725587266675
-0.1065675195261597 0.9986252596264907 0.0010528003305391087
-0.10591998121492806 1.0003254166116802 0.001095056230225365
-0.10520994853595766 0.9997698447489543 0.0010912720066207796
-0.10517862335178439 1.0013261113275467 0.001053130776367311
-0.10453109202592747 0.9991734770823264 0.0010946009214821118
-0.10382106609858965 0.9993813232729597 0.0010905687289487582
-0.1037897271778618 1.0006469069852901 0.001052741017258701
-0.10314220260409356 0.9995234009705994 0.0010944776948061262
-0.10243218366167639 1.0016855012547647 0.0010908449533151092
-0.10240083100394191 0.998853703584711 0.0010516512232665448
-0.1017533131818069 1.0001174220160376 0.0010945412679943722
-0.10104330099193248 1.0007911149939426 0.0010912495645081296
-0.10101193459628054 1.0011235943000807 0.0010530130613590376
-0.10036442399280363 0.999488201988343 0.001095072475036876
-0.09965441855410972 1.0006827154688775 0.0010911800672409148
-0.09962303842235795 1.0013343151094958 0.0010530618692663866
-0.0989755345709724 0.9983314735507427 0.001094084661906017
-0.09826553611719646 0.9997667438224678 0.0010906219041160294
-0.09823414224843806 1.0006314274928645 0.001052463327782935
-0.09758664514868576 1.0012688576786106 0.0010951238540711091
-0.0968766536802832 0.9996736082842678 0.0010906381566225887
-0.09684524607406274 1.0008237886313354 0.001052718451629957
-0.09619775595968248 1.0000883251927246 0.0010951207066486565
-0.09548777124246044 1.000680747857898 0.001091489907012657
-0.09545634966730951 0.9991339424805237 0.001051736175521825
-0.09480886653785126 0.9996997135619256 0.0010947250363266077
-0.09409888857362603 1.0011303246308585 0.0010914203423115268
-0.09406745349338692 1.0008747976626546 0.0010530275129831573
-0.09341997711510919 1.001521175008821 0.001095530543625256
-0.09271000613762226 0.9980239522373133 0.0010904852761901582
-0.09267855731901162 0.9998101641756295 0.0010524764487190228
-0.09203108792519776 1.0014026140141732 0.0010949483814454897
-0.0913211236997995 1.0013256537346236 0.0010912750417465427
-0.09128966114418088 1.0015747961565062 0.0010530262823681819
-0.09064219850336384 1.0006865891434489 0.0010943952278850396
-0.08993224126288624 1.0016841183880458 0.0010915484396416355
-0.08990076473743035 1.0009926361546932 0.001052419802705798
-0.08925330908153262 1.0007734286028775 0.001094619946851044
-0.08854335882597297 0.9983907825851274 0.0010906020837417017
-0.08851186856350776 1.0013216518686032 0.0010530817495789815
-0.0878644196596987 1.001405364872894 0.0010946325507775515
-0.08715447615577432 0.9988862706743519 0.0010902509338165136
-0.08712297238867703 1.0024228321634645 0.00105402438868634
-0.08647553047069811 1.0018373882586538 0.001094982950493921
-0.08576559371886106 0.9998331758652169 0.0010904027534762591
-0.08573407621475714 0.9983521644438661 0.0010520607764743872
-0.0850866410488642 1.0011539351087029 0.0010951602569287259
-0.08437671128194779 1.0004044411108293 0.0010917838654431787
-0.08434518004083455 0.9996675178706683 0.0010523179211879487
-0.08369775162612213 1.0009296997006876 0.001094348526491791
-0.08298782884457978 1.0005847455938581 0.0010912427784794628
-0.08295628363362859 1.000746223169284 0.0010529537852670546
-0.0823088622042909 1.0011021764100139 0.0010948496484165537
-0.08159894617483587 1.001484954067274 0.0010916003686962637
-0.081567387459706 0.999163790641763 0.0010523986538200846
-0.08091997301528762 0.9998239090739006 0.001093518659446252
-0.08021006373792261 0.9992829087811034 0.0010905779820066623
-0.08017849128624153 0.9993435482317207 0.0010528917829245189
-0.07953108359254556 1.0031135116073722 0.0010957922435041443
-0.07882118130009985 1.0004591756624759 0.001091045853403395
-0.0787895951114108 0.999277363933792 0.0010517200865369583
-0.07814219417071433 0.9987592252441961 0.0010941390810596575
-0.07743229886318659 0.9979016056438985 0.0010900200957723264
-0.07740069893748822 1.0004062521806565 0.0010530435300484984
-0.07675330474888041 1.0006087556156158 0.0010945473629947143
-0.07604341619344268 0.9995274934251238 0.0010903757057969053
-0.07601180253073768 0.9987149280638982 0.0010522517186077798
-0.0753644155594244 1.0024250542961173 0.0010950681593657617
-0.07465453375607467 0.9996565806816686 0.0010906652855627917
-0.07462290635590695 0.9991502816257154 0.0010532416115676454
-0.07397552613759048 0.9992393955981603 0.0010937624704946964
-0.0732656513191614 0.9998784415420211 0.001090758409060614
-0.07323401018198436 0.9997229688784272 0.0010521799398433515
-0.07258663671575925 0.999032766986525 0.0010943196066810683
-0.07187676888224814 1.002014152608062 0.0010916756624777101
-0.07184511400806447 0.9987742406718515 0.001052343827814106
-0.07119774729347261 0.9994429545511558 0.0010937605447125251
-0.07048788621204949 1.0006591506975837 0.0010908132972511579
-0.07045621783368915 1.0013674872135532 0.001053122529600012
-0.0698088578716387 1.0012115810589899 0.0010942483734327354
-0.06909900377513623 1.0005490857397044 0.0010912423819685105
-0.06906732165931115 1.0001386066607827 0.0010527016384202033
-0.06841996868263811 1.0000459489352491 0.0010945351615999788
-0.06771012133822296 1.0006847871711644 0.001091808178237036
-0.06767842525256061 1.0018650389938477 0.0010536107270026763
-0.06703107925989604 1.0021382002611396 0.0010952519737563835
-0.06632123866756956 0.999882084335526 0.001090636874817685
-0.06628952907863803 0.9983682433056157 0.0010521609210924602
-0.06564218983806212 0.9992637910888648 0.001094079095164684
-0.0649323562306563 1.0018039033766504 0.0010915762431951174
-0.06490063290380729 0.9997060969079713 0.001052805735752802
-0.0642533004162309 1.001792794815562 0.00109468210826406
-0.06354347379374303 0.9991998259223084 0.001090680001456403
-0.0635117367298874 1.00172167269192 0.0010533689384570626
-0.06286441099394155 0.9987221514375975 0.0010935756308419744
-0.062154591355920275 0.998590964781254 0.0010904276160098128
-0.06212284055596481 1.0009677462726043 0.0010527021737305243
-0.06147552157211033 1.0001833847958121 0.001094485082659884
-0.060765708686631115 1.0011806020329876 0.0010914695703677154
-0.0607339443815895 1.0006242718565441 0.0010527757177005576
-0.06008663215027641 1.000571252314951 0.0010943580351203798
-0.05937682624971785 1.000339809053897 0.001091834948516697
-0.059345047974836265 0.9982841078348915 0.0010513445524096899
-0.05869774296082041 0.9993427995733764 0.0010937614880357329
-0.05798794381234984 0.9998532938335603 0.00109105819154752
-0.05795615180091638 1.001774865432036 0.001053122345853137
-0.05730885353898918 1.0002454252295903 0.001094280398060512
-0.05659906114260593 0.9994860245896336 0.0010904996634898967
-0.056567255626541066 0.9993370130322948 0.0010527592044518286
-0.05591996411715526 0.9995292940441061 0.001093818147546252
-0.05521017870569267 0.9996889789060953 0.0010908544445147811
-0.055178359452618474 1.0019270513026046 0.0010533892254001186
-0.05453107469441319 1.0001539020352093 0.0010943496322851779
-0.05382129626786991 0.9997802014809012 0.0010906822951608768
-0.05378946327869859 0.9999568148967481 0.0010521159311550215
-0.053142185272581965 0.9980703324566758 0.001093327859822237
-0.052432413598126004 0.9977478881404054 0.0010899343110148934
-0.052400567103867854 0.999246591403201 0.001052379235909034
-0.051753295850748046 1.000773441353254 0.001094473839412505
-0.05104353116121274 0.9999260378716386 0.0010906571822620423
-0.05101167092994526 0.999914989704999 0.001052251261188018
-0.0503644064284614 0.9992625962028197 0.0010935822875018264
-0.04965464872338998 0.9974189112911469 0.0010901695783433938
-0.04962277452319473 0.9985005885615372 0.0010518176919720062
-0.04897551700662748 1.0001229818601838 0.0010941859760463188
-0.048265766053646075 0.9989505811811132 0.0010905102658124157
-0.048233878348364 0.9978388899755086 0.0010517042707472194
-0.04758662758479625 0.9980937689718579 0.0010928164435837179
-0.04687688361673281 0.999072330295679 0.00109071179756346
-0.046844982173985986 0.9972309576618733 0.0010516289181737475
-0.046197738162509605 0.9987928483487654 0.0010940283288199527
-0.0454880011793648 0.9989527938914005 0.0010901720288968616
-0.0454560860000661 0.9978300935388097 0.0010518113120411864
-0.04480884873976754 0.9981723340208962 0.0010930956789733778
-0.044099118509620894 0.9994513442915762 0.0010908001036026914
-0.04406718982659893 0.99727616556965 0.0010515839198168338
-0.04341995931793362 0.997953918981291 0.0010936040896880107
-0.04271023607316238 0.9961627444294379 0.0010893621884695954
-0.042678293651768194 0.9986598807412905 0.0010518891321626214
-0.04203106989610239 0.9976301373146254 0.001092846498678234
-0.041321353402508976 0.9959519371901234 0.001089499559382946
-0.04128939747784831 0.996948663365672 0.001051115982673011
-0.04064218047336032 0.9977427374096631 0.0010927995932431532
-0.03993247096468622 0.9985053583361397 0.0010905787412712794
-0.039900501303925716 0.9998928891986154 0.0010520865107210375
-0.039253291051526404 0.9998187378440062 0.001093972439270108
-0.038543588527772954 1.0000362250169985 0.0010909471360555521
-0.03851160512909498 1.0003317383232069 0.0010527001054392879
-0.03786440162969518 1.0012058113422737 0.0010942396382017455
-0.03715470585802905 0.9989926997644478 0.0010905145039457145
-0.03712270872234445 0.9995800425565415 0.0010521470999150953
-0.03647551220740584 0.9986395663219301 0.0010935366785708848
-0.035765823420661036 0.9996362976605736 0.0010909187621003821
-0.03573381254933271 1.0000215133270947 0.0010524163364497607
-0.03508662278557461 0.9969922397964536 0.001092940173236688
-0.03437694075091713 0.9985534890503961 0.0010908574734471604
-0.034344916375410116 0.9981383492560371 0.0010519376060131804
-0.03369773336419611 0.9997976629896482 0.0010938685419128766
-0.032988058314003865 0.9973360053508765 0.001090382458969642
-0.03295602020149023 1.0001708399996736 0.0010528191836003985
-0.032308843941454043 0.9977350841514174 0.0010933285249171178
-0.031599175876635854 0.9991366337696878 0.0010909692985628413
-0.03156712402756764 0.9984272752024815 0.0010512834099166992
-0.030919954519622816 0.9994130111939268 0.0010943239680738484
-0.030210293206891947 0.999834061257833 0.0010906676706175522
-0.030178227852736907 0.9978361029889466 0.0010515064295896748
-0.029531065097788894 0.9998089587114986 0.0010938353137067522
-0.028821410769978684 0.9978141116622002 0.0010902636904220853
-0.028789331679272435 0.9979901026330183 0.001052032707406962
-0.028142175675046826 0.9997979955548348 0.0010937301747595085
-0.027432528099325282 1.0001948770323161 0.0010911730733614543
-0.02740043550534985 0.9976549917313821 0.0010517950749902997
-0.026753286253215602 0.9963483061653486 0.0010921892898152377
-0.02604364566241202 1.0009063074052842 0.0010913525886412463
-0.026011539330974536 1.0008728675018825 0.0010528338039606413
-0.02536439683138168 0.9989266025594116 0.0010934037868318928
-0.024654763225498755 0.9990484725628536 0.0010906049878872711
-0.02462264315705195 0.996279839774793 0.0010513200453934135
-0.023975507409095036 1.000577600783716 0.001093919389871502
-0.0232658805553001 0.9979392750452225 0.0010899167762301965
-0.023233746983132058 0.9982677260879598 0.0010514186172197143
-0.022586617987261113 0.998757581029178 0.001093100346680281
-0.021876998118386837 0.9982104843625799 0.0010899536518396797
-0.02184485057547068 0.9981180436214728 0.0010518730638060965
-0.02119772856542989 0.9991811296534593 0.0010932185837548053
-0.02048811544864293 0.9982479893044395 0.0010904137927301345
-0.020455954400639947 0.9988038827926707 0.001052518309737762
-0.019808839143143242 0.9989697609627601 0.0010935068515973132
-0.01909923301127492 0.9963265661177738 0.0010902053249728315
-0.01906705822671736 0.9978258922116449 0.0010521756745756597
-0.01841994972130932 0.9990266571809872 0.0010939483780823202
-0.01771035034153101 0.9992591777339603 0.0010906497435195167
-0.01767816205279747 0.9988533157637336 0.0010522615553175089
-0.017031060299478096 0.9996303930071709 0.0010933210390345895
-0.016321467904617748 0.9985159264196177 0.0010904062275027316
-0.016289265878422155 0.9976819161966326 0.001051559905924456
-0.015642170643905384 0.9972282148265663 0.0010927315538471658
-0.014932585233964346 0.999783340635449 0.0010902934753909566
-0.01490036970449957 1.000175452219621 0.0010523844228076797
-0.014253281222071463 0.9993976887309676 0.0010938824255806586
-0.013543702797051083 0.998355266281981 0.001090135079228019
-0.013511473530576983 0.9974657023863437 0.0010519360880912796
-0.012864391800240238 0.9983215614355382 0.0010931139470620529
-0.012154820127307175 1.0011991345854976 0.0010909652594274946
-0.012122577356201671 0.999018220654125 0.0010517057941984828
-0.011475502377950897 0.9985083248623837 0.0010939587585635368
-0.010765937689484417 0.9988907570007488 0.001090484207944967
-0.01073368118228178 0.9989977576896012 0.0010520658243433397
-0.01008661295611967 0.9975863422425488 0.00109323861523842
-0.009377055252571154 0.9987210905442298 0.001090595369777058
-0.009344785008359193 0.998706937209678 0.0010523726532569414
-0.00869772353428575 0.997796718834866 0.0010929776653734599
-0.007988172582827247 0.9977448088600385 0.0010907206202180881
-0.00795588883352846 0.9984017535001103 0.0010518735663015818
-0.007308834111999103 0.9972412638979877 0.0010928894218261982
-0.006599290145913983 0.9976160430085619 0.0010901586477299365
-0.006566992659608567 0.9984498344877651 0.0010518038048633416
-0.005919944457337233 0.9965540413369962 0.0010925376399005067
-0.005210407476170076 0.997993422448926 0.0010904395770405405
-0.005178096485685981 0.9977181975016115 0.0010518644237795158
-0.004531055035503313 0.9970150235264382 0.001092661114197293
-0.0038215250392568123 0.9993123819507582 0.0010908521967696737
-0.003789200311310668 0.9985942737893944 0.0010522079203059919
-0.003142165613672087 0.9987327741438008 0.0010932124422132448
-0.0024326423686034104 0.9983897628231182 0.0010903297004879319
-0.0024003041373907765 0.9992039255572538 0.0010526103193475985
-0.0017532761922935875 0.9986813904051728 0.0010934744935948686
-0.001043759931690147 0.9962382209113915 0.0010897668027878668
-0.0010114079634681898 0.9987301890233569 0.001051832200885691
-0.0003643867709150881 0.9995089894478054 0.0010932448748764655
0.00034512273805376026 0.997346969143464 0.001090692910556917
0.0003774882109071229 0.9986794490380952 0.0010519249485133851
0.0010245026518269798 0.9982933226015515 0.0010934293661779564
0.0017340054087071621 0.9991915506412244 0.0010907282691375668
0.0017663843857378568 0.9986322257326548 0.001052243065271516
0.0024133923064888494 0.9981523860085159 0.0010928762430813719
0.0031228878456204257 0.9974592995436897 0.0010906313551775051
0.0031552805596604433 0.9976362025564256 0.001051265890890183
0.0038022817283227695 0.998071312668159 0.0010931936066927426
0.004511770515364333 0.9980481891211215 0.001090008497240051
0.004544176733580335 0.9984387216832148 0.0010520923677258174
0.005191171151064837 0.9996353703669122 0.0010933308165437443
0.005900652952732344 0.9977880328946372 0.0010903927006319122
0.005933072908411069 0.9970332992611015 0.001051345570800475
0.006580060573351484 0.9982726310487496 0.0010940926718432937
0.007289535622476251 0.9984312284109358 0.0010911853600831594
0.0073219690818782344 0.9992956346066102 0.0010526637565352645
0.007968950228016048 0.9980960421256244 0.0010923850576746233
0.008678418059389514 0.998302404684449 0.0010905191911481866
0.008710865255800821 0.9979745513720704 0.0010514069739822676
0.009357839649847275 0.9992035502686435 0.0010934162613206462
0.010067300729588169 0.9986698765023251 0.0010905463991480312
0.010099761430176133 0.9981013653343069 0.001051800637608544
0.01074672907213392 1.00008066844879 0.0010935142244859362
0.011456183166501432 0.9966981188977172 0.001090302429245962
0.011488657604096024 0.999319654387796 0.0010529658551761305
0.012135618493967841 0.9985591739496544 0.0010930808262535866
0.01284506583624534 0.9976209635423728 0.0010904155666663518
0.012877553778018611 0.9992844104461188 0.0010520506203274675
0.01352450814862971 0.9975777479703115 0.0010929988756210283
0.014233948274068098 0.9975482402957604 0.0010905814484792557
0.014266449952849345 1.0013751317969763 0.0010528827900568598
0.014913397571371778 0.9988277971028733 0.0010930082215979818
0.015622830943812005 0.9995151061716374 0.0010906586064502069
0.015655346126769238 0.9997849584656102 0.0010529119754886188
0.0163022869932057 0.9984425343591972 0.0010926088332103999
0.017011713613555912 0.9987808985261019 0.0010907483389439104
0.017044242300691823 0.9991088868825239 0.0010518037414485285
0.017691176415036924 0.9982819876570299 0.0010932478153332173
0.018400596050923923 0.9967808474340273 0.0010896979503139672
0.018433138475522557 0.9967750261194945 0.0010512677703072922
0.01908006607015691 0.9986610735354251 0.0010926574549614345
0.01978947872066783 0.9995349637157827 0.0010909842729526769
0.01982203464944245 1.0001827900293205 0.001052653801571568
0.020468955491988135 0.9964389536892367 0.0010925937897102926
0.021178361157581094 0.9988482139140725 0.0010910138079922988
0.021210930823365035 0.9985467371318874 0.0010521671874084183
0.021857844913822057 0.998887240837341 0.0010926295704624758
0.022567243827779748 1.0003342089213023 0.001091317542751724
0.02259982699774035 0.9993458398734638 0.0010523416495968076
0.02324673456893935 0.9992727590950435 0.001092942726026913
0.023956126264693012 0.9977075747977303 0.0010901829818769423
0.023988723172115662 0.9982374347115129 0.0010517222175727486
0.024635623990770572 0.9989576765267725 0.0010930105277883267
0.02534500893443692 0.9978971518826854 0.0010904676222376383
0.025377619346038247 0.9987553418885436 0.0010520835123444983
0.026024513412604495 0.9992172740325662 0.001092266704506882
0.02673389160509032 0.9976750982173197 0.0010901321431875572
0.02676651551995814 0.9965947626525444 0.0010507946302405055
0.027413403068177206 0.9978723808497503 0.0010920672671208926
0.028122774042003584 0.9984891819337367 0.0010907362715888301
0.028155411694788874 0.9998598697031762 0.0010524658431963207
0.02880229249000843 0.9973015391409744 0.0010918635228069889
0.029511656710837997 1.0000618374134083 0.001091003909570776
0.02954430786871146 0.997841143479174 0.001052056644209454
0.030191181911842353 0.9999579579097616 0.0010927554024168949
0.03090053914775126 0.9974838197371454 0.0010906656372882792
0.030933204042631352 0.9975638087409796 0.0010515649149597703
0.03158007156741506 0.9989574374410227 0.0010927652146677518
0.03228942181840466 0.9983255583957995 0.0010900558492478365
0.03232210021700666 0.9985697143761232 0.0010518583425329611
0.03296896098924629 0.9983953621021895 0.001092593375459282
0.03367830448814857 0.9988827025323556 0.0010908028327132684
0.03371099639092925 0.9979722107219644 0.0010516997672851518
0.03435785064391085 0.998776220231397 0.0010927211447604747
0.03506718692506183 0.9978990410470852 0.0010905917055051345
0.03509989256485184 0.9990683457887676 0.0010521118104521684
0.03574674006574208 0.9969488672403608 0.001091513902017418
0.03645606959526049 0.9980657229348096 0.001090303036732123
0.03648878850639651 0.9981085390530199 0.0010515273097122507
0.037135629487576 0.9991416453807224 0.0010924276570491085
0.037844952265004395 0.9988440844498345 0.001090554255287763
0.037877684680316395 0.9990785582399553 0.0010515563802405723
0.03852451914223787 1.0000293090049983 0.0010924180246436163
0.03923383470191766 0.9976648430444606 0.00109016184908971
0.03926658085423899 0.9992735472272976 0.001051783803982977
0.039913408564979935 0.9964345433767985 0.0010913724169237954
0.04062271737211631 0.9981013276696926 0.001090430414772937
0.04065547702906972 0.9980676010711489 0.0010513735640407923
0.0413022982196445 0.9987489778546446 0.0010922607780189074
0.04201160004186022 0.9981918236843379 0.0010903174407641478
0.04204437320298961 0.9977816874552199 0.0010514031002980637
0.042691187641475725 0.9987038601345501 0.0010926804609789913
0.04340048247877348 0.9994210199810267 0.0010906776343402153
0.0434332693769122 0.9967357111150706 0.001051118578636297
0.04408007706421779 0.9990627082285356 0.0010919048877491885
0.044789365149426885 0.9993400698762672 0.0010907951889514093
0.04482216555174293 0.9985871894142854 0.0010519062527785273
0.045468966718882356 0.9998202116197814 0.001092318514028993
0.04617824758634015 1.0005923271540382 0.001090888409478734
0.04621106172566282 0.9992621848201931 0.001052237738775533
0.04685785614071358 1.00026752383325 0.001092179751672802
0.047567130256084056 0.9986014327545104 0.0010902111086169546
0.04759995789958541 0.9990822372745239 0.0010517729083629151
0.048246745795833566 0.9973733323471857 0.001091234655016159
0.04895601292628271 0.9985564306320155 0.0010904778074972716
0.0489888540735053 0.9987667039487107 0.0010518874179948577
0.04963563521766479 0.998004089494237 0.0010913949103072752
0.05034489559602662 0.9991584452794727 0.001090933699812386
0.05037775024833603 0.9988660951353058 0.0010522781514462703
0.051024524872329356 0.9994463343548783 0.0010915312947037776
0.05173377803293988 0.9992862535905153 0.0010905623744571682
0.05176664618942798 1.0007905620021567 0.001052387305311108
0.052413414294616004 0.9968998580406503 0.0010913365312668667
0.053122660703138536 0.9988821558927722 0.0010903002593568363
0.053155542363347866 0.9997263559275495 0.001052425104037995
0.053802303949277874 1.001868234377083 0.0010922290537718493
0.05451154337288244 0.9993157063001374 0.001090350401859022
0.0545444385381786 0.9987956529906986 0.0010516949962515389
0.055191193371111794 0.9981836528428537 0.0010917827871812244
0.055900425809795706 1.000330753288801 0.0010909583430119996
0.055933334712103884 0.9995546731125433 0.0010519933040676168
0.056580083026684505 1.0012304739334625 0.0010920460828915577
0.05728930848044911 1.0000318679506919 0.0010911401616527743
0.05732223088602108 1.0021746918289376 0.0010528755995550102
0.05796897244897115 1.002028481198217 0.00109214275780458
0.058678191150193015 1.0017334967576503 0.0010913333891597614
0.05871112706039639 0.9995933117676955 0.001052248743080408
0.059357862103635715 1.0007739515967222 0.0010923080120613814
0.06006707358710628 0.998800925283905 0.001090382850956763
0.060100023234318976 0.9998703012504526 0.001052038489963992
0.06074675152546694 1.0004836344703154 0.0010919334755131508
0.06145595625775968 0.9983837799869214 0.0010904861990226986
0.061488919175410925 0.9993104216164332 0.001051916702606525
0.06213564118058423 1.0005356239990435 0.001091333176512769
0.06284483892750359 0.9981459423767503 0.0010902416686543227
0.06287781534978623 0.9989850596644579 0.001052281472603087
0.06352453060241815 1.0012557659733985 0.0010919306329016279
0.0642337215972475 1.000332184406353 0.0010909697516998387
0.06426671152370882 1.000158273039526 0.0010523182233889978
0.06491342025708002 1.0003991202226157 0.0010917337788235466
0.06562260403416076 0.9995240012840789 0.0010902553322287441
0.0656556076976314 0.9999099699393075 0.0010523545084475633
0.06630230967982209 1.0005999046968643 0.0010913830024070381
0.06701148670390467 0.998583131977329 0.0010895373070132226
0.06704450387245944 0.9978190444369515 0.0010517541985432975
0.06769119933448665 1.0006733537580088 0.0010916192793697242
0.06840036937364857 0.9991160410314928 0.0010905804296155199
0.06843340004638203 0.9981984813570559 0.0010515224143206974
0.06908008875631788 0.9994213664987485 0.0010906616642029267
0.06978925181147133 0.9989499736224774 0.0010897700831125963
0.06982229622030461 0.9994476741820972 0.001051907551936729
0.07046897841189059 0.999730349610804 0.0010908822238973979
0.07117813448121524 0.9995198366898188 0.001090244239281191
0.07121119216184929 0.999335493054984 0.0010524289926544905
0.07185786806609974 0.9996877354885432 0.0010905897878863676
0.07256701715095915 1.0007239326786197 0.001090328492323165
0.0726000883362246 0.9989374269340516 0.0010523853105527871
0.07324675748793366 0.9990311146566039 0.00109067470483097
0.07395589982161255 1.0002226245861148 0.0010911267659589633
0.07398898451014718 0.9981737370180357 0.0010523348774213643
0.07463564714305095 0.9983530384656424 0.0010901584935776305
0.07534478225852581 1.001116153769232 0.0010909140226567186
0.07537788068406438 1.0003507197416477 0.0010525128201076084
0.07602453656488217 0.9979033405491898 0.0010899077454068773
0.07673366492826972 0.9988618299787055 0.001089713088403548
0.07676677685889781 1.0015017431089495 0.001053070107236824
0.07741342621954674 0.9998699447823878 0.0010900798693053288
0.07812254759846837 0.9998014947717265 0.0010902435872867159
0.07815567279998975 1.0008230370521995 0.0010526639578018607
0.07880231587511945 0.9997128770026592 0.0010901246190422684
0.07951143026821228 1.0011110221187516 0.0010903777842286284
0.07954456897390695 1.0010799935831 0.0010527002416632198
0.08019120529695067 0.9988882246056581 0.0010903476198945573
0.08090031293795619 1.0000018987475883 0.0010912808274996441
0.08093346514874038 0.9994773722494564 0.0010523342517512085
0.08158009495161524 0.999323039097764 0.0010898530752616173
0.0822891953753242 0.9998688554099028 0.0010901899217890074
0.08232236132220486 0.9991346156807552 0.0010527279956228956
0.0829689843743573 0.9994462649167404 0.0010900527900025254
0.0836780780450681 1.0008878463948203 0.0010907363641347184
0.08371125749612744 0.9987890592632066 0.0010522329212609089
0.08435787402901918 1.0003452014650203 0.0010900342029859014
0.08506696071481201 0.9985942145460951 0.0010897932026300433
0.0851001534376721 1.0022123420473665 0.0010533731245772411
0.08574676368368374 1.0000680201297694 0.0010901745380776445
0.08645584338546541 1.0001955659762085 0.0010901182119123305
0.08648904961159469 0.999478782153161 0.0010522569519284856
0.08713565310597039 0.9998210632081336 0.0010899779355293406
0.08784472605520932 1.0007335796115755 0.0010903488030098336
0.08787794578505917 0.9997331757399042 0.001052854505541762
0.08852454276063496 1.0007407918952937 0.0010900569135478349
0.08923360849212258 0.9994100073473385 0.0010900477040484038
0.08926684195898175 0.9978406408582089 0.00105189372813109
0.0899134324148414 0.9979849254161295 0.0010894969504576077
0.09062249116232124 0.9993350839190648 0.0010897725680623304
0.09065573813290434 0.9973899632753352 0.001051351867666742
0.09130232183758347 1.0014257137295417 0.0010902624854331332
0.0920113738325199 1.0004108667165121 0.0010898696255277058
0.0920446340739909 0.999550335695181 0.0010521701085922717
0.09269121149224803 1.0015053539655665 0.0010898173200191953
0.0934002565022638 0.9987026044529749 0.0010890257849059176
0.09343353024837159 1.0015356697410427 0.0010530177951571231
0.0940801011469099 1.0007915987476792 0.0010896899946680877
0.09478913917200771 0.9999223925460127 0.0010900502345092215
0.09482242642319963 1.0014283751053195 0.0010526300447168775
0.09546899056965197 0.9990680775490142 0.001089270215091743
0.09617802160983047 1.0006375593256225 0.0010893699509292116
0.09621132259712221 1.0004330205009522 0.0010528886673734487
0.09685788022431653 1.000934551695945 0.0010897195762978186
0.09756690427957437 1.0001353701604945 0.001089655444755056
0.09760021853821416 1.0007712888414135 0.0010525110613901698
0.0982467698789784 0.9994130250615111 0.0010888360985742357
0.09895578694931828 1.0007402848418647 0.001089628476325519
0.09898911471258948 1.0012276806466516 0.0010527418580413201
0.09963565953409839 1.0005048959407679 0.0010891082228503385
0.10034466961997168 1.001914730044881 0.0010904773365566203
0.10037801088650668 0.9998786615486791 0.0010522935742261158
0.10102454895592962 0.9996884766029 0.0010889218502561394
0.10173355228926084 0.9996353014161071 0.0010896353072654122
0.10176690706042926 1.0007643888482902 0.001052490947354372
0.10241343861059418 1.0022160265544062 0.0010900490437823064
0.10312243495900475 1.0008177514660273 0.0010898632467078917
0.10315580300197393 0.9987317726588064 0.0010522072295990911
0.10380232826571147 0.9988790145867593 0.0010894974003704467
0.10451131739637276 1.001023782587541 0.0010899091060987255
0.10454469917589651 0.9994583185382598 0.0010522466387991847
0.10519121792037334 1.0007850223295307 0.0010894495229122022
0.10590020006611667 0.9992736140559167 0.00108912378387732
0.1059335953498191 0.9985798442900491 0.0010517799147823138
0.10658010734220726 1.0004278333587577 0.0010889487085730544
0.10728908273586057 0.9988722248253612 0.0010890966019274952
0.10732249152464714 1.001006015951551 0.001052638428808101
0.10796899699777997 1.0001372865746665 0.0010895298573411864
0.10867796540651398 1.0011324388282727 0.0010895110810042507
0.10871138746573908 1.0022214707526218 0.0010530832367938588
0.10935788665289727 0.9975267418172168 0.0010879418350646956
0.11006684807625788 1.0004527781591501 0.0010888931419847326
0.11010028363966166 0.9978745912274293 0.0010510665764392043
0.11074677630756183 0.9985161803760965 0.0010878691842226057
0.11145573074600179 0.9988551349231601 0.0010889059416643431
0.1114891798144897 0.9993703366770751 0.0010522539149533149
0.11213566572939306 1.0004801231175406 0.001088207639492636
0.11284461341665519 0.9987250388163857 0.0010882240929315308
0.11287807575558165 1.000295969992481 0.0010525185148123266
0.11352455538451034 1.0012446063382523 0.0010881726734213296
0.1142334960863991 1.0002372170617195 0.0010892275281099834
0.11426697192950423 1.0012989126061989 0.0010531734153224484
0.1149134450391749 1.0003304976744147 0.001088524832661707
0.11562237852331236 0.9984469545553863 0.0010885444752271366
0.11565586810387955 1.0009797018507056 0.0010526947520614683
0.11630233469383677 1.0007304485197135 0.0010884398263373994
0.11701126119351102 1.0003064984528118 0.0010891358160686746
0.11704476404542422 1.0003486605296852 0.0010525164130454347
0.11769122434940948 0.9996824356133288 0.001088186843458582
0.11840014386325493 1.0003839464592625 0.0010892494257347387
0.1184336602193468 0.9986075571093498 0.0010516860591541781
0.11908011377033256 1.0000005961436658 0.0010882736519626838
0.11978902653254409 0.9993410846705006 0.00108872516603301
0.11982255639326939 1.0004596398430978 0.0010525124086218469
0.12046900342454171 0.9993985481815129 0.0010877269261868568
0.12117790920319749 0.9993590245774219 0.0010886283281714272
0.12121145256809743 0.9991220795735631 0.0010523233207864618
0.121857893079659 1.0014046449262464 0.001088422417109436
0.1225667918729414 1.0000069756065424 0.0010884250680866896
0.12260034850918937 0.9998306137159501 0.0010528472326813848
0.12324678273432356 1.0000194345117464 0.0010880520478133103
0.1239556745426853 0.9988833575136404 0.001088813200763364
0.12398924468311195 1.0015089862101618 0.0010528784975097378
0.12463567238898543 1.0003409397860037 0.0010884883833367424
0.1253445572133387 0.9970318633933356 0.001087433899704194
0.12537814085748727 1.000189294513177 0.0010529439778090327
0.12602456204455814 0.9986243726587881 0.001087193996504446
0.1267334398830826 0.9996505559505177 0.001088497523469571
0.12676703679857382 0.9998591014223008 0.0010526916510097792
0.12741345146639207 1.0028656660254602 0.0010885927594761952
0.12812232255282652 0.9987747016767347 0.0010888213161588654
0.12815593297249642 0.9994550590935755 0.0010523286072787368
0.12880234112105393 0.9988085173660114 0.0010869275886057155
0.12951120522302517 0.9995440652010016 0.001088401121674432
0.1295448289140411 0.9990196632381105 0.001052223284854703
0.13019123077617392 1.0009722778886934 0.0010881517796712426
0.13090008789276908 1.000329357786897 0.0010885847983613675
0.13093372508796366 0.9974584350845388 0.001051529844784362
0.13158012043083578 0.9990266463534412 0.0010873889517922567
0.132288970562513 1.0016156747519964 0.0010897846483099152
0.13232262126188626 0.9983156905710381 0.001051534285812928
0.13296901008550036 1.0007592738299367 0.0010875404308768695
0.133677852999881 1.0013459455759566 0.0010888872767300833
0.13371151720388366 0.9996127012070276 0.0010520661702193095
0.13435789974061765 0.9991569631381074 0.001087173629868365
0.1350667356696249 0.999328335689773 0.0010884305660460664
0.13510041337780623 0.9983691439799944 0.0010519178624956282
0.1357467893952795 0.998313743707167 0.0010862439359830103
0.1364556183393688 1.0013516224806138 0.0010890344192998978
0.13648930955172883 1.0011398502840865 0.0010531145733634678
0.1371356790499441 1.000901107196344 0.0010877346418455105
0.1378445010100222 1.0001216339953185 0.0010882677920499306
0.13787820549327348 1.000252717969845 0.0010522583351259024
0.1385245687055168 0.9985343789892998 0.0010869747389034682
0.13923338367976612 1.0006279080097773 0.0010884713017240788
0.1392671016676488 0.9975742584584758 0.0010519765903692733
0.13991345836017866 1.0000484089781245 0.0010879067360198805
0.14062226634951003 0.9976373026422369 0.0010872894248812079
0.1406559978415714 0.999460050856188 0.00105202626380375
0.14130234801484323 1.0017514300046226 0.0010881531783017509
0.14201114901970868 1.0002616945848302 0.0010879920967967068
0.14204489378266333 1.0007477889087157 0.0010524539325062992
0.1426912374375853 0.9991626175694829 0.0010870519344854666
0.1434000316894526 1.000330443177845 0.0010883931643726444
0.14343378995749137 1.0006195230709463 0.0010526374653239336
0.14408012709179444 0.9987786816940208 0.0010869047697827513
0.1447889143591965 0.9995239509211525 0.0010883380878988491
0.14482268589858333 0.9988364693804469 0.0010521219229186743
0.1454690167464563 1.0000379762079354 0.0010875957267227308
0.14617779702939515 1.0014217699482613 0.001088599913012364
0.1462115820725059 1.0003341410494841 0.001052712082337099
0.1468579064015736 0.9991626745409242 0.0010866755416383857
0.14756667969913906 1.0011688998234247 0.0010888223233288172
0.14760047824733394 0.9997339859925118 0.0010527669515459329
0.14824679605623817 0.9989286756738195 0.0010864410582037331
0.14895556236888297 1.00145665442433 0.0010878334966479657
0.1489893741884259 1.0003173339560805 0.0010529749065596337
0.14963568571090002 1.0002081840041355 0.0010876037149219343
0.15034444503862687 1.0004742030386797 0.0010877672477045157
0.15037827036234847 0.9999249578864136 0.0010523054325706973
0.15102457536647274 1.0007226825748246 0.0010872650946283735
0.15173332770791603 0.9996167856586847 0.0010876793496184224
0.15176716630389314 1.0000450611114502 0.0010526106925681233
0.1524134650211373 0.9995362954898268 0.0010866411689300331
0.1531222103772052 0.9984512227588865 0.001086807310683224
0.15315606247781033 1.0007155549120892 0.0010529099446054402
0.15380235467579917 1.0009759376811624 0.0010872088803458074
0.1545110930478586 0.9984484807173301 0.001087154647435563
0.15454495841844956 1.0023776963959878 0.0010527925994922383
0.15519124433137188 1.0000996803670337 0.0010866047747670835
0.1558999757176025 0.9982649544895636 0.0010867687871564417
0.1559338545932776 0.9982249058212431 0.00105213117994261
0.15658013398649187 0.9995996093389035 0.0010869765423819119
0.1572888583873464 1.0014439514936762 0.0010882324443131821
0.15732275076720018 1.0002919452902395 0.0010527981099746225
0.15796902364115373 0.9997856158233169 0.0010865878122073903
0.1586777410579998 0.9998770523522056 0.0010882943937750808
0.15871164670829213 1.0000012517065677 0.0010522955786222228
0.1593579132958183 0.9987368868622164 0.0010864760804917312
0.16006662372819846 0.9992885507471052 0.0010869663394603313
0.16010054288312017 1.0002898002011793 0.0010527616206036142
0.1607468029509356 1.0005145570889196 0.0010871125149930108
0.16145550639794237 0.9986837147744192 0.0010865304681109394
0.16148943882466482 0.9991702955804114 0.0010520496368359316
0.16213569260559746 1.002006657459774 0.001087316994564098
0.16284438906768628 0.9995278296117792 0.0010870980531438236
0.16287833499858742 0.9980805914367628 0.001051827004019719
0.16352458226026204 1.0016690430080835 0.00108728397485609
0.16423327197071558 1.0021591933621365 0.0010876775900840001
0.16426723093967935 1.0012523074703925 0.001053039948816924
0.1649134721486654 1.0010202277910576 0.0010866052839474047
0.16562215464045948 1.002442052311328 0.0010878242699511535
0.16565612711405467 0.999695779561298 0.0010526116725266652
0.16630236180332725 0.9999216615198165 0.0010866409850667422
0.1670110373102034 1.000986455009811 0.0010870355651537585
0.16704502305514662 0.9993066969545686 0.001051752602352498
0.16769125145799182 0.9970186057980305 0.0010859505440467623
0.1683999199808568 1.0001227005789286 0.0010868824072723764
0.1684339192290692 1.0013252840426528 0.0010525300431018297
0.1690801411131091 1.0020313888144008 0.0010872280240054905
0.1697888026506007 0.9997031552232876 0.0010865196904700127
0.1698228151710666 0.9977325137443818 0.0010511426110657025
0.17046903076777367 0.9976965333178172 0.0010858100592437108
0.1711776853203446 0.999444072799576 0.0010864009134807964
0.1712117113449892 1.0003732122080324 0.0010528551266585206
0.17185792042243553 0.9981226208596728 0.001086104437948479
0.17256656799054326 1.0000842350598123 0.0010859113805366221
0.17260060728608112 1.0009287903185529 0.0010531734813393246
0.17324681007755283 1.0003251982502128 0.001086387643699026
0.17395545066028717 1.0022401701573138 0.001087153248362972
0.17398950346045644 1.0020486966870403 0.001052880301391569
0.1746356997322174 1.0003312361008718 0.0010863989663716662
0.17534433333003108 0.998904768967234 0.0010865635848810906
0.17537839940154298 0.9982312470587338 0.001051309439354726
0.17602458938687926 1.0017913700177075 0.0010873091294515825
0.17673321600022973 0.9991394656401137 0.0010860627296077172
0.17676729557546558 0.9997654710997218 0.001052009932231876
0.17741347904245197 0.9985152700348525 0.0010862521984421334
0.17812209866997364 0.9991880399071142 0.0010860880431410058
0.17815619151701026 0.9996743456487179 0.0010519745316871101
0.17880236869711655 0.9983532953497912 0.0010857793214044122
0.17951098133971755 0.9987065749899482 0.0010854237171409216
0.17954508769093283 1.0004574794977548 0.001052366438567107
0.18019125858460905 1.000776401820225 0.0010866858381666925
0.18089986401037095 1.0013189924964605 0.0010868494938849882
0.1809339836320248 1.0001592523151484 0.0010526214794703977
0.18158014823972904 0.9991639627960761 0.0010857959733492945
0.1822887469129455 1.0012956910523163 0.0010865444518793482
0.18232287980685283 1.0018497905247525 0.0010532808546188975
0.1829690378943909 1.0008763276298012 0.0010865137362597234
0.1836776295826894 0.9998117508033675 0.0010855893136853352
0.1837117757488556 1.0003137427676452 0.0010523779337466943
0.18435792754905547 0.9972540322700838 0.0010858234147388378
0.1850665122533428 0.9997873124737419 0.0010860235494433523
0.18510067192277818 0.9993256312455099 0.001051881181328669
0.18574681720417277 1.0019532492344234 0.001086586985456833
0.18645539492308671 0.9997185856559753 0.0010855633018349157
0.18648956786386475 1.0004984822039351 0.001052613964294454
0.18713570685883463 1.0011496388667476 0.0010866337452882541
0.18784427759283062 0.9996737022945333 0.0010855591718669743
0.18787846403824005 1.0006149190640643 0.0010527870673560458
0.18852459674632985 0.9990891305435095 0.0010861185901660316
0.18923316026257453 1.0005522545785719 0.0010856273890673144
0.189267359979332 0.9984517573945138 0.0010519103763289147
0.18991348640190256 0.9993073813866035 0.0010860675383026618
0.19062204293231844 1.0010520220084744 0.0010857010074948148
0.19065625615280185 0.9989269909249833 0.0010517540076114217
0.19130237605656442 1.002052206654176 0.0010867318600463257
0.19201092560206234 1.0004895053206582 0.0010863177698791496
0.19204515209479925 0.9998971406654439 0.0010523959317628433
0.192691265711229 1.0007770767369835 0.0010870449720121829
0.1933998085055464 0.9995240954400845 0.001084943386938363
0.1934340480358912 0.9997074530056537 0.0010518680282457728
0.1940801553668017 1.0005762914370413 0.0010865659345834114
0.1947886911752903 0.9985537281957969 0.0010842872948482252
0.19482294420981378 0.9966995303247012 0.0010513600311867167
0.1954690452542942 1.0000668191526223 0.0010865007822713707
0.1961775738450342 0.9981372787638513 0.0010853007471346384
0.19621184015181117 1.0009723209150068 0.0010529131249497929
0.19685793490895878 0.9996934431708431 0.0010863307038942373
0.1975664565156876 0.9995221514914495 0.001085011165074067
0.19760073632573377 1.0020626354178077 0.0010531209750466524
0.19824682456362064 1.0003260394280016 0.001086278800174309
0.1989553391854315 1.000183788868022 0.001085589860699603
0.1989896322668257 1.000814640210903 0.0010523138296081372
0.19963571421828522 1.0018658715850717 0.001086528522565757
0.20034422185517542 1.0006275582297672 0.0010857536876646805
0.20037852820837038 1.0006518288692372 0.001053526119756541
0.20102460410577772 0.9990668173554688 0.0010856290504146903
0.20173310475820472 0.9998112037996264 0.001084801312714825
0.20176742438228756 0.9994248672594112 0.0010519807919683914
0.20241349376135043 0.9988198299091255 0.0010859714868468341
0.20312198742794862 1.0007080131988397 0.0010854791484315662
0.20315632032337952 0.9998566710251389 0.001052414554997801
0.203802383416015 0.9999217449318668 0.0010858109547976554
0.20451087009769253 1.0017836662382658 0.0010856144901049503
0.20454521649775484 0.998070803938969 0.0010516986932259413
0.20519127307067686 1.0004976659763711 0.0010862285153947456
0.2058997527678912 0.9987460677884039 0.0010840948551656135
0.20593411243884677 1.0007068390432141 0.0010528364475622576
0.20658016295908022 0.9992528318008518 0.0010857690671680132
0.2072886354376351 0.9997114280110946 0.0010854126805586767
0.20732300837993872 1.0002968096184435 0.001053042172497108
0.2079690526142002 1.000401244262511 0.001086310672400033
0.208677518107379 1.0013810862009291 0.0010848666634163332
0.2087119045538613 1.0012489193533987 0.0010532586519817924
0.20935794226886206 1.0002531956111331 0.00108630753613968
0.21006640101086305 0.9995713884439171 0.0010844620548296714
0.21010080049494786 1.00019893497675 0.0010528885209258976
0.21074683192352664 1.0007268056088843 0.001086527428865257
0.21145528368060695 0.9991060406519012 0.0010843476824434755
0.21148969666887044 1.0004568952199677 0.0010530280578350318
0.21213572181147458 1.003393874169204 0.0010869258206815363
0.21284416635035086 0.9981032478646338 0.001084344611198301
0.2128785926099624 1.0003318632728084 0.0010526714244712449
0.21352461146613644 1.0003199384726371 0.0010860180945977244
0.21423304902054952 1.0005446845506252 0.001084509705215195
0.2142674885519598 0.9995823175866825 0.0010524002121669314
0.21491350112080101 0.9992497001840318 0.001085649506178277
0.21562193192312407 0.9984478205521508 0.0010835523698934178
0.21565638472588236 0.9992882651358387 0.0010521594419523658
0.21630239100920437 1.0010277358759327 0.0010863606014391521
0.21701081459286797 0.999744789999011 0.0010844716944701102
0.21704528066697432 1.0000413632911638 0.0010520041058430596
0.21769128066386623 1.0006409451801745 0.0010862912185667765
0.21839969726306663 1.000271363334879 0.0010846036058744439
0.21843417660851897 1.0002769059155232 0.0010524254026206647
0.2190801703185308 0.9988344411784374 0.0010855809169513712
0.21978857993281053 1.0005269106861052 0.0010849485127589703
0.21982307278244156 0.9980426948692488 0.0010517230157170308
0.22046906020647872 0.9995575701751636 0.0010860831407251677
0.22117746260255444 1.0005664397728231 0.001084450872236475
0.2212119687235281 1.0018651885977816 0.0010534832206336802
0.2218579498611433 0.998592129202975 0.0010860794275364056
0.2225663455060385 0.9992109555330879 0.0010841279830229656
0.22260086466507817 1.001183695612137 0.0010527577131388187
0.22324683951580515 0.9991258942359442 0.001086048990801506
0.2239552281766919 1.0012799665384435 0.0010849998142200407
0.22398976083899538 0.9985639940490445 0.001052600530995593
0.2246357294037531 1.000575416449758 0.0010865487682204778
0.22534411084598105 1.000251954285262 0.0010840806031404617
0.2253786567800873 1.0010310689073483 0.0010531389456912166
0.22602461905841767 0.9988873992225206 0.0010856078075703105
0.22673299351572496 1.0020548777441347 0.001085282217442088
0.2267675527220901 0.9999953514406243 0.001052653792521207
0.22741350871307953 1.0005018598616535 0.0010865072061220107
0.22812187641875425 1.0014861197417715 0.0010850085964458445
0.22815644866317666 0.9991010600851606 0.0010517232282352003
0.22880239860148288 0.9998969450065415 0.00108660708830901
0.22951075908849816 1.000908851018904 0.0010849228780081543
0.22954534483709924 1.002357533032044 0.0010533557871428268
0.23019128825614746 1.0003550005245139 0.001086775371793909
0.23089964175824207 1.002726219390845 0.00108474345804379
0.2309342407786439 0.9979758933318076 0.001051694923745855
0.23158017814363996 1.0009432495193302 0.0010865599063804735
0.23228852442889547 0.9985266968668965 0.0010837378988732718
0.2323231367201886 0.9971358639985668 0.0010509566104061642
0.23296906779921267 0.9991574231166476 0.0010864035341334834
0.23367740733147002 0.999701992358173 0.001084113872704408
0.23371203289411116 0.9986683507324459 0.0010516283661423987
0.2343579574534218 0.9997851335545455 0.0010865795774122379
0.23506629000121393 1.0007818445126924 0.0010841484872638285
0.23510092883520312 1.0006091457452124 0.0010529529787241842
0.23574684734091703 0.9997264265188186 0.0010865684726112416
0.23645517267186733 0.9989717018575726 0.0010838482444463881
0.2364898247772005 1.0003890800581092 0.0010523344518515811
0.23713573699603432 1.0005029035258437 0.0010862578845757737
0.23784405557444188 0.9994972150075686 0.0010840819306568096
0.23787872071829244 0.999220693237918 0.001052145849853246
0.23852462688352682 0.9997154699478096 0.0010863173955231156
0.2392329382441858 0.9993571060794644 0.001083875871652486
0.23926761689221504 0.9983765192639775 0.0010526601327596932
