-0.25045448327273334 1.0008200293133653 0.00033866363113536376
-0.250161035573909 0.9996809608312297 0.000327812949299423
-0.24906556359292154 1.000285099628142 0.0003385970936015671
-0.2487721277684573 1.00045819929835 0.00032784058824382174
-0.24767664367891484 0.9994649585063348 0.00033850526984426717
-0.24738322019493084 1.0004002687212794 0.0003279304793630718
-0.24628772399819354 0.9995720829128918 0.00033855151654307663
-0.2459943123885737 0.9994749246478902 0.00032778777602857583
-0.2448988040846416 1.0003037406366864 0.0003385522247266897
-0.24460540481504722 0.9998909038791873 0.0003277921613405097
-0.24350988440437504 1.00022910664482 0.0003386029525099236
-0.24321649700959555 0.9998297550519407 0.0003278089737881231
-0.2421209644917326 0.9998035899164712 0.0003385063567197933
-0.2418275892032384 0.9998656410697896 0.0003278405416224948
-0.2407320445777259 0.999875673616925 0.00033856616309349715
-0.24043868162971194 0.9997763593897173 0.00032784134719191784
-0.2393431248970046 0.9995095115319539 0.000338487026176851
-0.23904977382426026 0.9994756637487224 0.0003277764665430017
-0.2379542049839074 0.9998648995873122 0.0003384946015121679
-0.23766086625118651 1.0004881547587705 0.00032793777693532726
-0.2365652853040956 1.0001367383996265 0.0003385222254082455
-0.23627195844482937 0.9997071139343378 0.0003278489151802503
-0.2351763653900889 1.000037075512383 0.00033846965505621
-0.23488305063892498 1.0005927079483783 0.0003278993709561176
-0.2337874457093676 0.9997081591189705 0.00033840745326429837
-0.23349414306630933 0.9997695877351976 0.00032776973561376467
-0.2323985257962704 0.9997989549104953 0.00033847756030947525
-0.23210523526085766 1.0003233087028447 0.0003278919018170439
-0.2310096061173681 0.9997570971220692 0.0003383948735121052
-0.23071632768733116 1.0004608778420627 0.0003279102857215182
-0.22962068620381615 0.999903016204986 0.0003383520219531978
-0.22932741988142677 1.0003203372731706 0.00032795803477226465
-0.2282317662902642 0.9995072965184002 0.0003383716729845204
-0.22793851230835302 1.0004351377864897 0.00032787487749074253
-0.2268428466104524 0.9999869946778591 0.00033836708535100714
-0.22654960450199588 1.0005038051844084 0.00032798947657972874
-0.2254539266973552 1.0007452292488546 0.00033845980151817566
-0.2251606966965442 1.0004717428730134 0.00032798943808199206
-0.22406500701617915 1.0005890724625564 0.0003384370567076716
-0.22377178912347045 1.0005611521413516 0.00032794315463198026
-0.2226760871026272 1.0000674930361841 0.0003383256211453548
-0.2223828813166606 0.9997810090205737 0.00032787818699320226
-0.2212871674228154 1.000466621467859 0.0003383938076532036
-0.22099397374313412 0.9998919353059111 0.000327874714376163
-0.2198982475097182 1.000259215046091 0.0003383850881024476
-0.21960506593768245 0.9999341985685295 0.000327889867770912
-0.21850932759616626 1.0003222404240117 0.0003383848651717438
-0.2182161583646087 0.9999539913852226 0.00032794294252271175
-0.2171204079149902 1.0002945656847575 0.00033829723184554313
-0.21682725055779883 0.9997680340368248 0.0003278430512737596
-0.21573148800143827 0.9995053558666749 0.0003382348265077993
-0.21543834275234716 0.9994153668735156 0.00032785040503197
-0.21434256832162646 1.0000677084698375 0.00033829277048642094
-0.2140494351792734 0.9997725135364406 0.0003278709133769351
-0.21295364840852926 0.9998426628196687 0.00033824246993045153
-0.21266052737291627 1.0004599801676106 0.0003280125486782053
-0.21156472849452257 1.0004522722031364 0.0003382956127239647
-0.21127161979984252 1.0002995330406217 0.0003279876852631297
-0.21017580881380127 1.0004648821058468 0.00033831890097440825
-0.20988271199484895 0.9999345880683131 0.00032794393399718106
-0.20878688890115882 0.9999665445779463 0.00033817601067584967
-0.2084938044217752 1.000332681073732 0.00032802451090978475
-0.20739796898851637 0.9991889560493513 0.00033810467233148496
-0.20710489661541806 1.000798184666573 0.00032803695758901186
-0.20600904930870456 1.0000270433532072 0.00033822089950880004
-0.2057159888099664 0.9994763146809921 0.00032783156829489644
-0.20462012939515262 0.9998837589898518 0.0003382479704918919
-0.20432708123643992 0.9999092750456217 0.00032797393078808757
-0.20323120971443132 0.9995683115845327 0.0003381526263511449
-0.20293817343008277 1.0000855849590067 0.0003279600683856242
-0.20184228980178887 0.9993305134437783 0.00033810348979090393
-0.20154926585746175 1.0002903848736548 0.0003280306918881274
-0.20045336988823692 1.0001078753847104 0.00033817874698652603
-0.20016035805155735 1.0002968263658796 0.00032804046106401985
-0.19906445020751562 1.000305341554247 0.00033818830099599593
-0.19877145047803088 0.9998574984731307 0.0003279333237522507
-0.19767553029396367 1.000122964516252 0.0003382087667313491
-0.19738254267122102 1.000314835170967 0.0003279788895545438
-0.19628661038132122 0.9997192606929651 0.00033804006676050295
-0.19599363486576935 0.999815606922129 0.00032801723779343935
-0.19489769070059992 0.9997455173791585 0.00033807688555048156
-0.1946047272926956 1.0007096523416594 0.0003281516837419465
-0.19350877078704798 1.0002883223826622 0.00033816046470427566
-0.19321581948633845 0.9998377287420374 0.000328074086000354
-0.19211985087395078 1.000558252930021 0.00033815017392374607
-0.1918269119132647 0.9998470909604265 0.00032801828637679274
-0.19073093119368423 1.0005332003041352 0.00033817645923437626
-0.1904380041073603 0.9999046120999008 0.0003279962752143941
-0.18934201128013228 0.9996529351989261 0.0003380170998203434
-0.1890490965338338 1.001433125550512 0.00032822483949022674
-0.18795309136658034 0.9998231674226136 0.0003380514161667003
-0.18766018872792942 1.00070001766489 0.0003281139191292707
-0.18656417168585904 0.9995574207276959 0.0003380379246375677
-0.18627128092248313 1.0000420096868965 0.0003280126610054935
-0.1851752517723071 1.0000178684431145 0.00033812269673941453
-0.18488237334940938 0.99997752426002 0.0003280655604809213
-0.18378633186057414 1.0004893406398616 0.000338156518391654
-0.18349346554350496 1.000044045178861 0.00032802020891784764
-0.18239741218030758 1.0003465332779535 0.00033821268721933564
-0.18210455797088393 1.0004570947795235 0.0003280979038974057
-0.18100849226675564 1.0002129031995273 0.0003381131532049514
-0.18071565016497954 1.000384384111298 0.00032809661393064205
-0.17961957235365844 1.0004815223761099 0.0003381541038268511
-0.17932674259100032 1.000454600093286 0.0003280714015130726
-0.1782306526733919 1.0002790034235343 0.0003380706318816887
-0.17793783478554864 0.9997132699646968 0.0003280388552323468
-0.17684173275983994 1.0005755117849875 0.0003381681778757971
-0.1765489272124749 1.000200941089276 0.0003281382606796422
-0.175452812846288 0.9998090099203097 0.000338072164767704
-0.17516001940611778 1.000376533971584 0.00032811939266637005
-0.1740638929331908 0.9993147861444825 0.0003380253561891387
-0.173771111833044 1.000350790124289 0.00032815424822697694
-0.17267497325292425 0.9997172498642816 0.00033806496829240243
-0.1723822040275977 0.9997193680314793 0.00032810293074581694
-0.1712860533393723 1.0009625291427116 0.00033828839159127103
-0.1709932962207825 1.0004112355130585 0.00032812218725696235
-0.16989713342582036 0.9997363913486512 0.00033811035165395376
-0.169604388647256 1.00033626025717 0.00032810471621384085
-0.1685082137455538 1.0000000641164273 0.00033814548265832084
-0.1682154808413516 1.0007396522148415 0.00032818872605716977
-0.16711929383291135 0.9999122012415633 0.00033802415450493367
-0.16682657326873596 1.000376321636201 0.000328154957534157
-0.16573037391890466 1.0001318351315929 0.0003380360654293609
-0.1654376654619207 1.0004272262003502 0.00032817043064605644
-0.16434145400535272 0.9995302859222507 0.0003379871909558942
-0.16404875788884696 1.0006721951583262 0.0003282407912253246
-0.16295253432508616 0.9994819328964114 0.00033799191471595787
-0.16265985008340067 1.0000956089085318 0.0003280896811440281
-0.1615636144124437 1.00012246763407 0.00033809656043973783
-0.16127094251077964 0.999960078336453 0.000328103728239369
-0.16017469449889177 1.000209329596313 0.00033808225420150785
-0.1598820347044225 0.9998447529760273 0.0003280458047219661
-0.15878577458624932 1.000757793868042 0.00033819941194791726
-0.15849312689897083 1.0004183075099424 0.0003281987873198806
-0.1573968549064375 0.9998069146998529 0.00033797280798658874
-0.15710421932589708 1.0005106948746345 0.0003282573029940436
-0.15600793499288557 1.0000551527045647 0.00033807425289328786
-0.15571531151953996 1.0000651151101199 0.0003281703933901477
-0.15461901507933362 1.0002874198956981 0.0003381401111443292
-0.15432640394646618 1.0001347346269298 0.0003281517292128399
-0.15323009516578168 0.9999075547627322 0.00033803624185102076
-0.1529374961410199 0.9995136875376187 0.00032806202590295676
-0.15184117548506038 1.000154958354411 0.0003380248163164541
-0.15154858856703532 0.9995456388811945 0.00032809079881211797
-0.15045225557241793 1.0006957943496637 0.00033809957847363777
-0.1501596807611309 0.9995091077035562 0.00032806704176988245
-0.14906333565886598 1.000363960706313 0.0003381125950831751
-0.14877077318851525 1.0003430011258276 0.0003281990700971482
-0.14767441574531404 0.9997173607308181 0.00033795253801421736
-0.14738186538215814 0.9996972203795587 0.00032806990404798714
-0.14628549606459273 1.0000286471241349 0.00033810857027487625
-0.14599295780817353 1.0000647889478813 0.00032817480880321687
-0.14489657615195028 0.9999103923915211 0.0003380170967315279
-0.14460405000226914 1.0001969900271686 0.0003282169686933447
-0.14350765623839834 0.9997319495149272 0.0003380161755083751
-0.1432151424296535 1.0004390964778418 0.00032825642202211644
-0.1421187363248464 1.0001792252796993 0.0003381303068945984
-0.14182623462329097 1.0005617609913275 0.0003282605159357373
-0.14072981641129445 0.9998688452003329 0.00033810505991768063
-0.14043732681693386 1.000106766461169 0.0003282162708340642
-0.13934089673148264 1.0003724950670483 0.00033803415854937043
-0.1390484192443182 1.0001041484639543 0.00032831235726308086
-0.13795197681838545 1.0001762937445013 0.00033805718478427567
-0.13765951143886654 0.9995526000420341 0.0003281339213471989
-0.13656305690437875 0.9999909382607161 0.00033804928009363393
-0.1362706038657928 1.000372483537713 0.00032824796385185585
-0.1351741369917363 1.0003335697585336 0.0003381828195968053
-0.13488169605988837 1.0001097644282861 0.00032818651938046556
-0.13378521707909385 1.0001026858677846 0.0003380851192285156
-0.13349278848681462 1.000105239187177 0.00032819331982813653
-0.13239629739928205 1.0001807279410007 0.00033806196731753056
-0.1321038806804575 0.9996867818531785 0.0003281554773835048
-0.1310073774857301 0.9999629544173467 0.00033805406263072267
-0.13071497310738373 1.000098811180434 0.0003282631171656346
-0.1296184575717234 1.0005813782865058 0.0003380908229759955
-0.12932606530193744 1.0001153848455686 0.0003281728324784645
-0.1282295376586262 0.9985803093328988 0.0003378719306098173
-0.12793715772795286 0.999985339126362 0.0003282378664843047
-0.12684061774598376 1.0003047039914366 0.00033812960094423665
-0.12654824992204844 0.9998017119241146 0.0003282180674649221
-0.12545169783243182 1.0003616503608541 0.00033803655630358783
-0.1251593423494328 0.9996108731365085 0.0003281952709372891
-0.12406277815171052 1.000376763034533 0.00033811254036052245
-0.12377043454307568 1.0005346381593065 0.00032825195251185276
-0.12267385823770383 1.0000968946726714 0.00033803532490776707
-0.12238152696954381 0.9999747482235745 0.00032826829841671413
-0.12128493832460663 1.0000575401830643 0.0003380889618985336
-0.12099261916318668 1.000235448532978 0.00032831304801664865
-0.11989601841196418 0.999813308028844 0.00033793684896515615
-0.1196037113577404 1.0002777697974146 0.0003282673480961762
-0.11850709849841223 0.9992188531611017 0.00033793854654938033
-0.11821480378420852 0.9998905453726513 0.00032825747294701807
-0.11711817858440554 0.9992141218201005 0.0003378729411486586
-0.11682589597830412 0.9994152308224049 0.0003281048519026564
-0.11572925890413899 0.9994734430088786 0.0003378658803345195
-0.11543698840523575 1.000767227339008 0.0003283026203762937
-0.11434033899149654 0.9995119754803495 0.00033798315396702064
-0.11404808059887324 0.9996410093424222 0.0003281237784683338
-0.11295141907794459 1.00005501438783 0.0003380325717542994
-0.11265917302671032 1.0005731746102515 0.0003284075142904589
-0.1115624991648474 1.000317076580045 0.00033809423965295177
-0.11127026522171676 1.0000224653305325 0.0003282412445944976
-0.11017357925265969 0.999864749191264 0.00033795621014859047
-0.10988135764819028 1.0001888758449722 0.00032831014874171844
-0.1087846593395625 1.0004002196262265 0.0003380550648716661
-0.10849244984137503 1.000369471234276 0.0003282762062189318
-0.10739573942601055 0.9998319262569014 0.0003378932626136726
-0.10710354226830128 1.000619918763175 0.00032834022114435743
-0.1060068197448345 1.000491943876571 0.00033801935273534164
-0.10571463446285499 0.9996332893799128 0.00032820771012733157
-0.10461789983219205 0.9997605473064235 0.0003379484225348295
-0.10432572688932851 1.0003074993541459 0.0003282847336175245
-0.10322897991909485 0.9993536294305945 0.00033788063490189797
-0.102936819082966 0.9999004298396478 0.00032825012182523657
-0.10184006000554291 0.9993769063176866 0.000337881837831088
-0.10154791151035035 0.9996702559867989 0.0003282702799732361
-0.10045114009199096 0.999277602472023 0.00033773350792629515
-0.10015900370399322 0.9998643804923475 0.0003283070553191993
-0.09906222017889377 1.0005414056690038 0.0003380069484694003
-0.09877009613046135 1.0001874808988398 0.00032829121431836436
-0.09767330026579657 1.0003862044134835 0.0003379762894601908
-0.09738118832455694 0.9993629089552638 0.00032817444784345056
-0.09628438035224463 0.9997002175632802 0.00033787271177507553
-0.09599228075148858 1.0000086876022949 0.0003282903512895819
-0.09489546043869268 0.9999728271333528 0.00033788148008973554
-0.09460337294512607 0.9990458429122921 0.0003280875306032449
-0.09350654052468599 1.000187453659417 0.00033793549521843357
-0.09321446537251042 0.9993540429285621 0.00032821068035094713
-0.09211762084487418 0.9996519367806899 0.00033784693195910927
-0.09182555756615329 0.999347789689914 0.00032824748472272213
-0.09072870093177698 0.9994476916033059 0.0003378107735439309
-0.09043664999262142 1.0000462540628408 0.0003282854822360215
-0.08933978101822504 0.9995562444891222 0.0003377825587890018
-0.08904774218762786 1.0000345768502867 0.0003283063096240774
-0.08795086110512784 1.000232648698909 0.0003379344873740602
-0.08765883461546495 1.0001595041165636 0.0003283283883712872
-0.08656194119294014 1.0002505025603836 0.00033785721403832873
-0.08626992680910782 0.9999572243827342 0.0003282872870489412
-0.08517302127984294 0.9999032964517323 0.00033776207479442236
-0.08488101923558133 1.0004160335506753 0.00032827851787089167
-0.083784101366291 1.000228763686898 0.00033776048436851247
-0.08349211142921882 0.9999891793208368 0.00032823351697088183
-0.08239518145273905 1.0001280296988284 0.0003377648589506393
-0.08210320385660318 0.999423396867428 0.00032808212001451693
-0.08100626153964186 0.9995583672978813 0.0003377488943134463
-0.08071429605024605 1.000262158266183 0.00032826388019369346
-0.07961734162654466 1.0001376361899068 0.0003377512611622932
-0.07932538847762502 1.0000800238914804 0.0003282315386256782
-0.07822842171299271 0.9994448571777427 0.00033762914853973107
-0.07793648067126789 1.0006058227181387 0.0003283337635171255
-0.07683950179944077 0.9998119789466736 0.0003376678000889329
-0.07654757286491076 1.0001097138255934 0.00032830380828788297
-0.07545058188634357 0.9997526614175527 0.0003376372866861398
-0.07515866529137889 1.0002171180372454 0.0003283358397268629
-0.07406166197324637 1.0001394483413666 0.00033766293160799525
-0.0737697574859326 1.0001914943410992 0.0003282693618975461
-0.07267274229252507 0.9997193023060786 0.00033758824810508866
-0.07238084991240612 0.9998969543706602 0.00032825611110630224
-0.07128382237897313 0.9999198647100197 0.0003376346686878232
-0.0709919421060436 1.0011788403738435 0.0003284210789401872
-0.06989490246633068 1.0000890817677484 0.00033758634760014324
-0.06960303453342796 0.9998802158618473 0.00032828970447663594
-0.06850598255277873 0.9992786096592179 0.0003375071249213801
-0.06821412672752356 1.0000501404950115 0.00032824927276262945
-0.06711706263922679 0.9995889997035633 0.0003375301801613632
-0.06682521915353896 0.9992609200613879 0.00032821407937959254
-0.06572814272567484 1.0004447736157507 0.0003375453499592294
-0.0654363113485454 0.9995893810998148 0.00032821098510854205
-0.0643392228121229 0.9996856103176892 0.00033745539032656915
-0.06404740377638249 1.0000078379407042 0.0003282246533614191
-0.06295030289948045 0.9996781377153414 0.00033741873741246293
-0.06265849597002536 0.9999210647925566 0.0003282373903506339
-0.061561382987292745 1.0002773687516762 0.00033752655377312674
-0.061269588396498875 0.9998947261450022 0.00032822111306112477
-0.0601724630737408 1.00016316725268 0.0003374663318588506
-0.059880680590594475 0.9998899627186806 0.0003282213363701744
-0.058783543160188856 0.9998531473421461 0.0003374034911843245
-0.05849177301752072 0.9988192539765589 0.00032806810723781427
-0.05739462324709166 0.9996862668493747 0.00033731236773526323
-0.05710286521116359 0.9993489832694487 0.00032813616628581376
-0.05600570333444921 0.9988572032241619 0.00033720247641249484
-0.05571395763854256 0.9988080593559724 0.00032809154419783016
-0.054616783420442516 0.9988660588752047 0.000337172370506773
-0.05432504983263816 0.9985883196935056 0.00032804450672724317
-0.05322786350689057 0.9990101280952081 0.0003371964441745158
-0.05293614225865895 0.9987737400149626 0.00032803728013802204
-0.051838943593793374 1.0000677975245453 0.00033722796679704704
-0.05154723468603792 0.9990846177850385 0.00032804370214750776
-0.050450023681150924 0.9996304900545973 0.00033715756085982666
-0.05015832688013352 0.9986280883252469 0.0003279854607034887
-0.04906110376714423 0.9988113788394978 0.0003369970690883054
-0.04876941930660703 0.9983335514579307 0.00032804801942406815
-0.04767218385359229 0.999295358858081 0.0003370791049754627
-0.047380511499791785 1.0010976137626078 0.00032833864602374395
-0.04628326394049509 0.9989950529105911 0.00033696208491089077
-0.04599160392717615 0.9983848178278114 0.0003279667785169369
-0.04489434402785264 0.9987851475831189 0.00033692214411944253
-0.04460269612127175 0.9990745702164869 0.0003280979582742211
-0.043505424114300695 0.9990057919309049 0.00033694822552508683
-0.04321378854774526 0.9991956220707477 0.00032801090656329877
-0.042116504200294 0.9978145912290661 0.0003367829328143378
-0.0418248807427517 0.9982458473620422 0.0003279714065878919
-0.040727584287196805 0.9987087402007827 0.0003368897306232287
-0.040435973170130673 0.9988159228502386 0.0003280677518229241
-0.03933866437546385 0.9981471849039321 0.0003367308394112656
-0.039047065363773545 0.9985551202232992 0.0003280236829457897
-0.037949744461911905 0.9987002312073163 0.0003368479958946035
-0.03765815779024706 0.9985758660687402 0.00032798223323070725
-0.03656082454835996 0.9984610070348389 0.0003368571716674947
-0.03626924998479539 0.9979896504679518 0.0003279826312587248
-0.03517190463571751 0.9985223629165952 0.0003367484736409639
-0.0348803424112689 0.9985803464215074 0.00032799283642796334
-0.03378298472262031 0.998542064264541 0.00033673151991313197
-0.033491434604911774 0.9983386162242148 0.00032800918196110995
-0.032394064576237724 0.9986053866391099 0.00033671634113448327
-0.032102527032290745 0.9985901907142587 0.0003280210167800077
-0.031005144662231032 0.9987305650407388 0.00033667555660932085
-0.03071361922638634 0.9993751199887217 0.0003280745828075453
-0.029616224748679087 0.9984105348833492 0.00033664577092813166
-0.02932471165240713 0.9989844509307533 0.000328087639837101
-0.028227304836036637 0.9988399877242407 0.0003366167417887847
-0.027935803846955456 0.9986311510296195 0.0003280137132432117
-0.02683838492293944 0.9986125033044253 0.00033660761530100594
-0.0265468962738817 0.9986322885862651 0.0003279638534345968
-0.025449465008932748 0.9984174963343182 0.000336572708495043
-0.02515798846752457 0.9984308481670647 0.0003279729818340188
-0.024060545095380803 0.9998252630243707 0.0003366632406912154
-0.02376908089399809 0.9983276275159193 0.0003279199791620969
-0.022671625182738353 0.9986395470072507 0.0003364651264628954
-0.02238017308809369 0.9988755285518015 0.0003280131226993506
-0.021282705269641156 0.9981850191080448 0.00033642457479372736
-0.020991265515019928 0.9981177297523205 0.00032791742863794464
-0.01989378535608921 0.998614471613044 0.0003364794626439062
-0.019602357708662803 0.9985132352822145 0.0003279158478154916
-0.01850486544208252 0.9993981953975349 0.0003365257958408191
-0.018213450135589046 0.9988388306406759 0.0003279998534631077
-0.01711594552944007 0.9990806683984245 0.00033647165569335456
-0.01682454233104821 0.9988104069330803 0.00032793093258462437
-0.01572702561679762 0.9982356377799934 0.0003363235309644235
-0.015435634757521728 0.9979023006923385 0.0003278964092926096
-0.014338105704155168 0.9985696840993304 0.00033630939977845163
-0.014046726952070054 0.9985902581705777 0.00032804301130537605
-0.01294918555777258 0.9985112610008184 0.000336227558969704
-0.012657819378996295 0.9981668122290585 0.00032796664062504125
-0.011560265644220635 0.9992563093914955 0.00033634980724948156
-0.011268911572639168 0.9988081029116634 0.00032797943571569535
-0.010171345731578185 0.9988459391791601 0.00033632796525963403
-0.009880003998659959 0.998237924586222 0.0003279373752906963
-0.00878242581802624 0.9990701582159965 0.00033628066307058536
-0.008491096426038928 0.9990578922778077 0.0003280588919028144
-0.007393505904474296 0.9987217036338301 0.0003362429048335569
-0.007102188620134526 0.9990412095480705 0.0003280179955214095
-0.006004585991377098 0.9981232035848098 0.00033609722446445667
-0.005713281046608043 0.9982880037217846 0.0003279862368994674
-0.004615666078279901 0.9985364465619172 0.0003361720730676583
-0.004324373240703641 0.9988417421012493 0.00032797126958907815
-0.003226746164727956 0.9982087300109256 0.0003360958190536954
-0.002935465668088 0.9985522160255722 0.0003279964616648438
-0.0018378262511760113 0.9986631505060611 0.00033609181379861184
-0.0015465578612727565 0.9980277517222704 0.0003279320226969918
-0.0004489063376240665 0.9985649204286038 0.0003360208846334473
-0.00015765028774627286 0.9989532666287161 0.0003280010990252964
0.0009400138087585219 0.9987689378069672 0.00033602342629362894
0.0012312575181581283 0.9985719588329107 0.00032788884725039503
0.002328933721400972 0.9981525608558129 0.00033587282862955204
0.0026201650907791596 0.9979539252674846 0.0003278748112514236
0.0037178536349529168 0.998761918616589 0.0003360052026423007
0.004009072897589013 0.9984924645683283 0.0003279500278041302
0.0051067735485048615 0.9980593131673597 0.00033585559433328243
0.00539798047066277 0.9988924960579264 0.0003280356333113082
0.006495693462056806 0.9988109748771883 0.0003358897648154328
0.006786888275203603 0.9981040707075137 0.00032794063856465827
0.007884613374699256 0.9979907363416793 0.0003357207195507045
0.008175795848277361 0.9987725341463838 0.00032795485952634895
0.009273533287341706 0.998833930112142 0.0003359233344487316
0.009564703654181762 0.9977854079222717 0.0003278920795712216
0.010662453433269548 0.9984951895944087 0.0003358513869825104
0.01095361122725552 0.9979717781716813 0.00032788232143644006
0.012051373346366745 0.9983375471394248 0.00033579497750322153
0.012342519033612647 0.9983932644320394 0.00032790169325471217
0.013440293259463942 0.9989387998485296 0.00033584849768153083
0.01373142660713913 0.9979182100835694 0.00032784752725913135
0.014829213173015887 0.997776507906486 0.00033568402082064257
0.015120334180212887 0.9989412233310466 0.0003279889187950946
0.016218133086567832 0.998839294958004 0.00033584371705751867
0.01650924198611729 0.9979414644884737 0.00032785245574199417
0.01760705299966503 0.9983537813892137 0.0003357159319379277
0.017898149559643774 0.9992740309206005 0.00032808755167959135
0.018995972912762227 0.9987540920265375 0.0003356592606426324
0.019287057365548175 0.9985830521018455 0.0003279894726301094
0.020384893059144815 0.9983305535092871 0.0003355916778796384
0.020675964938163816 0.998028732969857 0.00032786962630439284
0.02177381297269676 0.9987266926486037 0.0003356646350282956
0.022064872744526332 0.9983527745412477 0.0003278999981469169
0.023162732885793957 0.9985613034803424 0.0003356447136318339
0.023453780318505542 0.9988840391003928 0.00032798662167781117
0.024551652798436407 0.9989137621055075 0.00033564291984518584
0.024842688124409942 0.9983551690741851 0.000327910106494295
0.0259405727124431 0.9986449821969877 0.00033560105911312817
0.026231595697030975 0.9983395596338951 0.000327867319100851
0.027329492625995044 0.9987816609450377 0.00033562501641679857
0.027620503503388103 0.9982279374808488 0.00032788284953425023
0.028718412771922885 0.999070118439308 0.0003356223788130281
0.029009411076914585 0.9992208486654269 0.0003279825391140743
0.030107332684565336 0.998173247469942 0.00033546014273202725
0.030398318648624776 0.9987111104888517 0.0003279774953087159
0.03149625259857203 0.9984733848405141 0.0003354551773720042
0.03178722645452917 0.9986615895725031 0.00032796255728688634
0.032885172511669225 0.9986375946573754 0.0003354021724487911
0.03317613402760294 0.9982107946666688 0.00032791988637225346
0.034274092424311675 0.9986239843894256 0.00033543203650526526
0.03456504183304922 0.9984494307316409 0.00032792755957591056
0.03566301256978477 0.9982733861325012 0.0003353639010332873
0.035953949407033815 0.9984560513703483 0.0003279262115834364
0.037051932483336714 0.9983474344998958 0.0003353930958501653
0.037342857213390944 0.9985528438067947 0.00032793993770075224
0.03844085239688866 0.999040098470209 0.000335391796755043
0.0387317647864647 0.9981621245795516 0.00032786834089900134
0.0398297723104406 0.999245783516313 0.000335390526757524
0.04012067259191099 0.9991369142628993 0.00032797740049196193
0.04121869222308305 0.9983824037579578 0.00033526515708293917
0.041509580165895586 0.9987514397471834 0.0003279611820951913
0.04260761236946564 0.9989039217457337 0.00033539558113899033
0.04289848797179999 0.9990883518297647 0.00032797915684900064
0.043996532283017586 0.9985476030031897 0.00033523078476682585
0.04428739554441563 0.9985232496933245 0.0003279146606925475
0.04538545219656953 0.9984806587314697 0.000335269377978313
0.04567630311794751 0.9984858870612453 0.0003278799053214861
0.04677437210921198 0.9983534678880037 0.00033520182455167794
0.04706521092385191 0.9991537455022208 0.00032792020017128416
0.04816329225513982 0.9991460058154794 0.00033524699372509877
0.04845411849692027 0.9983950109005107 0.0003278841935095488
0.049552212169146514 0.9993010978207488 0.0003352866926114465
0.04984302630328279 0.999272474098604 0.00032805063886518735
0.05094113208269846 0.9990978687177438 0.00033525021501971963
0.05123193387680927 0.9992194965758104 0.0003280544416026941
0.05233005199534091 0.9990610774889823 0.0003352057357098595
0.05262084168271367 0.9985959902225356 0.00032792158864935637
0.05371897190843811 0.9988048720381449 0.00033519471818188736
0.054009749255787436 0.9999723442797124 0.00032810412628973666
0.05510789205527544 0.9994083865630725 0.0003351945248104086
0.055398657061233716 0.9988296829959767 0.0003279143530227976
0.05649681196791789 0.9991254843546935 0.0003351787644464748
0.05678756463385475 0.9987637134999392 0.0003278854760646441
0.05788573188056034 0.9998136179109309 0.00033526717198471546
0.05817647220647039 0.9988041853756867 0.0003279950296866048
0.05927465179320279 0.9992755470109179 0.00033511366559336206
0.05956538001282752 0.9995406376302796 0.00032801556515563125
0.06066357193958538 1.0002495383941408 0.0003352892482363766
0.060954287586812116 1.0006719229011363 0.00032818416324720306
0.062052491853137326 1.0003416423603737 0.0003351954783668086
0.062343195392716516 1.000577882230884 0.00032816422002307174
0.06344141176714402 1.0002815509201608 0.00033521018274207967
0.06373210296533216 0.9997884581932784 0.00032802426703821777
0.06483033168024122 1.000429432011124 0.0003351589820517821
0.06512101077169467 0.9995206318445636 0.0003280901698547455
0.06621925182571431 1.0006407178515846 0.0003351345507570307
0.06650991834522116 0.9999497380814996 0.000328137186509784
0.06760817173926625 0.9997381889759275 0.000335078752742621
0.06789882615066745 0.9999894344970601 0.00032813839925873844
0.06899709165327295 1.000484780382773 0.0003352187203348139
0.06928773372419932 1.0000007625258824 0.00032811714659075695
0.07038601156637014 1.0002015804700513 0.00033511892744756967
0.07067664129681496 0.9996328726416962 0.00032812813703736866
0.07177493171184324 0.9999180230926064 0.0003350395607786899
0.07206554910317209 1.000158346875312 0.0003281765794979868
0.07316385162539518 0.9997686049732103 0.0003350437029024708
0.07345445667670396 0.9999314048505206 0.00032815678185400094
0.07455277153894713 0.9996265761704161 0.0003349888069518711
0.07484336448306109 0.9996805645387601 0.00032803690855634445
0.07594169168532972 0.9995614196822339 0.0003349134557387182
0.07623227205567673 0.9999308179889956 0.00032811337449448023
0.07733061159797217 1.0002701106609682 0.0003351067291582554
0.07762117986203924 0.9997082865861706 0.000328103994778927
0.07871953151152411 0.9995902144463283 0.0003349505461621876
0.07901008743465489 1.0004769756167295 0.0003281932646938347
0.08010845142507605 1.0003298924784463 0.00033509900996932213
0.08039899500727592 1.0000518138651926 0.00032812539360851614
0.08149737157054915 1.0004113890730264 0.00033511121197981697
0.0817879028127222 1.0006382540168255 0.0003282445783892107
0.08288629148273685 1.0003042209576654 0.00033506903150076864
0.08317681038624869 1.0003894999802816 0.0003282156724340727
0.0842752113962888 0.9996350514812957 0.0003349140706774985
0.0845657181921531 0.9999059337506544 0.0003280445832789216
0.08566413154267138 1.0003362333948655 0.0003350386456900159
0.08595462576522685 1.0000277546572098 0.0003280891552350057
0.08705305145576858 0.9999674615397196 0.0003350404018465623
0.08734353357158398 1.0001879559209035 0.00032813689905996355
0.08844197136886578 0.9998619620923546 0.00033492024120945356
0.08873244114511585 0.9998324643784237 0.00032804897823352636
0.08983089151524837 1.0001146035332988 0.0003349851962456271
0.09012134895102025 0.9997823479452371 0.00032804346889801496
0.09121981142880031 0.9993459774892999 0.0003348275877108902
0.09151025652408862 1.0001691365961731 0.0003281574444127462
0.09260873134189751 1.0006397895285442 0.0003350385518600909
0.09289916409762049 0.9999107289066549 0.00032801277861160653
0.09399765148782535 0.9998233718079435 0.00033495324958181537
0.09428807190306678 1.00022612008619 0.0003281055110096587
0.0953865714013773 1.0000102248768616 0.0003349385659068295
0.09567697947614054 1.0000193234753403 0.00032808257074683455
0.09677549131492924 1.0004961044386007 0.00033503724438854255
0.09706588728295577 1.0002194540758802 0.0003280385621022475
0.09816441146176658 1.0002990735924622 0.0003349446096885035
0.09845479485648226 0.9998192661075811 0.000328072890674915
0.09955333137440903 0.9995712082644705 0.0003349099363453473
0.09984370266192855 0.9984832306994844 0.0003278788134939588
0.10094225128750622 1.0003377601456231 0.0003350329981161396
0.10123261023500231 1.0002902682434305 0.00032808747999081887
0.10233117143388881 1.0008495017676935 0.00033504886633760046
0.10262151780807606 0.9990121022677053 0.00032796586186113714
0.10372009134744076 1.0001522663133007 0.00033494686244165864
0.10401042561352773 0.9999266181415254 0.000328092437200351
0.10510901125962846 0.99941832316761 0.00033478279459538726
0.10539933318614338 0.9997071282712521 0.0003280747641054626
0.10649793140510155 1.0002941640182241 0.0003349633229534648
0.1067882409925005 0.9996989681965475 0.00032797860857400373
0.1078868513186535 0.9999360001064677 0.0003347904678491186
0.10817714856512153 0.9998171528887115 0.00032806930355765683
0.10927577123220544 0.9995797431996303 0.00033485801240909296
0.10956605613864802 1.0002372536236086 0.0003280678973322214
0.11066469137813328 1.0000713428356656 0.00033493027066702725
0.11095496394500515 0.9993862196120108 0.00032798774686723604
0.11205361129123048 0.9997585276234034 0.00033495169641736046
0.11234387151853702 1.0000515597512933 0.0003280893832630108
0.11344253120478243 1.0002406521753011 0.0003349265669426122
0.1137327793239833 1.0001485873060942 0.0003280290207546396
0.11483145135116501 0.9997757020432121 0.00033488680168016616
0.11512168689750979 0.9999164040140535 0.0003280808963323818
0.11622037126380746 1.000117371261643 0.00033494817761338234
0.1165105947038723 1.0002193967533743 0.0003281057963350924
0.11760929117735941 0.9999761177165245 0.00033491065282817087
0.11789950227648795 0.9995720056157427 0.0003280296909134905
0.118998211323742 1.0000366381398298 0.00033499457891173335
0.11928840984956171 1.0002612422363473 0.0003281191924391982
0.12038713123729394 0.9998015889828576 0.0003348990056334374
0.12067731765591884 1.000020358265267 0.0003280592083563039
0.12177605138276704 1.0004259559472062 0.0003349815059423263
0.12206622522899259 1.0000544518639567 0.00032802372632576937
0.12316497129631898 1.0003780213507016 0.000334968393542326
0.123455133034897 1.0000138117016604 0.00032799287118795325
0.12455389120987093 0.9996343067802587 0.00033493945238971583
0.12484404060842348 1.0005644855379905 0.00032811586635104334
0.12594281135625351 1.0004761792042458 0.00033504345532157974
0.12623294818195535 1.0002560197669217 0.00032807241102180643
0.12733173126889596 0.9999105215305457 0.0003349583861108404
0.12762185598694892 1.0002613878260418 0.00032808008391065015
0.12872065141436906 1.000174245803095 0.0003350092579501385
0.12901076355956456 0.9994560096881249 0.00032797589758918965
0.1301095713270115 1.0005269983240186 0.000335047618081263
0.13039967136592168 1.0008311356676134 0.00032816346470650344
0.1314984912410182 1.0002348615999468 0.00033498248032248876
0.1317885789385427 1.000772139653109 0.00032814337646477253
0.1328874113874008 1.000349966853786 0.0003350205785738876
0.1331774867444471 0.9996740264803923 0.0003279455766953132
0.134276331300498 0.9995975528103928 0.00033492020443174394
0.13456639431842632 0.9997923293160026 0.00032798563751822407
0.13566525144597108 0.9997557420857451 0.0003349824822427335
0.1359553018919582 1.0000268442819749 0.00032805663119926887
0.13705417135997777 0.9995505482301534 0.0003349616882688528
0.1373442096974045 0.9999132588286608 0.00032794487928646134
0.13844309127352972 1.0002772906854875 0.00033512833676925253
0.13873311727047824 0.9999424654155669 0.00032801668770828933
0.13983201141945756 0.9997912467001979 0.000335056303081681
0.1401220250772935 0.999235006595612 0.00032787278088544094
0.1412209313321 1.0002808186836694 0.0003350755755770071
0.14151093264990913 1.0001404521254522 0.000327967898025018
0.1426098514784826 1.000251953164223 0.00033516700843972416
0.14289984022298288 1.000592670126099 0.0003280772447552975
0.1439987713924893 0.9992550996850316 0.0003350183625860895
0.14428874802934 1.0004981553466492 0.00032798961661318336
0.1453876913055865 0.9998665936665044 0.0003351169823691768
0.14567765560241377 0.9997449876032708 0.0003279209614433254
0.14677661145105958 1.0000201942559852 0.00033510701244816464
0.14706656340786545 1.0000566782619227 0.0003279725164140105
0.14816553136461152 1.000199657064475 0.0003351471183085596
0.14845547098184464 0.9994073272667536 0.0003279440477213756
0.14955445151144886 1.000203447148736 0.0003351792807027572
0.14984437855537652 0.999855372844019 0.0003279658338618985
0.15094337142454606 0.9989814616668333 0.00033504166267850057
0.1512332863603701 1.0000863704149041 0.0003279783954502241
0.15233229156910966 0.9999074736029676 0.0003352118898475394
0.15262219393298573 1.0002764851285642 0.00032796104278695967
0.15372121148220685 0.9997931554883851 0.0003351087516741401
0.15401110173934285 0.9997391750888712 0.00032787903118155815
0.15511013139621355 1.0008323888512825 0.00033530790109079163
0.15540000931196388 1.0002807847983746 0.00032807299862431074
0.15649905154168664 0.9994473645986066 0.0003351085104442007
0.15678891688503763 1.000271969039978 0.00032798470157014586
0.15788797145478384 1.0000486082162543 0.0003350794820801643
0.15817782469139477 1.0007777014523374 0.00032798798041128684
0.15927689160116643 0.9996341928957304 0.0003352110975695114
0.15956673226537937 0.9996587396898888 0.00032787407602072083
0.16066581151517312 1.000056188419294 0.00033531626396595814
0.16095564007082566 1.000343377650221 0.0003279324691226348
0.1620547316615557 1.0000038443790373 0.0003352681480403402
0.1623445476438994 0.9998799675051613 0.0003278898873943262
0.16344365157419816 0.9999155077679833 0.0003353850113371969
0.16373345521742588 1.0003165684152995 0.00032795692293913556
0.164832571720126 1.0000524227629373 0.0003353732373912114
0.1651223630233303 0.9994274685599295 0.00032785716105339965
0.16622149163367794 1.000056332042472 0.00033536576978297414
0.16651127059640405 0.9997127565446293 0.00032789969492493757
0.16761041178051528 0.9998943417913011 0.0003353975829240087
0.16790017840276117 0.9994272397648991 0.000327826733619296
0.16899933169315773 0.9997592268296644 0.0003353801350963928
0.16928908597583495 1.0003341069405158 0.0003279629380798889
0.17038825183908557 0.999625780435883 0.00033539533392983235
0.17067799354845598 0.9998424499321472 0.00032791572967290225
0.17177717175263751 0.9999811534975618 0.00033554242872227234
0.1720669013548131 0.9992419127934933 0.0003277795939638961
0.17316609189947485 1.0001142545856723 0.00033549474927183136
0.1734558089287977 0.9996848296594265 0.0003278619646433538
0.1745550118121173 0.9999284283196785 0.0003354641787704463
0.17484471673379126 0.9997270873516738 0.00032784659091414993
0.17594393195804514 0.9999906169236414 0.0003354894741813994
0.17623362430595416 1.0003167269659217 0.000327949156343823
0.17733285187114234 0.9999063325803019 0.0003355835835659493
0.17762253187993338 0.9994821604765745 0.0003277375666307559
0.1787217717837848 0.9996133630999237 0.00033546310390203865
0.17901143968538505 0.9997669108665099 0.000327846271944934
0.18011069192971263 0.9998526540095786 0.0003354997179622998
0.1804003472584588 0.999736462392636 0.0003278480958676897
0.18149961184280983 0.9995795281781976 0.00033561306029525475
0.18178925506481594 1.0000057772644915 0.0003278546338536587
0.18288853198919242 0.9996651357576491 0.00033556479894632273
0.1831781626378897 1.0004746757537788 0.00032794253306440133
0.18427745190274436 1.0006483511897966 0.0003357456749100665
0.18456707021050534 1.0001490527726924 0.0003278482715823063
0.1856663720486722 0.9998656692400949 0.00033569139051926834
0.18595597801732058 0.9998850513377794 0.00032778555364093717
0.1870552919617694 0.9996009457852272 0.0003356400449199341
0.18734488559084705 1.000055378368576 0.0003278555277071114
0.188444212108152 1.0001232900392565 0.00033573688927342687
0.18873379316392083 1.000465753705716 0.000327962166570329
0.18983313225453458 0.9999378216052325 0.00033576989525684124
0.1901227009693725 0.9998495464944476 0.00032779082178352285
0.19122205216763177 1.0001613803813496 0.00033576332961129246
0.1915116085433517 0.9998825666606634 0.00032778286843797267
0.19261097231355961 0.9996905941410661 0.00033574236106402735
0.19290051634925612 0.9998104614489743 0.0003278125110809048
0.19399989222711156 1.0000139068608593 0.0003357791787094924
0.19428942392187715 1.0001381184892786 0.00032783810892892296
0.19538881237349415 1.0004320870516386 0.0003358729096199079
0.19567833149540362 0.9998196482746633 0.00032778796198023723
0.1967777322870461 1.0003644880612583 0.00033592261710196816
0.19706723930176076 0.9999463513918637 0.0003277013249137344
0.19816665243297393 0.9998397133751317 0.00033585974921199093
0.1984561468743818 0.9994688827618848 0.00032765138177001603
0.19955557234607113 0.9998488666050673 0.0003359010186230302
0.19984505467937533 1.0005867654244514 0.0003278947273713848
0.20094449249154422 1.0005065989591595 0.00033599192707773197
0.20123396225290183 0.9996396311213421 0.00032767889093245013
0.20233341240464142 0.9996441867702484 0.0003358658319761358
0.20262286982597558 1.000235046169433 0.00032779839111595204
0.20372233255056926 1.000505717199752 0.00033612372661030135
0.20401177763187997 0.9995379124524476 0.0003276621696441405
0.20511125246366646 1.0000228943116762 0.0003360764254910743
0.20540068520540647 0.999739764152561 0.0003277540548354241
0.20650017261004905 0.9994522357395288 0.0003359507668824398
0.20678959277848022 0.9997375637986018 0.0003277575956215887
0.207889092523601 0.9997913989984691 0.00033608843370892344
0.2081785005839265 1.000025767728456 0.0003277737653293015
0.20927801266952883 1.0000952848254991 0.00033612851008028985
0.2095674081574584 0.999969753380927 0.00032771291025570276
0.21066693281500193 1.0002814205590014 0.00033615101202079373
0.21095631596426823 0.9996130848243655 0.00032776359123838606
0.21205585272900862 0.9998566387817188 0.00033611130517452014
0.212345223537342 0.9994635669953681 0.0003276341793032072
0.2134447728753912 0.9999381343378855 0.0003361637767249974
0.21373413110996303 0.999531271061687 0.0003276834926292618
0.2148336927884884 1.0001954205443275 0.00033625968964614856
0.21512303891632015 0.9998663156205608 0.0003276382928873271
0.2162226129339615 1.0003243497088614 0.00033624358022850897
0.21651194648984665 1.000583002332056 0.00032777519362177225
0.2176115328479682 0.9998748978908725 0.00033619793766488106
0.21790085406246767 1.000837474501646 0.0003278722579571911
0.21900045299435078 1.000843808173574 0.0003363972601974129
0.2192897618688248 1.0003188887431393 0.0003277778230283156
0.22038937314027862 0.9997983369819746 0.00033628521897421156
0.22067866944144043 1.0001646630543979 0.00032778828929657267
0.22177829305292107 0.9998940149005114 0.0003363518896384392
0.22206757724780296 0.9997770067293428 0.0003275805147954626
0.22316721319930366 0.9993964742645497 0.0003362522436408896
0.2234564848204186 1.0003261723580643 0.0003276810126924616
0.2245561331128556 1.0007736351467256 0.000336508624639909
0.22484539239349235 0.999753237891626 0.0003276170444135502
0.2259450532574192 0.9999077687945993 0.00033645349656143033
0.22623430019939675 0.9994842939410875 0.0003275684694214545
0.2273339731705164 1.0007924180072936 0.0003364854839316877
0.2276232077720124 0.9996822109265592 0.00032758490100001945
0.22872289331735374 1.0003418940165438 0.00033651171015276266
0.229012115345997 0.999775122857466 0.0003276028456954248
0.23011181346373633 1.0001691785722053 0.0003365272869878008
0.2304010231519014 0.9996716721151364 0.00032765937523080216
0.23150073337728827 1.000058317552263 0.00033656555921205073
0.23178993072451703 0.9998860366977383 0.00032760739576590344
0.23288965352276136 1.0001810491607546 0.00033664631254074455
0.23317883853087956 0.999779189139797 0.0003276488812395578
0.23427857343585856 0.9998139514303122 0.00033655362071442546
0.23456774610440603 1.0005922350286047 0.00032764968676938713
0.2356674935826959 0.9997122077680672 0.00033660935090613984
0.23595665367793253 0.9995631701609949 0.00032759680532515616
0.23705641372907849 0.9999886217838423 0.0003367114320324854
0.2373455614833842 0.9993607937775458 0.00032750327316321133
0.23844533364172094 1.000735498092548 0.00033683396806601014
0.23873446905691068 0.9996750374425882 0.0003275211596406397
0.23983425378764878 1.0001768785360614 0.00033680395041459733
0.24012337662998443 1.0002680611258814 0.0003276147897290995
0.24122317370165547 0.9996925081509676 0.00033670171493751204
0.24151228443588885 1.0007533981029244 0.0003276901458236585
0.24261209384803806 1.0003803901921795 0.0003367711495787692
0.24290119200941532 0.9993136743370363 0.00032751141320535974
0.24400101399351115 1.0006904721972958 0.00033685859500866234
0.24429009958203096 0.9999820239474715 0.00032761787562547576
0.24538993390660835 0.9999362790080668 0.00033678403045031915
0.24567900738793536 0.999740911970739 0.00032756671118457087
0.24677885405299094 0.9998628406295641 0.00033676521502341237
0.24706791496100913 1.0003107522461223 0.00032759609149699427
0.24816777419982827 1.0006676375479358 0.00033695991051616654
0.24845682276691353 0.999996459226678 0.00032755793414725827
0.24955669411201598 1.000517685723689 0.00033693987301212935
0.24984573033998728 1.0005281588663173 0.00032767728697675265
