-0.2703790428558932 0.9993684017829912 0.0007554092343149832
-0.2689901393939632 0.9997603251759274 0.0007558782776701665
-0.2676012356985208 1.000791007518564 0.0007556650288709699
-0.2662123322363644 1.0001339602131016 0.0007561224157276739
-0.2648234285413761 0.9995046804479758 0.0007552839757547575
-0.2634345250794474 0.9994154112608595 0.0007556532693870125
-0.2620456213846868 1.0013154929386108 0.0007562126330524334
-0.2606567179225291 1.0005459633571705 0.0007557676737089504
-0.25926781422776846 0.9999411248303763 0.0007555744339648529
-0.2578789107649303 1.0002310852988396 0.0007559951450151123
-0.25649000707016967 0.9997512777554123 0.0007558892548899187
-0.2551011036082397 0.9996554611493416 0.0007558455575254746
-0.25371219991279725 0.9995526257081242 0.0007559384647029549
-0.2523232964506409 1.001379635638907 0.0007561196175351368
-0.25093439275656204 1.0000209738341885 0.0007556793066081699
-0.24954548929395026 1.0010186523734375 0.0007554702449130243
-0.24815658559828147 1.0000219266128185 0.0007556908260340454
-0.24676768213680556 0.9993657407534297 0.0007556960987224667
-0.24537877844204625 1.000858702044333 0.0007560650752086726
-0.24398987497920677 1.0001695662333692 0.0007556686737316881
-0.24260097128444613 1.0001039059831973 0.0007558010935888758
-0.24121206782251614 1.0013574365706424 0.0007555920064686762
-0.23982316435990436 0.9991598451998993 0.0007557362328397399
-0.23843426066491735 1.0009792157932804 0.0007561449490418746
-0.23704535720366915 1.0009269902259723 0.0007562585612365514
-0.23565645350868214 1.0001950527148729 0.0007556272693346748
-0.23426755004607036 1.0006692720257757 0.0007558435416269745
-0.23287864658391266 1.0002278132041342 0.0007555453361978382
-0.23148974288915203 0.999129078968392 0.0007554435296529279
-0.23010083942722337 0.9982907831205078 0.0007553743123940713
-0.22871193596506567 1.0001278416317405 0.0007558251119924863
-0.22593412880746688 0.9994374193345464 0.0007552206406230956
-0.22454522511270625 1.0002469731198411 0.0007560555892724432
-0.22315632165009447 1.0002363673014432 0.0007555061899319979
-0.22176741818816448 0.9992536825337409 0.0007554109463600628
-0.22037851449385926 1.0005066639473041 0.0007556184400912472
-0.21898961103101977 0.9978476938743321 0.0007550939879753431
-0.217600707568408 0.9995640981256935 0.0007555181014016288
-0.21621180387433048 0.9997827057870905 0.0007556286378762159
-0.213433996949561 0.998967409056828 0.0007551251245172685
-0.21204509348740463 1.0002471860989686 0.0007556459152385465
-0.210656189792644 1.0008475484823938 0.0007555954583678289
-0.20926728633003222 0.9987444184961968 0.0007553375037894964
-0.20787838286810223 1.0001958225242833 0.0007554291802302154
-0.20648947940662765 1.0003168372684483 0.0007554094259251142
-0.20510057571186702 0.9997607041990636 0.0007554570864327738
-0.20371167224925524 1.00141648829539 0.0007561136713208468
-0.20232276878709887 0.9988744006183292 0.0007554151049905801
-0.20093386532494117 1.0007623173207787 0.0007556152887547833
-0.19954496163018187 0.999379077964724 0.0007552931769394643
-0.19815605816825188 0.9990399613125849 0.0007554018740110023
-0.1967671547056401 1.0000793272099715 0.0007555571749749214
-0.1953782512434824 0.9991372294171715 0.0007552733884370697
-0.19398934778132604 1.000774428564146 0.0007555242920163228
-0.19260044408588362 1.0012205738149995 0.0007557780176954619
-0.18982263716247905 1.0005096274812482 0.0007555682384192842
-0.18843373369986727 0.9989220839575175 0.0007552249042293243
-0.1870448302372555 0.9998849523373969 0.0007553492027054065
-0.18565592677577958 1.002416825094774 0.0007562523094484427
-0.1842670230803385 0.9992876804082457 0.0007552746144209941
-0.182878119617499 1.000248317988036 0.0007556595254489911
-0.1814892161562508 1.0005902383438645 0.0007555780239435674
-0.18010031269500393 1.000148633730877 0.0007556859338561736
-0.17871140923216444 1.0004123133781757 0.0007555755169049974
-0.17732250576955266 0.9999525996981387 0.0007551821368136469
-0.17593360230807809 1.000442321154694 0.0007553983753711616
-0.1745446988461481 0.9997575225184883 0.0007554068087678298
-0.1731557953833086 1.00088106083631 0.0007560746866237625
-0.1717668916885493 1.0007183745489616 0.0007555245843019143
-0.17037798822661931 0.9993547518867374 0.0007553353779377368
-0.16898908476400754 0.9983909951463682 0.0007548792344789179
-0.16760018130184984 0.9996827377162689 0.0007551604497952086
-0.16621127783969347 0.999587465329343 0.0007554301227905457
-0.16482237437776348 1.0002686705808095 0.0007553279288710715
-0.1634334709158335 0.9996185509748327 0.0007555708031333006
-0.1620445674532217 1.0008886555767722 0.0007555327014824363
-0.16065566399106535 1.0011918572143625 0.0007557422911784702
-0.15926676052981714 0.9994112184324834 0.0007551300005644872
-0.15787785706720536 1.0007056072134135 0.0007554733446343126
-0.1564889536043672 0.9996287978552447 0.0007551612929588777
-0.1551000501428913 1.0000184588415468 0.0007551994481550685
-0.15371114668027952 1.0001947106349878 0.0007553046543746299
-0.15232224321766774 0.9993690672162538 0.0007552180007747624
-0.15093333975642087 1.0012434048691072 0.0007559347944169204
-0.14954443629494496 0.9997276445541118 0.0007554923392959963
-0.1481555328321068 0.9996621462300664 0.0007552721347846298
-0.14676662936949503 1.0008198037139346 0.0007556285637725774
-0.14537772614107747 1.001314138221856 0.0007559786013550093
-0.1439888226789211 0.9999730860809547 0.0007551877123229844
-0.14259991921630932 0.9991236307101997 0.0007550467813390742
-0.14121101575415163 1.0002209083895885 0.0007553064988166813
-0.13982211229222163 0.9998670976861779 0.0007552258205206948
-0.1384332088296112 1.0000297720307967 0.0007558273721602395
-0.1370443053676812 0.9993882439469257 0.0007550821254329451
-0.1356554019055235 0.9992310470728522 0.0007549227827782113
-0.13426649844336713 0.9999316432707623 0.000755156445379371
-0.13287759521426779 1.0006916660434368 0.0007553607170009322
-0.131488691751656 0.9994951831613396 0.0007552683195949676
-0.13009978828972601 1.000570078308062 0.000755410150937521
-0.12871088482825144 1.0008133781775042 0.0007553426201873437
-0.12732198136541195 1.0005114884229747 0.0007554843731169009
-0.12593307790280017 0.9992571195292057 0.0007551684398923597
-0.12454417467438395 1.000262235732298 0.0007546008086755428
-0.12315527121222625 0.9995020842555373 0.0007550742034464559
-0.12176636774961447 0.9992679511838838 0.000755138459975228
-0.12037746428768582 0.9976694530732327 0.0007544991415639191
-0.11898856105904054 0.9998804324913987 0.0007551868333501053
-0.11759965759642876 0.9996925056407708 0.0007551432966363666
-0.11621075413381698 1.0005297210675594 0.0007558700830425306
-0.11482185067234241 1.000558900662761 0.0007556827211864557
-0.11343294744256127 1.0007417104213887 0.000755565900384408
-0.11204404397972179 0.9991333575410458 0.0007550886057283554
-0.11065514051847491 1.000944176291338 0.0007554588941439395
-0.10926623705631722 1.0009136607336955 0.0007554413270992511
-0.10787733382653608 1.0002133657259356 0.0007554099783978251
-0.10648843036460608 0.9997710300952449 0.0007556171061003199
-0.10509952690267743 1.0000929128630243 0.0007555965148848797
-0.10371062367335038 0.9983677815285427 0.0007551222346384808
-0.10232172021119401 1.001068223061787 0.0007557389129691115
-0.10093281674858223 1.0011185706068655 0.0007554174535089823
-0.09954391351948289 1.0000931706802185 0.0007558390343018278
-0.0981550100575529 1.0000667077446934 0.0007554130235951878
-0.0967661065947134 0.9982061395408031 0.0007549832359364551
-0.09537720336561539 1.0007203412041472 0.0007555922290284628
-0.09398829990413947 0.9994854778637373 0.0007555501814285034
-0.09259939644221082 0.9996882633055298 0.0007551584268572791
-0.09121049321242969 1.000743006414976 0.0007554366056699101
-0.08982158975027199 0.9990784851624619 0.0007552712260500926
-0.08843268652185576 1.0008627547100586 0.000755640637369173
-0.08704378305924398 0.9993103050252324 0.0007554422300355306
-0.08565487982923514 1.0005242549235576 0.000755518631048236
-0.08426597636776056 0.9981224911192648 0.0007549583720744099
-0.08287707290514879 0.9996964344740829 0.0007552825408322477
-0.08148816967536765 0.999790845918501 0.0007555395472974925
-0.08009926621411945 1.0014071680691348 0.0007557841667509794
-0.07871036298479372 0.9993600676808001 0.0007552234490020921
-0.07732145952218195 0.9990587611010725 0.0007549059047519048
-0.07593255629285489 1.0009773057032507 0.0007555505143372569
-0.07454365283092625 0.9986666345030999 0.0007550148057515011
-0.07315474960182689 1.000954981640485 0.000755711684261201
-0.07176584613966919 1.0002840399247397 0.0007557489496443358
-0.07037694290988805 0.9996209620146345 0.0007555145573952903
-0.06898803944773169 0.9996359430519375 0.0007552726658748007
-0.06759913621863234 1.0012051812177571 0.0007558201588084615
-0.06621023298953299 0.9992432844701193 0.0007551428178594809
-0.06482132952737663 0.9989991460055956 0.0007548535997892972
-0.06343242629804957 0.9988412235959282 0.0007549469189157115
-0.06204352283612092 0.9995519935608287 0.0007551245472744491
-0.06065461960633844 0.9980128020226513 0.0007544986752630915
-0.05926571614440979 0.9977641456832707 0.000754362673360143
-0.057876812915082725 0.9988852592217555 0.0007550070249803642
-0.05648790968530159 0.9973754377356977 0.0007543885437158023
-0.05509900622314524 0.998925644457337 0.0007553380877443983
-0.053710102994727664 0.9984804500412272 0.0007551521976887246
-0.05232119976494653 0.9990245558482571 0.0007553624979436881
-0.05093229630210704 0.9986321152356208 0.000754762047936386
-0.04954339307369082 0.9986735338704703 0.0007550953787233028
-0.04815448984459147 0.9964979260592665 0.0007545122600361129
-0.04676558638175333 0.9968301352576678 0.0007544366722610012
-0.04537668315265398 0.9985902986735155 0.0007548312248675945
-0.04398777992332691 0.997647797189355 0.0007545870239759142
-0.042598876460715134 0.9990700117682636 0.0007549306410780241
-0.041209973231389425 0.9971447327024568 0.0007543095075737445
-0.03982107000229007 0.9976583439761816 0.0007548627241833233
-0.03843216677319072 0.9975486004787348 0.0007548963846459406
-0.037043263311034365 0.9957215806347152 0.0007539768760092914
-0.03565436008193501 0.998605281005104 0.0007548745164130002
-0.034265456852835656 0.9975396201763851 0.0007546691009311976
-0.03287655362350995 0.9967125870936504 0.0007539843162151283
-0.031487650161352236 0.9978521507119937 0.0007545695004392234
-0.030098746931571104 0.996759294840785 0.0007546585689826499
-0.0287098437024731 0.9986912692222859 0.0007550239191548678
-0.02732094047337375 0.9970678980611174 0.0007545564695070007
-0.025932037243364903 0.9987070649411292 0.0007546296650566834
-0.02454313401426555 0.9960664895623499 0.0007540859405202277
-0.023154230552790978 0.9978672860154659 0.0007545944271178154
-0.021765327323009842 0.9966514528628857 0.0007542372169422677
-0.020376424093000996 0.9974446755291768 0.0007544395394406077
-0.018987520864584776 0.9957919895934941 0.0007535134431749552
-0.01759861763480364 0.9981616706654015 0.0007546916245872394
-0.016209714404794795 0.9980194852915429 0.0007542191882188107
-0.014820811176377229 0.996400330989054 0.0007547765588220368
-0.013431907947279224 0.998455531441602 0.000754588246246984
-0.012043004484439734 0.9969484873168567 0.0007543201115070656
-0.010654101255340383 0.9970009807965592 0.0007543347023657943
-0.009265198026696453 0.9970215047906041 0.0007546930605112817
-0.007876294797597102 0.9973158193857885 0.0007542479578842552
-0.0064873915678159665 0.9967116679789438 0.0007541126130438561
-0.005098488338490251 0.9967237986590867 0.0007541299368243562
-0.0037095851093909005 0.999411122706266 0.0007553319141649155
-0.0023206818793820544 0.9968616466398713 0.0007542589397772718
-0.0009317786502840506 0.9977928866708784 0.0007548372213111511
0.00045712457881530064 0.9978318624023453 0.0007548194282311044
0.0018460278081423624 0.9979518004721595 0.000754674549857608
0.0032349310372417135 0.9975386365498363 0.000754433631976616
0.004623834267249213 0.9958382379803086 0.0007537014110675345
0.006012737496348564 0.9960567642450101 0.00075411330127877
0.007401640724992494 0.9972473633709248 0.0007543791529522657
0.00879054395477363 0.9960594195441395 0.0007542567185038109
0.010179447184554765 0.9956569243417631 0.000753909302701612
0.011568350412972331 0.9964950362586865 0.0007543326394451898
0.012957253410150534 0.9985340368804981 0.000754599533385883
0.014346156640158033 0.9972911584741467 0.0007541244568018056
0.0157350598685756 0.9970354044396013 0.0007546232468853794
0.01712396309699182 0.9978412362083681 0.0007546810874982118
0.018512866326772955 0.9981930350520006 0.0007545685375924291
0.0199017695567818 0.9987544920855322 0.0007548561801425825
0.02129067278542573 0.9978646973228323 0.0007546544537397931
0.022679576014525082 0.9976555563288931 0.0007544011644715217
0.024068479011475574 0.9977295329597171 0.0007543290775259735
0.025457382240574925 0.9995341082535927 0.0007547499576179849
0.02684628546990064 0.9983506716300123 0.000754860057772136
0.028235188699681776 0.9970965833485813 0.0007545014932095853
0.029624091929008837 0.9974837347996851 0.0007542217002166527
0.031012994925277544 0.9986009856793276 0.0007544899784488169
0.032401898154375545 0.9973174428711902 0.0007543812113816289
0.033790801383702614 0.9982311646421653 0.000754721396297192
0.03517970461348375 0.9994402519252831 0.0007550191429904552
0.036568607609978813 0.9975218687886603 0.0007544057952005144
0.03795751083907817 0.9974278602274743 0.0007541117076906899
0.03934641406908702 0.9975361219993159 0.000754412476275847
0.040735317298186365 0.9989160947791261 0.0007547096969351254
0.04212422029377194 0.9991342950440925 0.00075470196258968
0.04351312352378079 0.9981148985537293 0.0007546278433741525
0.044902026753561926 0.9979185655356545 0.0007542763853862273
0.046290929749147496 0.9976536012958266 0.0007543853776116879
0.04767983297779143 0.9989312279514486 0.0007549839967542123
0.04906873620757391 0.9983821504629292 0.0007546259723773548
0.050457639204750764 0.9974437263305972 0.0007542492326335916
0.05184654243316834 0.9974688293426801 0.0007542799815331613
0.05323544566294947 0.9982616155764403 0.000754347235298718
0.054624348660126325 0.9979143932205395 0.0007544727337832244
0.05601325188854389 0.9992850298982434 0.0007544582575252149
0.0574021548848126 0.9989078661038884 0.0007549134598018414
0.058791058114821444 0.998199456966849 0.000754649437282651
0.060179961343919446 0.997978309487415 0.0007541457541387726
0.06156886434041587 0.9977039498557991 0.0007545062625658198
0.06295776756951386 0.9978558350093577 0.0007544002352009421
0.06434667056578258 0.9991828746693672 0.0007550966597449088
0.06573557379579142 0.998434119893995 0.000754522880045159
0.06712447679206013 0.9979983379852794 0.0007542279402505272
0.06851338002138585 1.001299413478314 0.0007553885609172976
0.06990228301833634 1.0001409700972044 0.0007549733558274722
0.0712911862476634 0.9978094810182485 0.0007542590337514867
0.07268008924324898 1.0009711257348202 0.0007550133972892867
0.07406899247234833 0.9994334250058016 0.000754625342412032
0.07545789546952653 0.9997133895348361 0.0007551036010329158
0.07684679869862589 0.9984837830460436 0.0007545122821599673
0.07823570169489324 1.0007687635643951 0.0007551650895141762
0.07962460492490209 1.0002025773370453 0.0007549936148145239
0.08101350792117079 0.9989038185911426 0.000754812318046985
0.08240241091675637 0.9989536754623652 0.0007547434945826812
0.08518021714394342 0.99880828590969 0.0007544444365471115
0.08656912037235964 1.0005813527932628 0.0007551487298014291
0.08795802336862835 0.999580686822995 0.0007546958202477019
0.08934692636580654 1.0001375249897122 0.0007551419785986321
0.09073582959490455 0.9998477616087422 0.0007550678661194653
0.09212473259117326 1.0004320929825052 0.0007547455073131468
0.09351363558835146 0.9993020470388021 0.0007547258003116936
0.09490253881745081 0.9995942600895903 0.0007550232149100735
0.09629144181394589 1.0010892151711832 0.0007553138852856245
0.09768034481021459 0.9989403487139866 0.000754961131497744
0.09906924803931394 1.0009575055939228 0.000755347179824805
0.10045815103649079 1.000459077321095 0.0007550114000376521
0.10184705403275951 0.9991712130081343 0.0007544298805126837
0.10323595702834643 0.999490322599071 0.000754798373873055
0.10462486025767215 1.0004700693810347 0.0007549815134074038
0.10601376325462264 0.9986828711095977 0.0007546187124560706
0.10740266625111905 0.9988475929531915 0.0007549086791500946
0.10879156924738641 0.9985410623039603 0.0007548227137498056
0.11018047247739526 0.9998507577213431 0.0007547565101705165
0.11156937547366397 1.0011658011043805 0.0007549666151021772
0.1129582784692509 0.9995654075348882 0.0007549004348521076
0.11434718146642775 1.0016922077025447 0.0007555458445065446
0.11573608446337824 1.00087218413501 0.0007552725916165332
0.1171249876917958 0.9986026063017349 0.00075466258569363
0.11851389068829088 1.001061599432036 0.0007551449289908068
0.11990279368524137 0.9996509700817554 0.0007551509120452642
0.12129169668173778 0.9995209708007656 0.0007545342071593557
0.1226805996780065 1.0013486548331698 0.0007554422743232262
0.12406950267518335 0.9987198996967068 0.000754354886008812
0.12545840567145206 0.9998492861807808 0.000755260287847621
0.12684730866772076 0.9993280897188322 0.00075478740353641
0.12823621166421584 1.0014308609285083 0.000755554529091067
0.12962511466048454 0.9997365396838738 0.0007549500193465648
0.1310140178895839 1.000857653864282 0.0007555606898372303
0.13240292088607897 0.9996824838217947 0.0007554544031938473
0.13379182388302946 0.9997162922311456 0.0007549242928929121
0.13518072687952587 0.9990532662730277 0.0007550461000846191
0.13656962987579324 0.998476544246115 0.0007549494072068291
0.13795853287206195 0.9993816112325308 0.0007551035550605013
0.13934743586855836 0.9986110534003891 0.0007544235290081009
0.14073633886550885 1.0002659809739072 0.0007552353451656768
0.14212524186200393 0.9994942270084921 0.000755489592728025
0.14351414485759084 0.9996981767374632 0.0007549897576543749
0.1449030476217107 0.999383966067889 0.0007551551323111167
0.14629195061888756 1.0002237218505166 0.0007549593315549193
0.14768085361447447 1.0004080364730075 0.000755130744055461
0.14906975661165267 0.9996001760749316 0.000755096610428826
0.15045865960860316 0.9991726039388767 0.0007549609880755368
0.15184756260418875 1.00127723957178 0.000756185684075679
0.15323646560068516 1.0001836036466398 0.0007553201220778206
0.15462536859763565 1.0009569596758838 0.0007552401797103473
0.15601427159413073 0.9994390612903233 0.000754893311821703
0.15740317459039943 1.0016301967059573 0.0007555989425347624
0.1587920773538375 0.9987663017606128 0.000754844091288252
0.16018098035033257 1.000096686441346 0.0007553074731534379
0.16156988334660127 1.0006284650865498 0.0007553398876054551
0.16295878634286998 0.9996414707486688 0.0007551857481958334
0.16434768934004684 0.9997076740619374 0.0007552559434335914
0.1657365921034849 1.0004455757023831 0.0007554350014844089
0.1671254950999813 0.9988267570364214 0.0007551154302645006
0.16851439809625002 1.000825786151989 0.0007556868797636013
0.1699033010925174 0.9987501827810052 0.0007548369214251846
0.17129220385686494 1.0013026911169327 0.0007555205201387235
0.17268110685313365 1.0010119107298974 0.0007554777404496608
0.17407000984962873 1.0004101000839491 0.0007553253556299454
0.17545891284657922 1.0013218735238176 0.000755659066825434
0.17684781561024498 0.9996624159656886 0.0007550805392449477
0.17823671860583057 0.999656342329718 0.0007549461868488842
0.17962562160278106 0.9997960198750232 0.0007549619548748749
0.1810145243669009 0.99917705254301 0.000755102292746232
0.1824034273627142 1.0002474358301132 0.0007553456312691732
0.1837923303589829 0.9987957310520394 0.0007548792433780092
0.18518123312333046 0.9999567767094335 0.0007556009971385407
0.18657013611959916 1.0008956255680264 0.0007553151847669772
0.18795903911518475 0.9981764214327576 0.0007544393289591064
0.1893479418795323 0.9984271403221353 0.0007549281753931733
0.1907368448767105 0.9991511416721807 0.0007551994386553699
0.19212574763946544 0.9985329044491063 0.0007544248128265421
0.19351465063573414 1.0015890090346684 0.0007553840095182475
0.19490355363291234 0.9988339159585977 0.00075498421520746
0.1962924563963504 1.001301838052918 0.0007553357481366974
0.19768135939261777 1.000777564976092 0.000755249601315615
0.19907026215628354 1.0001702742176972 0.000755094269887076
0.2004591651525509 0.999653386648206 0.0007552066379783392
0.20184806791689847 1.0001426438065084 0.0007554046704252357
0.20323697091316717 0.9993881143443906 0.0007551759518972921
0.20462587367660523 1.0006941494276302 0.0007553784715991976
0.20601477667355572 0.9998903409942631 0.0007551935796415793
0.20740367943722016 1.000356714610809 0.0007552185180789478
0.20879258243280707 0.9978211266418346 0.0007542553738994308
0.2101814851971533 1.000699159151579 0.0007553112685907633
0.21157038796127448 1.000386362326661 0.0007551819726188472
0.21295929095708777 1.000580430594967 0.000755328448670052
0.2143481937212076 1.002242503774812 0.0007556765106897244
0.2157370967181581 1.0004766078191543 0.0007553153044650938
0.21712599948114075 0.9995797163740358 0.000755091916021557
0.2185149022438957 0.9999649964329699 0.0007553023339528707
0.2199038052410739 1.0010940468326814 0.0007558379571342355
0.22129270800519374 0.9998614109508209 0.0007551809419228838
0.22268161076795 0.9998622465222903 0.0007550589126611698
0.2240705137644451 0.9992692020205172 0.0007554759824131049
0.22545941652856494 1.002294075527329 0.0007557774477175985
0.2268483192922307 1.000889021495342 0.0007554769145438654
0.22823722228849808 0.9990670568930994 0.0007551282896855615
0.22962612505284563 0.9986353163275317 0.0007546041261150413
0.2310150278162837 1.0001385867721069 0.0007550250564385402
0.2324039308125524 1.0003072836706886 0.0007554522742235909
0.23379283357621683 0.9998265386155758 0.0007549722223677324
0.2351817363396549 1.0001644151552913 0.0007551695171705199
0.23657063910400244 1.0003670440406418 0.0007553100704017972
0.23795954210026982 0.9991138651705914 0.0007545888430157325
0.2393484448630261 1.0003358524049522 0.0007551808810675915
0.24073734762737364 0.9986932798200308 0.0007546038892470716
0.2421262503914935 0.9993042728764638 0.0007550199773031526
0.24351515315424843 0.9992096553709329 0.0007546323620151312
0.24490405615074484 1.0001670197732127 0.0007551405003062129
0.2462929589148647 1.0005772382654805 0.0007549049688657096
0.24768186167852912 1.0004436691906329 0.0007549608152913914
0.2490707644412854 0.9989902818496913 0.0007547576816686158
0.25045966720540525 0.9992605001361861 0.0007546022626186985
0.2518485699695251 0.9988455222321491 0.0007548577652520703
0.25323747273250774 1.0002386823212113 0.0007550065235122324
0.2546263754968553 1.000054523342181 0.0007552725440924792
0.25601527826097514 0.9981816277077818 0.0007544649374129103
0.2574041812565607 1.0008885538690544 0.0007554825939414472
0.2587930840202265 1.0006352344653269 0.0007551432155878752
0.26018198678434634 1.0004169073923919 0.0007553580141822621
0.2615708895480108 1.0008038411989806 0.0007550846274418671
0.26295979231144884 1.0011836362467468 0.0007553179390999388
0.2643486950748869 1.0003493011833382 0.0007552450351075072
0.26573759783855133 1.0010822166797806 0.0007552568880777522
0.2671265006026712 1.0009926786083356 0.0007553437534749108
0.26851540336610924 1.0006572991517138 0.0007554891233643121
0.2699043061295473 0.9991704211814998 0.0007548981665919692
