-0.21862849146828012 0.9998959692183285 0.00255680940527044
-0.2182484226162682 1.0046727301663476 0.002442395728015895
-0.21803560717348974 1.002219557190292 0.0025030355429175198
-0.21745193506549487 0.9990826270616022 0.002487669915921677
-0.21723946291058382 0.9996779233431342 0.0025551352873137067
-0.2168594009270752 1.0006500895230679 0.0024416846902306118
-0.2166465847048598 0.9995810188355496 0.002500541352940086
-0.2160629055187231 0.9943117387999346 0.002484383865664855
-0.21585043435425177 0.9996219511846404 0.002555946075351694
-0.21547037935566382 1.0001375395082983 0.002440536343144306
-0.21525756224032327 0.9948062381666576 0.0024970566545136842
-0.21467387603015897 1.001093145736803 0.002487756523183695
-0.21446140585567264 0.9990373500323723 0.002553914387196654
-0.21408135766647085 1.001899760639826 0.00244090466582872
-0.21386853977806114 1.0033096745714254 0.002501206813681093
-0.2132848464833872 1.0007704436471334 0.0024885214222463577
-0.21307237729888584 1.0002509326867706 0.0025546327620682716
-0.21269233609414862 1.005127523317801 0.002442493255602556
-0.21247951731852616 1.0024804017017532 0.0025035633150949804
-0.21189581699482307 0.9972355009421667 0.0024874125202158756
-0.2116833487425538 0.9992488401971114 0.002553526409769498
-0.21130331440586378 0.995697101277617 0.0024360974272828197
-0.2110904948608115 0.9979844404239808 0.002499080422562578
-0.2105067875071698 1.0031325980302237 0.0024886561747492755
-0.21029432024306516 1.0059835784899522 0.002558328052109354
-0.20991429283354424 1.0012839202755628 0.002439783033212866
-0.20970147240673348 0.9977845648234865 0.0025001384423330502
-0.20911775796039803 0.9993341726648697 0.002486789070753981
-0.20890529168536887 0.9950759354006954 0.0025502753298715783
-0.2085252712612193 0.9961627738640162 0.002436952892578554
-0.2083124499544758 0.9999200805873958 0.002501474352876413
-0.20772872847274204 1.0010218774676019 0.002486837177209393
-0.20751626312903682 0.9982497799491894 0.0025542018833347073
-0.20713624957248444 0.9998647172826923 0.002439610208241695
-0.20692342750585474 0.9988676948724858 0.002500212363125871
-0.2063396989837252 1.000633131047408 0.0024875093656589052
-0.20612723463000293 0.9987874743292237 0.0025528027268304117
-0.20574722800107034 1.002128081952248 0.002440235631747367
-0.2055344050595081 1.002965061398935 0.0025026326088400963
-0.204950669436498 0.9996635714445635 0.0024889465542153725
-0.20473820607367088 1.0055277458454628 0.002556104362430821
-0.20435820631233279 1.004699779287781 0.0024433406956286784
-0.20414538261498044 0.99363361023394 0.002496959958225432
-0.2035616399479339 0.9961714530747277 0.002484087482761655
-0.203349177574637 0.998498429979118 0.002553616871787903
-0.2029691847409214 0.9969928541201288 0.002438729359809575
-0.20275636017500026 1.0015227534703945 0.002503274348308458
-0.20217261045936977 1.00019312917365 0.002486726713452864
-0.20196014901830495 0.9949754452806754 0.002552533077097267
-0.20158016316859648 1.0006953075955956 0.002439638915154275
-0.20136733773683907 0.9933405512005927 0.002499783021862002
-0.20078358097171378 1.0045086208231073 0.0024894348270923313
-0.20057112051927106 0.9996485944433118 0.0025557040906782438
-0.2001911414798616 1.003293598804593 0.0024413623441098616
-0.19997831530140636 1.0024985584780726 0.0025040900500570614
-0.199394551424942 0.9954024121796424 0.0024848571472396255
-0.199182091962939 0.9963477222028725 0.002551951900802605
-0.19880211990753668 1.000155122111231 0.0024389959551312872
-0.19858929286779264 1.000813447163842 0.0025014503619920406
-0.19800552193728874 1.0025361799804207 0.00248790370242921
-0.19779306346435988 1.000196267018001 0.002553549430405586
-0.19741309833521714 1.0018258318787274 0.002439502809462037
-0.1972002704387264 0.9957559504475121 0.0024987073180534666
-0.19661649244872462 0.9977999976421529 0.0024879285279228044
-0.19640403490711833 1.0025913708743925 0.002558249323382806
-0.1960240767628922 1.0008111936006567 0.002439426059050026
-0.19581124801147914 1.0046845101184119 0.002505968903590893
-0.19522746296106863 1.0009737751178487 0.0024869793899549566
-0.1950150064076297 1.0022458608843474 0.0025552329217619512
-0.19463505507415735 1.0004552904155701 0.0024396873398810364
-0.19442222558786987 1.0038430391386666 0.0025029419362256333
-0.1938384334720518 1.0032724243234012 0.0024887467339020065
-0.19362597785129765 1.0028134548267318 0.0025565258616704343
-0.19324603350274325 0.9951599424390117 0.0024376541002599883
-0.193033203164716 0.9981759293198568 0.0025010126982200065
-0.19244940398303226 1.000445239527315 0.0024898408707796763
-0.19223694935180902 0.9987168262223574 0.002554253848717041
-0.1918570119299656 0.9961104560104833 0.0024365353723618745
-0.19164418074610828 1.0071693827850074 0.00250677831418355
-0.19106037449537627 1.0019284511863695 0.00248917663097613
-0.19084792079411272 1.0054110057779666 0.0025575412784138566
-0.19046799035718795 0.9942945384293757 0.0024360821210609286
-0.19025515832977496 1.0011810636447223 0.002501163489713671
-0.1896713449486045 1.002914077754706 0.002487439991147377
-0.18945889229598833 0.9975708826648818 0.0025515213079287027
-0.18907896878577654 1.002151702833466 0.0024395056688646544
-0.18886613591707963 0.9985183702633826 0.0025014054194028392
-0.18828231546004037 0.9985393143089323 0.0024882950367767455
-0.1880698637387468 0.9993661817103836 0.002554586159223209
-0.1876899472134543 0.9973742390542393 0.002436926030473978
-0.18747711350620327 0.9995046345995396 0.0025020489451420265
-0.18689328597147625 0.9991855121181865 0.002486440970392651
-0.1866808352406224 1.0015236648213817 0.0025558480351807154
-0.18630092564204023 1.0058235110765283 0.0024436841926488415
-0.1860880910980554 0.9985652061415192 0.0025021437954474714
-0.18550425648291213 0.9980684716730017 0.0024847381495182253
-0.18529180674158852 1.0022570907905954 0.00255542090985696
-0.1849119040697207 0.9959644498953688 0.002434540455936527
-0.18469906869354552 1.0012005134316317 0.0025005146381572078
-0.18411522705346653 0.999334831569851 0.0024865831819110623
-0.18390277818525647 0.9997040550533851 0.0025557675540388443
-0.18352288249739576 0.997157100607614 0.0024362238677262155
-0.18331004629176412 0.9971996877217394 0.0025000301066538983
-0.1827261975649024 1.002135327512347 0.002489628716758308
-0.18251374968622258 1.001304137461283 0.002555944457829811
-0.18213386092507622 1.0019401872222222 0.002439063600159571
-0.1819210238927112 0.998400115899559 0.00250063817962928
-0.1813371680763383 1.0012916133257912 0.0024880166777069873
-0.1811247211880982 0.998902604806305 0.0025535357442376923
-0.1807448393527513 1.0010364401329086 0.0024395464313758304
-0.18053200149456777 0.9939085860702492 0.0024991209157777237
-0.17994813858777417 0.9973645950933054 0.002485345696432321
-0.17973569263176614 0.9967649704790672 0.002552857615492085
-0.17935581778133988 0.9992020700854405 0.0024370978389249057
-0.17914297910006233 0.9938768234944211 0.002498863415677525
-0.17855910910011819 0.9913270233680043 0.002481047515512183
-0.17834666413273226 0.9998361572475752 0.0025541192998510638
-0.17796679620901765 0.996957721832957 0.0024347383138818633
-0.17775395670874078 0.9984589324103316 0.002500093135751539
-0.17717007961155407 1.00579368989943 0.002489714103827749
-0.17695763563460787 0.9987588048583822 0.0025531108566767004
-0.1765777746366954 0.9991713942515692 0.002436200646524182
-0.1763649343192369 1.0020797329826916 0.0025043167754198055
-0.1757810501239008 1.000801053112108 0.002488241594554816
-0.17556860707736632 1.0014112653364728 0.0025558623690084084
-0.17518875306437318 1.0008752844048219 0.0024371949693626606
-0.17497591193473588 1.000705233765304 0.002501986639638672
-0.17439202063533668 1.001560298925691 0.0024884328595071166
-0.17417957857833244 0.9983191561853014 0.0025548735022620397
-0.17379973149205094 1.0007588295243892 0.0024375351704695293
-0.17358688955114437 1.0017836844658838 0.0025035339408824584
-0.17300299120588836 0.9968640768061496 0.0024841191726887833
-0.17279055007838906 0.9979775563150735 0.002553012889123635
-0.1724107099197287 0.9988068332703918 0.002434998047212007
-0.17219786717119084 1.0020736554591265 0.00250133925321913
-0.17161396171687152 0.9968875117543121 0.0024835867203965526
-0.17140152157935518 1.0006236659353023 0.0025543612277000396
-0.1710216884638218 1.0024002885187462 0.0024386978246233866
-0.1708088447930563 1.0043356027382728 0.002502006566108366
-0.17022493222739657 0.9971993199846005 0.0024865527741675386
-0.17001249302211363 0.9999696083445236 0.0025547182296509095
-0.1696326668924104 1.001617796633359 0.0024377648771623356
-0.16941982241855974 1.0036788738915585 0.002504147285847511
-0.168835902738377 1.0021308243734004 0.0024885161864569003
-0.16862346452398924 0.9982077011878657 0.002551610735146434
-0.16824364532008548 1.000408930215543 0.002440590528185928
-0.16803080004588217 1.004920299313435 0.002504250542558107
-0.1674468733089314 0.995730576900421 0.0024844279084275988
-0.16723443602495536 0.9999976162461407 0.0025546475944705493
-0.16685462374867407 0.9982555640412488 0.00243686890140479
-0.16664177767866156 1.0001822747337865 0.0025010860878048715
-0.1660578438208227 0.9982283335112426 0.0024875648053347046
-0.16584540752683097 1.0047744886988073 0.0025588619927813497
-0.16546560229231175 1.0033950140322159 0.002439303006865507
-0.16525275531235045 1.0044038853572124 0.0025056048451599445
-0.1646688143327113 1.0010027146927607 0.0024884094902102474
-0.16445637902779708 1.0004953805997467 0.0025532066764127675
-0.1640765807195368 0.9984596801071278 0.0024371183389437106
-0.16386373294785833 1.0017790760868106 0.002503680178766152
-0.1632797849032657 0.9999790290672618 0.002488736706394669
-0.1630673505296727 1.0015800051975423 0.002556438476103822
-0.1626875591481227 0.9970457825897969 0.002437124194726406
-0.1624747105860947 0.9977256648736941 0.0025022171101773305
-0.16189075541470158 1.002592836288841 0.0024879440299169935
-0.16167832197334064 1.0004881792665794 0.002554812977792791
-0.16129853769221578 1.000889552577291 0.002437509309643767
-0.16108568822705954 0.9971907031607931 0.002500599765183838
-0.16050172598434512 1.0030862332904 0.002490197271451019
-0.16028929347430676 0.9981365688044892 0.0025517381517195774
-0.1599095161208044 1.0003051844452155 0.002438511430227616
-0.15969666587257186 0.9965275598349906 0.0025007429217983493
-0.159112696495781 1.0033971993302835 0.002491083394391964
-0.15890026497618237 0.9999607152331303 0.0025557013117028663
-0.15852049454802675 0.9995112800289714 0.002436702589974378
-0.15830764351990317 1.0025800114713583 0.002502986108504873
-0.15772366700721688 1.0032473842369423 0.0024890391807995743
-0.1575112364771485 1.0040796778606196 0.0025578036920229203
-0.1571314730916644 1.0013305860707586 0.0024374447029939677
-0.15691862117087246 0.9992121849052862 0.0025016275181264894
-0.15633463757776855 1.00002025670488 0.0024876076070420887
-0.1561222079790241 0.9991277178560721 0.002555868987240012
-0.15574245151934216 1.0031953990451006 0.002437563489820404
-0.15552959882275125 1.0013834191357867 0.0025026955116884838
-0.15494560808920443 1.0011685761671465 0.0024897957251743094
-0.15473317947953547 0.9974550145959593 0.0025529736472544116
-0.15435343006343524 1.0007536849901983 0.0024374311454628725
-0.154140576480087 0.9960606308109633 0.0024994154321323157
-0.15355657865975883 1.0020463028749875 0.0024892300431702706
-0.15334415098004683 0.9986964094683621 0.0025551424335559917
-0.15296440849202117 0.9979962800407457 0.0024354071912912555
-0.15275155413833225 0.9967083947389445 0.0025003595718532607
-0.1521675491711947 0.9991881950476681 0.0024865669173098075
-0.15195512248192244 1.0085335087171932 0.0025608763012199957
-0.15157538703611695 0.9972455907782732 0.0024373330768337935
-0.15136253180112497 0.9992920947397497 0.0025017183917706164
-0.15077851974083825 0.998138217343106 0.0024866678613373497
-0.1505660939824338 0.9968438798059577 0.0025553659315571244
-0.15018636546470285 1.0025703073054597 0.002438375111904759
-0.14997350946482718 1.0016972609319001 0.0025025504531855512
-0.14938949030957094 0.9957567330240424 0.002484145710354875
-0.14917706548294518 0.9980786302249052 0.00255355340401983
-0.14879734400834052 0.9978618664118981 0.0024352068370466907
-0.14858448713034839 0.9929935796203847 0.0024986547653185324
-0.14800046082100682 0.9974384991339921 0.0024890886941719777
-0.1477880369848208 1.0039288747584656 0.00255522704542776
-0.14740832243556287 1.002630988001419 0.0024391240136328518
-0.14719546480041706 1.0031457105736297 0.0025033409547995738
-0.14661143139156121 0.9991390700383505 0.002488111793513128
-0.1463990084857869 0.9979201013450576 0.002552049955288945
-0.14601930098056679 0.9993341541656645 0.0024367358439208483
-0.14580644247276014 1.0015872717614576 0.002502708000215939
-0.14522240196120476 0.9990025782467564 0.0024859156292670152
-0.14500997998766252 0.99870774421658 0.0025539150592809525
-0.14463027952465987 1.0012305168904136 0.0024384779090088704
-0.1444174201473763 1.000197404356426 0.0025033774325359127
-0.14383337247354877 0.9978846858549054 0.002488804838346884
-0.14362095148953813 0.999598123024075 0.0025544861395367414
-0.1432412579532458 1.0020845833461987 0.002437632892411847
-0.1430283978260845 1.001814406973584 0.002502525570053432
-0.1424443430431923 1.0038283890210502 0.002492776792600704
-0.14223192299050424 1.002215001113373 0.002556187002018976
-0.14185223649734158 1.0029130215652047 0.0024385697675936395
-0.14163937550797662 1.0011706777261293 0.002502680090941963
-0.1410553136137467 1.0017585702443765 0.0024889358800674636
-0.14084289449237986 0.9967992151960853 0.0025532255774432305
-0.1404632150423428 1.003987666984747 0.0024385373404954068
-0.14025035319077822 1.0003547762619132 0.002501087277704161
-0.1396662841251826 0.999970683206423 0.0024877908142501067
-0.13945386599334597 0.9996888915938914 0.002554595065644231
-0.13907419346911243 1.0009220005421149 0.002435451562281345
-0.1388613308781273 0.9989371728320166 0.002500970398661884
-0.13827725469482613 0.9980411806711553 0.0024881968555029756
-0.13806483749522158 1.0006829115686746 0.0025554026708095603
-0.13768517201229466 0.9990396311573356 0.0024370005652909563
-0.13747230856729536 1.00048801657467 0.002500706804285313
-0.13688822526446967 0.9995436756290489 0.0024863480606541967
-0.13667580899573295 0.9970624073023125 0.00255204082826427
-0.1362961505572986 0.9956602802256175 0.00243420442491159
-0.13608328625919192 1.0085706085398025 0.002508414454568019
-0.1354991958341132 1.000997270258691 0.0024875738783540035
-0.13528678049624432 1.0046397885099139 0.002556250425492291
-0.134907129101389 1.002985087079939 0.00243761271254472
-0.13469426395427236 0.9975029798429964 0.0024994725742014307
-0.1341101664046649 0.9998650912374136 0.002489712415440689
-0.1338977520563276 1.0009202706526898 0.002553959293165728
-0.1335181076463929 1.0016914574663587 0.002435818996067966
-0.13330524165117047 0.9995427689924135 0.002501466431946598
-0.1327211369738557 0.9978054572536109 0.0024884150840430975
-0.1325087235572937 0.9993791632916793 0.0025538117568283843
-0.132129086190486 1.0009138365485275 0.002436990891015069
-0.13191621935216197 0.9993672425481165 0.002500925470771783
-0.13133210748483617 0.9961029248770674 0.002487239900521763
-0.13111969505916932 1.0017149897689028 0.002557293606999605
-0.13074006461816376 1.002200478593963 0.0024372834417889263
-0.13052719705588195 0.9956773800443887 0.002498682898146847
-0.12994307805538785 1.0021380679421739 0.0024885598020821255
-0.12973066656013543 1.0048213905865317 0.00255595415498262
-0.12935104316225685 0.9952506406673882 0.0024331366825479234
-0.12913817476233042 0.997347524719229 0.002499356533341906
-0.1285540486250314 0.998280841495016 0.0024864503047588335
-0.12834163806110155 1.000296959961081 0.0025553764970588683
-0.12796202170634993 0.9988832750368616 0.00243439451281555
-0.12774915247196278 1.0018399508742062 0.0025013730950246057
-0.12716501919467493 1.0016720853514358 0.0024876364062768152
-0.12695260962027533 1.0015603029268723 0.0025575740754127537
-0.12657300025135387 1.0008146376864624 0.002436005799838932
-0.1263601301834128 1.0002823420120799 0.0025017721486543217
-0.12577598976431847 0.9970910703080726 0.0024856597906882786
-0.12556358112215094 0.9948959454696262 0.0025503320390658796
-0.12518397879544427 0.9979172382591235 0.0024355711790082168
-0.12497110789804672 1.0045280491898274 0.0025041105188249044
-0.12438696033487287 1.0024735669192513 0.0024895902538036975
-0.12417455262311705 1.0000174691109749 0.002555708950182746
-0.1237949573404482 1.000072464070395 0.0024356387877642986
-0.12358208561449963 1.0026333577977844 0.0025027376202244075
-0.12299793090451641 1.0000482675696636 0.0024867740062184123
-0.12278552412499266 0.9986266542945911 0.0025545344689560014
-0.12240593588408585 0.9999990465319806 0.0024351352075008613
-0.12219306333459051 1.0037301117661814 0.0025015565429156684
-0.1216089014750681 0.9989272702071795 0.002487170794946288
-0.12139649568416644 0.9997594189565341 0.002556405559717611
-0.12101691442772622 0.9977615093305207 0.002435090320050414
-0.12080404105922887 1.0019467463893168 0.0025008028103564142
-0.12021987204471164 0.9985128296376243 0.002485940005171756
-0.12000746718604205 0.9983101204952893 0.0025559536044094753
-0.1196278929718166 0.9997063949060618 0.0024363811650365734
-0.11941501878432266 1.000649049395802 0.0025033205875957553
-0.11883084261526602 0.999603375077868 0.0024878590227223893
-0.11861843868655342 1.0022537278511823 0.0025580121163958193
-0.11823887151591239 1.002432256333693 0.0024357808010767572
-0.11802599651305307 0.9978317878649301 0.00249947455811257
-0.1174418132426618 1.0022517419895058 0.0024891959526802867
-0.11722941018706479 1.000511715555318 0.0025563231454514795
-0.11684985006091363 0.9957344523317108 0.0024346900397099183
-0.11663697424496738 1.0007534054876284 0.002501133278358131
-0.11605278381184993 0.9975531776572263 0.0024853351250398795
-0.11584038174714806 0.9981426588724606 0.0025532291404056634
-0.11546082872142203 0.9984244925589616 0.002434668241910917
-0.1152479519777912 1.0009299861307186 0.0025000745747463383
-0.11466375438240431 1.0017629737612108 0.0024896744795515065
-0.11445135324811417 0.9980580733096258 0.002553240449291844
-0.11407180726642596 1.0001673290306095 0.0024364271005424608
-0.11385892971516248 0.9974976918997295 0.002499497940481577
-0.11327472495159242 0.9986562383468853 0.002486457732615087
-0.11306232474998978 0.9958551992952723 0.0025545511860436453
-0.11268278581006362 0.9994362193072929 0.0024355053300843294
-0.11246990745526225 0.9999037466239009 0.0025014786786993724
-0.11188569552123596 1.000009176428639 0.002488624915445765
-0.11167329630916356 1.0009271983243764 0.0025556219672180024
-0.1112937643537013 0.999994041013085 0.002436271279244324
-0.1110808851999095 0.9978322871669361 0.0025004007732715742
-0.11049666609133493 1.0013333110876472 0.0024896039434898
-0.11028426781103917 1.001245350062989 0.0025571217744872828
-0.10990474289870251 0.9960739848041211 0.0024323313733449524
-0.10969186294592166 0.9979150173674008 0.0025000958829912183
-0.10910763672009428 1.000166483499066 0.002486488587046678
-0.10889523937112244 1.0023746983175434 0.002555460781191187
-0.10851572155921363 0.9999189578842002 0.0024348733118063227
-0.10830284069557045 0.9994867192864378 0.002501505958129366
-0.10771860728973782 0.9984719910307233 0.002487302166291159
-0.10750621087208856 1.0002419942569003 0.0025529645418332515
-0.10712670010421486 1.0002129739892853 0.002436162579287225
-0.10691381844658415 1.0009597037149591 0.0025015186202080935
-0.10632957785938137 0.9945417986419206 0.0024843339777622566
-0.10611718237305467 1.0007510422992938 0.002555986147491731
-0.10573767864830795 0.9987125012871412 0.0024352584842416976
-0.10552479619850735 1.000175146387673 0.0025025928873690056
-0.10494054848723257 1.0000856818073214 0.0024881926741786614
-0.10472815393222845 0.9959389086578868 0.002551637923960421
-0.10434865730881636 1.0020675333033398 0.0024392964511198443
-0.10413577395497803 0.9982487266190513 0.0025003018415116376
-0.10355151905687611 1.0017318459454332 0.0024875813854684146
-0.10333912543319457 1.0014589607647855 0.0025580652865411107
-0.1029596358520013 0.9995637409041677 0.002435601802171368
-0.10274675171508668 0.9990828340951237 0.002499433396237914
-0.10216248962743049 0.9997284235229796 0.002488296010137584
-0.10195009699327784 0.9957440453879433 0.0025529545343333927
-0.10157061439609168 0.9971190486150565 0.002432337180600601
-0.10135772947974281 0.9996630718721367 0.002498799134482328
-0.1007734602552817 0.9999607953841987 0.0024884199384696067
-0.10056106849424395 1.0024696585656776 0.002556610863649918
-0.10018159305751094 0.9978763142234984 0.002434427587115035
-0.09996870724348944 0.996360662090078 0.0024987307597342254
-0.09938443082583338 0.9997389181104916 0.00248704615907847
-0.09917204005341773 0.9990483204170428 0.0025549410894414202
-0.09879257160160403 1.006198747498083 0.0024393209234186346
-0.09857968501360254 1.003272277534742 0.0025006069477308615
-0.09799540139547692 1.0031687969129224 0.0024898378918426565
-0.09778301155438385 1.0001761805033074 0.0025533326795151995
-0.09740355026302057 0.9988731932745567 0.002435276463257663
-0.09719066278462513 0.9994588376727694 0.002499473932076525
-0.09660637202423897 1.0013091775167022 0.002487099453135091
-0.09639398311355762 0.9959138980607328 0.0025526322796476635
-0.09601452880666093 1.0014226841426674 0.0024364500411955077
-0.0958016405583762 1.0003089527051907 0.0025013416052075796
-0.09521734259297167 1.000920113049269 0.0024876309075142207
-0.09500495461543323 1.0052433201511246 0.0025581546538186607
-0.09462550735029861 1.0048606590416267 0.00243846449028631
-0.09441261833485576 1.0021067819415692 0.002503837083947836
-0.09382831321991472 1.0013602443101728 0.0024869256256397
-0.09361592617506176 0.999283787722745 0.002555419482214549
-0.09323648601171786 0.9978795328166774 0.002434501941690758
-0.09302359611588279 0.9967871304415857 0.0024997812373432774
-0.09243928379046641 1.002768570128134 0.00248948608022312
-0.09222689773469028 1.0043961256071334 0.0025577102110043667
-0.09184746467222356 0.9988853802096587 0.0024346252069352664
-0.0916345739005478 1.0059386395834329 0.00250351711330297
-0.09105025441831761 1.0056413967091693 0.0024897565806514914
-0.0908378692365659 1.0029158330779955 0.002557054638110132
-0.0904584432172275 1.0027522464502492 0.0024378750694855223
-0.09024555168384925 1.0038194572401709 0.0025042770771384623
-0.08966122504707966 0.9976909121388524 0.002486369897157691
-0.08944884079573967 1.003336166011524 0.002558376427813858
-0.08906942187773591 1.0014487203645508 0.0024364383903358014
-0.08885652947078732 0.9990437094603652 0.00249971859174128
-0.0882721956167232 1.0005828435497555 0.002486592725589465
-0.08805981229761528 1.0005545567000076 0.0025570023311423462
-0.087680400421829 0.9976851838056906 0.0024353095456564615
-0.08746750726181879 0.9979255927755196 0.002499387889091485
-0.08688316624548255 1.0029160548860718 0.002489168101030055
-0.08667078385678906 0.9989279087372545 0.002555035643619518
-0.0862913790823374 1.0030303940477698 0.002437907268794939
-0.08607848505648824 1.0010642108462446 0.0025021802752869635
-0.08549413681512609 0.9994034839539329 0.002485843028729509
-0.08528175541687233 1.002153349323439 0.0025569862813233767
-0.08490235774330122 0.9979092142607523 0.002433945416922331
-0.08468946285479567 0.9989343034320534 0.0024989154251379166
-0.08410510744297729 0.9986620724064184 0.0024869307966468
-0.0838927269173837 1.001522983776414 0.0025555934320959273
-0.08351333628739431 1.0012776210003276 0.00243596345074538
-0.0833004406540126 1.0031202729010429 0.0025036229538861732
-0.0827160780708285 0.9993705157136981 0.0024856742513526945
-0.08250369847610273 1.0015858274841132 0.002558852720567462
-0.0821243149474473 0.9955543760684963 0.0024319772084521146
-0.08191141845595801 1.000319789572141 0.002500698095552623
-0.08132704864047204 0.999251405877393 0.002486807716842129
-0.0811146700352765 1.0006780936209447 0.0025570654136192125
-0.08073529360886655 0.9971529645499358 0.002436387250071636
-0.08052239626245089 0.9980336871794031 0.0024981838897675827
-0.07993801926923408 1.0016823836456539 0.0024885440344978586
-0.07972564153624262 0.9991308759236345 0.0025562789755252894
-0.07934627215295693 1.0032124714121513 0.002438220356202182
-0.07913337407167226 1.0015889167585192 0.0025014353197078567
-0.07854898989708528 1.0011296170999466 0.0024873657180031162
-0.0783366130954164 1.0001516476981764 0.002556222837865941
-0.07795725081346805 1.0030680481127732 0.002438617600653827
-0.07774435188362211 0.9945550585750836 0.0024963406318296555
-0.07715996052493648 0.9985198561546992 0.0024869114966057705
-0.07694758465549967 1.000274247748627 0.0025553005640781626
-0.07656822947397375 0.9995243317340644 0.0024371943167595437
-0.07635532969602739 1.001922999177493 0.002501114547590145
-0.07577093109458002 0.9980323125030076 0.0024864423702037355
-0.07555855621512819 1.002034913116924 0.002556401923827825
-0.07517920813448487 1.0005377202212247 0.0024363186876938596
-0.07496630751252471 1.0003970605711459 0.0024986862722702593
-0.07438190172243123 0.9989090783051657 0.0024865083547551334
-0.07416952771654906 0.9995603634575346 0.002555906167786281
-0.07379018679590142 1.000801050329563 0.002437259839493712
-0.07357728533311408 1.0021244064535495 0.0025012041295788957
-0.07299287235028243 1.0011637788570051 0.0024870326322739902
-0.07278049927663233 1.000723991349094 0.002556533624804236
-0.07240116545640983 1.001777717486086 0.0024371544761306293
-0.07218826315597787 1.000677007619168 0.0025005251389165492
-0.07160384297813363 0.9978131188808657 0.002487017449715967
-0.0713914708358061 0.9947289905104288 0.002551953368358049
-0.07101214411782908 0.9976400994623601 0.002434879322719334
-0.07079924098338913 1.0001967095776576 0.0025002464552922182
-0.07021481360689298 0.9987934245388936 0.0024841122525915884
-0.07000244239588937 0.9948749451168248 0.0025547205821408194
-0.06962312266146674 0.9985582729698057 0.002434526493879962
-0.0694102188108004 0.9963011086239432 0.0024981964185317594
-0.06882578423474418 0.9974990580304502 0.0024848851303133717
-0.06861341395506315 0.9996439871119963 0.0025565061452401824
-0.06823410132151973 0.9984103635647891 0.0024349972171116563
-0.06802119664184963 0.99696633668898 0.002498049859519468
-0.06743675486350623 1.0002263401817613 0.0024865486604600437
-0.06722438545693876 1.0002890569619005 0.0025558676510410057
-0.06684507998293628 0.9997259591058565 0.0024367306186595973
-0.06663217447471786 0.9994330694362568 0.002500927731004521
-0.06604772549135743 1.0027543445188791 0.0024878848919712877
-0.06583535701611254 1.0026713993439813 0.002556631686552984
-0.06545605864344739 0.9997929982459457 0.0024363226372925177
-0.06524315231213357 0.9999784466996328 0.0025002843591030045
-0.06465869612011678 0.9977420813211095 0.0024833266216272784
-0.06444632857619581 1.0001393538108556 0.002555316193754012
-0.06406703730395309 0.9978323257693488 0.002434978864910759
-0.06385413015227775 0.9967766377389075 0.002498557456892887
-0.06326966674751525 0.9994396287771944 0.0024862959785827005
-0.06305730013491484 0.9998736218466449 0.002556189051265772
-0.0626780159644642 1.0005534360714294 0.0024358521915597638
-0.06246510799696942 1.0024051981264257 0.0025022083783317866
-0.061880637374911035 0.9994900968836237 0.00248427292109552
-0.06166827169317912 1.0013862880620195 0.0025574396546969237
-0.061288994624969916 1.0002032274661825 0.0024358688999369985
-0.061076085842116504 1.0022903868856023 0.0025035270998105793
-0.060491608003670386 1.0016263518438902 0.002486292754285372
-0.06027924325189815 0.9955997754648426 0.0025517411357074853
-0.05989997340189634 0.9991417041159134 0.0024365836806370523
-0.05968706369090022 0.9987728557861519 0.002499528791386356
-0.05910257863197701 0.9979200529793035 0.0024843513631463976
-0.05889021481198142 1.0021524983375396 0.002558220008691087
-0.058510952062402054 1.0033888260452417 0.002437686630722849
-0.058298041541048846 1.0000180120455986 0.0025015292608010736
-0.05771354925982821 1.0010641613223945 0.002485844798823159
-0.05750118637160995 1.002909224917027 0.0025585379305836727
-0.0571219307238213 0.9973601071184857 0.0024337933407540323
-0.05690901939620037 1.0057192520549498 0.0025035176177040713
-0.05632451988722399 1.0003245723828031 0.002485015021682087
-0.05611215793123847 0.9986597747970938 0.002555300673320345
-0.05573290938432971 0.9978356380457403 0.0024356225506140957
-0.055519997254988525 0.9984933581113753 0.002497925228801673
-0.054935490515986035 0.9979130896575339 0.002483965682182954
-0.05472312943311408 1.0019316253558803 0.002557397585166795
-0.05434388804574627 1.0002748678127484 0.0024364975565979705
-0.05413097511605109 0.9954373414131402 0.0024977947414106714
-0.05354646114383724 0.9993370200468401 0.0024838151057281523
-0.05333410099228786 1.0037073616387886 0.002557659112535325
-0.05295486670580195 0.9983273610555081 0.002434945522520981
-0.05274195297802315 0.998703842149581 0.0025024194826681364
-0.05215743177168844 0.9988743344833151 0.0024840094689048187
-0.05194507255237113 0.9996726285524632 0.0025557749286020323
-0.05156584548227026 1.0021898021120623 0.0024364955917813174
-0.05135293084363319 0.9970132776154365 0.002498366211122455
-0.0507684024577473 0.9967132837432345 0.002481873942393503
-0.05055604411154491 1.0014349276433012 0.0025594607488744897
-0.05017682414368951 1.0001526818260176 0.002435620687322793
-0.04996390871288121 1.0021122233645454 0.002502663469506432
-0.049379373085598505 1.0001707874107904 0.0024858470041256176
-0.04916701567162818 1.0006134812140528 0.002555176706881394
-0.04878780280465064 1.000766378416493 0.002438878827650265
-0.048574886583948214 1.0020923380322693 0.00250039690295573
-0.047990343714357855 0.9981505142063538 0.002483516813213353
-0.047777987230801955 1.0020388103262154 0.002557332684762962
-0.04739878146515905 1.0066184036073151 0.0024400272793980208
-0.0471858644586532 0.99997985573524 0.002499397170557363
-0.04660131434220906 0.9976381873455683 0.002483968417431845
-0.04638895884909289 0.9981279428927791 0.0025538570974792956
-0.04600976024162736 1.0011359634411585 0.0024339089512814983
-0.045796842336996164 0.9956990519612764 0.0024985558218078175
-0.04521228502917876 0.9969564678884371 0.002482839581067186
-0.044999930408266664 1.0055084295681151 0.0025589529610142575
-0.04462073890304661 1.0029476877666519 0.0024375106386676994
-0.04440782021715812 0.9970208264713024 0.0024971293872351388
-0.043823255657029964 1.0003085605591893 0.0024842366487337923
-0.04361090196744044 0.9998587994847673 0.002554035104301048
-0.04323171767951492 0.9988947414473139 0.0024354215252099364
-0.04301879810004856 1.0019204948029719 0.0025002348080749564
-0.042434226285789314 0.9953536942780061 0.00248227842456091
-0.04222187352661422 0.998622912392192 0.002554140531613991
-0.0418426963395706 1.00172428520024 0.0024378060673948864
-0.04162977598566748 1.0002386971710238 0.002501024573038735
-0.04104519697184818 0.994758692124326 0.0024823374237568654
-0.04083284508624274 0.9944203437590857 0.0025503659654401312
-0.040453675000987156 0.9948369582799322 0.0024333486002919786
-0.040240753875833875 0.9999685595007076 0.0025000728223128835
-0.03965616759879123 0.9990477388201667 0.0024850560048061067
-0.03944381664541652 1.0016203917369335 0.0025553528205947873
-0.039064653777910886 1.0012520038716208 0.0024357219870854516
-0.038851731769184175 0.9960694894635667 0.0024977978746170003
-0.03826713822664243 0.9975150735273609 0.002483162002124763
-0.03805478820413555 0.9975365254267522 0.002553275959475395
-0.037675632439330135 0.9993635248166284 0.0024353449014601946
-0.03746270966435212 0.9970069097519058 0.0024985254509620044
-0.036878108912701296 1.0019330197528769 0.0024861947627317126
-0.03666575976421882 0.9976853699884055 0.0025526297444145563
-0.03628661121625117 1.0008822480285915 0.0024376657141467048
-0.03607368756361346 0.9986728467395016 0.0024981154643837775
-0.03548907954146065 0.9942104444627986 0.0024815935599722333
-0.035276731323392596 0.9984579332566689 0.002552589094918985
-0.034897589876762274 0.9959717202833233 0.0024325660431419294
-0.0346846654637843 0.9977345943565061 0.0024990174945419847
-0.03410005022751951 0.9951735031524452 0.002482395645874681
-0.03388770294168353 0.9985519492520527 0.0025557399564252394
-0.03350856865368331 0.9956950427684041 0.0024337331689223644
-0.03329564336850261 0.9962792015810035 0.0024967872688471926
-0.03271102085628155 0.994689206379094 0.0024824237097593915
-0.032498674500857305 0.9977942326068767 0.0025531175289930787
-0.03211954731419441 0.9994594852010444 0.002436007682392515
-0.03190662127322092 0.9965206604823833 0.0024975264905985816
-0.031321991542340416 0.9960419942236429 0.0024810909791929034
-0.031109646060940577 0.9994389461808939 0.002553214802675236
-0.03073052609202629 0.9988114055858255 0.0024357679866371432
-0.030517599183396197 0.9983181918529849 0.002498813297524391
-0.029932962170191618 0.996641482106469 0.002481279758394366
-0.029720617620114353 0.9951719862454149 0.002553174381247562
-0.02934150486985817 0.997831949599859 0.002434577634398822
-0.02912857709448097 0.9966228629095147 0.0024977599974945765
-0.02854393285625048 0.9950490561798448 0.002481583425971043
-0.028331589180197625 0.9999542072303981 0.002553903960021308
-0.02795248352991385 0.995561166367935 0.002434755728803409
-0.027739555011932208 0.9994853818465701 0.0025009168855060723
-0.027154903542309344 0.9980828167172067 0.002482477819420866
-0.026942560797579063 0.9970237436735963 0.002552741512365482
-0.02656346230592674 0.9965143266517793 0.002435603858783381
-0.02635053292847395 0.9982364170085404 0.0024986829350830946
-0.02576587417106869 0.9909288618683417 0.00248041043282354
-0.02555353235675284 1.0016589347823082 0.002557436541370647
-0.025174441082395048 0.9994218215683911 0.0024356946292524062
-0.024961510851382155 0.9995448904430508 0.0025020187009166805
-0.024376844857127555 0.9954441397107262 0.00248248208166016
-0.024164503915926616 1.001436392016557 0.0025546386163779198
-0.023785419743814297 1.0017684456639075 0.0024358110198844
-0.023572488775199855 1.0013817727580014 0.002499477302413117
-0.0229878154858896 0.9984596273420834 0.0024856646773656907
-0.0227754755337628 0.9953548674464235 0.0025516592734254042
-0.022396398520738027 0.9991726790317805 0.002434000176027879
-0.022183466703565028 0.9961361687688767 0.002496072719402495
-0.021598786171948464 0.9965459171010097 0.0024801411556206374
-0.021386447093391325 0.995627410536807 0.0025506026727905723
-0.021007377298569906 0.9970093708749282 0.0024356776872337
-0.02079444463374919 0.9963061352379171 0.0024995200502913517
-0.020209756857096483 0.9975984497278734 0.00248170624604549
-0.019997418653474597 0.9975243277826975 0.0025540395034295994
-0.019618356075496328 0.9973314136036242 0.0024345170758499103
-0.019405422566661838 0.9995419715136451 0.00249769719851359
-0.018820727543155346 0.9938062262354529 0.002479560317121631
-0.018608390270856034 0.9924433103544194 0.0025509785020630454
-0.018229334736002044 0.9979038210605369 0.0024345440251695547
-0.018016400503212463 0.9975898939428363 0.002497682005072999
-0.017431698171006548 0.996566841247242 0.0024823902935946908
-0.01721936183002981 0.9935063113384525 0.0025511405517552677
-0.016840313512928466 0.9935590419763872 0.0024315224620163806
-0.016627378441582078 0.993987061180135 0.002495270576965657
-0.016042668857976256 0.997697346906463 0.0024843076724022895
-0.015830333389203588 1.0004086711527411 0.0025550583097551927
-0.015451292289849502 0.9947889670246587 0.002434705295950698
-0.015238356381770683 0.999086219537667 0.0024995065568738086
-0.014653639544035119 1.0027838211595563 0.0024845892120658845
-0.014441305006585026 1.0026073217967615 0.002557022199734125
-0.014062271067684075 1.0020828409048814 0.002438045164902901
-0.013849334327416255 0.9960687397763113 0.002498562030604447
-0.013264610231002128 0.9972608039640078 0.0024832307547534493
-0.013052276566668297 0.9985855445295013 0.0025544346611030134
-0.012673249845063225 0.9966256130665453 0.002433635397496361
-0.012460312274880817 0.9994870889338177 0.002500730185538769
-0.011875580917060992 0.9941299389913903 0.002478796528511638
-0.011663248125842074 0.9987992877838101 0.0025531430701024455
-0.011284228622439682 0.9976937100558317 0.002436329675088298
-0.011071290225983358 0.9925882351360291 0.0024952037494884375
-0.010486551545823036 0.9951900635141564 0.0024828154796339625
-0.010274219744133006 0.996738172107137 0.002550162425837715
-0.009895207399366108 1.0016305780571857 0.00243654763230045
-0.009682268179814383 0.9956369004967744 0.0024970984617057146
-0.009097522231426477 0.9941812036021487 0.0024810721803122824
-0.008885191303306783 0.997209785813678 0.002552423282653621
-0.008293246136373892 0.9976658357125027 0.00249889651332225
-0.00770849291702992 0.9994904445589248 0.002483363444058174
-0.0074961629215977155 0.9950777142658382 0.0025513672619146195
-0.007117164952302725 0.9966833344036338 0.002433753886737639
-0.006904224095661886 0.9941252580198903 0.0024960637449475006
-0.006319463603999625 0.9958309266381994 0.00248176945908779
-0.006107134480771492 0.9964064839222895 0.002551907348350363
-0.005728143729226455 0.9969045107404704 0.002434360574833746
-0.005515202059497353 1.0025774325296812 0.0025010967540373217
-0.004930434290513909 0.9946727131304248 0.002481630320446375
-0.00471810609815293 0.9983612301059168 0.00255369292053679
-0.004339122507061028 0.9996392135687729 0.0024359157399284634
-0.004126180025151809 1.000973277596391 0.00250162215578601
-0.003541404977025498 1.0002915465733448 0.0024842824558286257
-0.0033290776573267067 1.001749565390944 0.002556274377542165
-0.0029501012839820624 0.9916043573138937 0.0024308332381769325
-0.0027371579926252537 0.9942745974046601 0.002495830669161802
-0.002152375663084361 0.99316554343121 0.0024798767725692215
-0.001940049275617639 0.9995574334698191 0.0025531199071890704
-0.0015610800618166346 0.9978295376572294 0.0024354537319907195
-0.001348135964646173 0.9914492996407942 0.0024954605137367655
-0.0007633463491432242 1.0003358924803145 0.002485763591645602
-0.0005510208347914158 0.9984412391952934 0.002552952552116029
-0.00017205883828494363 0.9976113171006524 0.0024355871410892296
4.088606242341349e-05 0.9938223361064258 0.0024972192008278033
0.0006256829647979127 0.996931685241508 0.002480062913579682
0.0008380075469176518 0.9963695863657255 0.0025507820613894887
0.0012169623852440526 0.993210008835659 0.002432072373172283
0.0014299080831265368 0.9970489207365123 0.0024971003604134594
0.0020147122787390497 1.000371069610461 0.0024838370148376047
0.002227035987743875 0.993647205592338 0.0025488061097639404
0.0026059834909968535 0.9976195338442941 0.0024338609840296836
0.0028189301029201658 0.9995118713505807 0.002502145707489078
0.0034037415926801867 0.9940138882678757 0.002480749711554125
0.0036160643694529426 0.9986767497951112 0.002550361936478413
0.0039950047140731235 0.9975918885117596 0.0024346507962024525
0.004207952120894805 0.990609414742139 0.0024923452976942846
0.004792770906621323 0.9923517490264816 0.0024802896793309254
0.005005092810733913 0.9970695358187879 0.0025522284357125105
0.005384025936238551 0.996679064342002 0.002434079799272844
0.005596974135231465 0.9969109195978508 0.002496750826908955
0.0061818001614439575 0.9929389649357241 0.0024787704393190633
0.006394121193807223 0.9945682738664036 0.002551817008580349
0.006773047158406674 0.9930773328413071 0.0024321109215664086
0.006985996145930147 0.9944808269834889 0.0024946272900667897
0.007570829475385094 0.9968001194199314 0.002482406799238637
0.0077831495755162905 0.9966519246679705 0.0025531885144525553
0.008162068265975769 0.9955127924805306 0.0024340558966461233
0.008375018153900345 0.9945925979368485 0.0024958386257585272
0.008959858788418084 0.9934948087636151 0.00247946863061916
0.009172178016342514 0.9919767685595962 0.0025487123936406655
0.009551089489962881 0.9996301384720192 0.002436822030629493
0.009764040159142059 1.0038281211304172 0.002499721957007636
0.01034888810235922 0.9954655177919262 0.002480057347093074
0.010561206398051581 0.996381424083203 0.0025513010612805516
0.010940110713039151 0.9988456929107902 0.002435879950454744
0.011153062160745793 1.0001457608200524 0.0025002713480365016
0.011737917415389515 0.9936246538742017 0.00248025726128916
0.011950234780670144 0.9999793403987832 0.002553881750055989
0.012329131818791953 0.9962349255569893 0.0024344214097942966
0.012542084160530539 0.9965161711475281 0.002496767095173855
0.013126946671122991 0.9978869354665316 0.0024811203540693397
0.013339263221496367 0.9979340606193365 0.002552887614762646
0.013718153041865527 0.9953158419859098 0.0024334215221871198
0.013931106156221883 0.9982678977080875 0.002498558153439676
0.014515975985064128 0.9966945748126431 0.00248248895830283
0.01472829160411493 0.9998547846796193 0.0025548845873975593
0.01510717426403365 0.9972101701948107 0.0024351194284091024
0.015320128148276598 1.0005139833924475 0.002500697417967305
0.015905005299460685 0.9958692742617411 0.0024814455214843814
0.016117319985823997 0.9999798670806989 0.002553666187215252
0.01649619537115002 0.9941492499684882 0.0024302571626041813
0.0167091501380569 0.9984023564103335 0.002498058211053635
0.017294034555649585 0.9974765594261328 0.002482991759407646
0.01750634842665022 0.9971392083621307 0.002551468509985142
0.01788521659468171 1.0029700895311418 0.0024381905865961165
0.01809817212510872 0.9944846570094145 0.0024968050781732196
0.018683063868679878 0.9953733427468912 0.0024797467705816242
0.018895376808359288 0.998820562683948 0.002553320573123472
0.019274237700431816 0.993950886253248 0.0024321145573953334
0.019487194109432057 0.9975572783232264 0.002498141253428213
0.020072093182621015 0.9934780165893699 0.0024789933264085864
0.02028440519097785 0.9977175089285353 0.0025530719679479194
0.020663258923508086 1.000117463595703 0.002438321203156139
0.020876216091026908 1.0013439797319854 0.002499807933365882
0.021461122437446346 0.9999684523364437 0.0024839641630328103
0.021673433572686918 1.0009814948394686 0.0025525441423492764
0.022052280029260886 0.999587325825506 0.0024356553922800133
0.022265238068074285 1.0008503064093344 0.002498337724921686
0.022850151751840207 0.9961649041529819 0.0024821415647676513
0.02306246201351314 0.9970439992921265 0.0025518849847815965
0.023441301251881735 0.9924289483213516 0.0024330973986044584
0.023654260044666243 0.9937672438523198 0.0024953647553465274
0.024239181008029104 0.9999100564924374 0.0024827200011318
0.02445149039522221 0.9929257187024908 0.0025482820424057003
0.024830322358087263 0.9954850730796927 0.002435075192975326
0.02504328201807564 0.99532130789202 0.002497642368366321
0.025628210321062096 0.9954599314073191 0.002482208842867508
0.02584051877784077 0.9965567609273858 0.002551073217565531
0.026219343581163533 0.9967772298615236 0.002435966695051629
0.026432303987392988 0.9986392271311989 0.002499194453333308
0.02701723957679557 0.9956259413373417 0.002478195496730861
0.027229547160459333 0.9955960990313004 0.002550012862089319
0.027608364688735322 1.0020255133083007 0.0024391510933427247
0.02782132595170744 0.9990632581046277 0.0025004074149432946
0.028406268889825864 0.9967079702853624 0.002479904444279486
0.028618575543077895 0.9963829981217989 0.0025536299386687156
0.028997385795393578 0.9989261130274856 0.0024385520961910786
0.029210347916931386 0.9979577638073576 0.002497265584833553
0.02979529814555934 0.993798720424991 0.0024794470221586513
0.03000760398390412 0.9944851723643102 0.002550646800875176
0.03038640701847254 0.9949035958102184 0.0024322902155700914
0.03059936987760786 0.9977955524415419 0.0024962677280478585
0.031184327458592332 0.9943699744670341 0.0024814807656371764
0.03139663236652268 0.9985035126264886 0.0025537994559108232
0.03177542812422265 1.0002876206267395 0.0024377657383754725
0.031988391835100424 1.0002931348048176 0.0024994222589838533
0.032573356713414964 0.9994058318234681 0.002482388657011795
0.03278566074914124 0.9969887755843204 0.0025510941885880764
0.033164449230883596 0.9974909305311358 0.002435932170143722
0.03337741378895636 1.0012971464199525 0.002499215377280106
0.03396238602826694 0.9987643844429045 0.0024814345832385055
0.03417468913085031 0.997571869091828 0.002552272360410833
0.034553470453959866 1.001517662057646 0.0024376647778266347
0.0347664357387189 0.9963046991875437 0.0024980523848929666
0.035351415284908566 0.9932064300973644 0.0024778845407855163
0.03556371751346887 0.9978071784271451 0.002554052203431957
0.035942491560620814 0.9939666663992638 0.002433243693548645
0.03615545768575295 0.9950319559742383 0.0024965178957036156
0.03674044454064204 0.9974346677074284 0.00248255931801225
0.03695274589517794 0.9956658787051854 0.002551604562719436
0.03733151266728176 1.0009553359976664 0.0024372660619645867
0.03754447963187751 0.9955682029949388 0.0024970085909971963
0.03812947385367503 0.9906504530506309 0.0024773061901005593
0.0383417742777965 1.0003741318079404 0.002553482867698896
0.03872053377303187 0.9973736415390907 0.002434584829709899
0.0389335015716356 0.9949504506675227 0.0024959557679102118
0.039518503109408507 0.9965752621636467 0.0024818137447765822
0.03973080265950557 0.9957885879747275 0.0025522165252424038
0.04010955487969551 1.000548842341361 0.002435757850356417
0.040322523515031676 0.9968887399423285 0.002497822749068875
0.04090753236423114 1.0020204399437491 0.0024840968709020183
0.04111983104212413 1.0023885166896196 0.0025548398823542237
0.04149857598544562 0.9950549823863064 0.002433157640458983
0.04171154544842331 0.9967218782529432 0.002496490663005856
0.04229656167817228 0.9956952821100487 0.0024821646766574066
0.0425088594238332 0.9974755126294242 0.0025511680633073263
0.04288759720852189 0.9967197523629457 0.002435063657081177
0.043100567384543424 0.9981257996219758 0.0024971658253227246
0.043685590932997606 1.0007403046804113 0.002484204809446158
0.04389788780645176 1.0025329410656414 0.002554484999732293
0.044276618315182835 1.0022680469572085 0.0024393991185273096
0.04448958931338758 1.004406874165796 0.002503075482397212
0.04507462018918381 0.9995664105771392 0.002481891334908248
0.04528691618816083 1.0012370106600157 0.002553591941496161
0.045665639422299203 1.002171840114181 0.002438429135942162
0.04587861124132225 0.9982306237682929 0.002497838138439526
0.04646364944537271 0.998941303904286 0.002481739205151867
0.0466759445698699 0.9971175996565694 0.0025507964187547914
0.04705466052941288 1.0033042422529543 0.0024381122260220284
0.047267633166528426 0.9980030628767452 0.002497283285068563
0.047852678700198034 0.9978998647514128 0.0024848829754675872
0.04806497295248846 0.9989176936501823 0.002552731158227981
0.04844368163516568 0.9996584744884676 0.002435812261651846
0.04865665508718713 0.9977226736343477 0.002497756277981056
0.04924170795547609 0.9959426146076038 0.0024812008262672623
0.04945400133601652 1.0016910803472123 0.002554172722116096
0.04983270274182663 0.9970083509735608 0.0024361353763399764
0.05004567700420786 0.9989952377572441 0.0024993016029516506
0.050630737268961806 0.9996717655017913 0.0024832567157092914
0.050843029719544575 1.0016479638998927 0.0025542938978557203
0.051221723848487576 1.000399809115325 0.0024349623887995257
0.0514346989185001 1.0036147145242806 0.0025027598427824105
0.052019766523787134 1.0028596710787285 0.0024840203772998437
0.05223205810125364 0.9975717728310467 0.0025513145667807897
0.052610744955148524 0.993429383406125 0.0024345205488646255
0.05282372083188285 1.004197406989041 0.0025011843637436576
0.05340879577997334 0.9990778349789751 0.0024830354492958537
0.053621086483872205 0.9984571851878925 0.0025533616624629127
0.05399976606180947 0.9992263572854041 0.002436392220012186
0.05421274273935321 1.0005534693300246 0.002499732329265972
0.054797825036162234 0.9978497173044926 0.002482436468984106
0.05501011486558127 0.9985973818513335 0.002553347576383118
0.05538878705114695 0.9986479079555559 0.002436791544082068
0.05560176464682492 0.9980721751606645 0.0024965467240785025
0.05618685429189571 0.99829804477206 0.0024829773962677984
0.056399143248199834 0.9984872526876505 0.002551534762807707
0.056777808157805205 1.0016963239153451 0.002439501403070402
0.05699078654929373 1.0049921870670597 0.0025025732925058647
0.057575883547629186 0.999782561806953 0.0024815758707212145
0.0577881716299089 0.9977601477294455 0.002552303412847295
0.058166829263558005 0.9986217858350472 0.0024359197488649557
0.05837980844903406 0.9986389194169502 0.002498529636989849
0.05896491280336266 0.9974969654417486 0.002481432352689914
0.059177199954319804 0.9949942297718198 0.002551330164526919
0.05955585036976353 0.9986102455613645 0.0024347220009455117
0.059768830348774386 1.0026630280177904 0.0025012078475785816
0.06035394205818799 0.9944863054310641 0.0024799355326747844
0.06056622833602887 0.995694328789511 0.0025489270396635523
0.06094487147642448 1.0042560496067157 0.002437714093152902
0.06115785224123876 1.0023552701467293 0.0025014567766877996
0.061742971313921466 0.9980554328376491 0.0024829045364448583
0.06195525671864777 1.0002813230448935 0.002553626589794655
0.06233389258354085 0.9978418649701535 0.0024349483625313627
0.06254687413370313 1.0009791398103554 0.002499935801795881
0.0631320005687441 0.9950295681494512 0.002480676563680006
0.06334428510035683 1.0037425397403683 0.0025552416455030284
0.06372291357287563 1.0001583393885136 0.002436571981079794
0.06393589602162003 0.9951737783683403 0.0024958311270698395
0.06452102976626992 1.0048118321870054 0.002485699976451328
0.0647333134820659 0.9992518998707347 0.00255431217442642
0.065111934679992 0.9978454953609721 0.0024353247977838715
0.06532491790680844 0.9998690305013356 0.0024996580611375357
0.06591005902200339 1.001654018332431 0.0024848273780931664
0.0661223418064768 1.0032346897616318 0.0025540571348074393
0.06650095578710837 0.9956619425723505 0.00243703443253776
0.06671393978744938 1.0035158237121298 0.0025015527507427186
0.06729908827773687 1.0000696936240832 0.0024827554266046875
0.06751137018909537 1.0034152812726376 0.002554494660996142
0.06788997677644586 0.9958621506745411 0.0024357119648623655
0.06810296166536184 1.0005569920521185 0.002499724798363434
0.0686881175325622 0.9932870353178853 0.0024783914939910047
0.06890039857171393 0.9959484798971491 0.002550491464849107
0.06927899788355953 0.998436157651143 0.0024351633600151646
0.0694919835432743 0.9992492540837573 0.0024982753295506852
0.07007714678829567 1.0014310769738013 0.0024834443290614083
0.07028942695433249 0.9989294590764815 0.0025512944991991204
0.07066801899067589 0.998937653162012 0.0024335500334011677
0.07088100541391079 0.9972574045575414 0.0024971802170769748
0.07146617598582149 0.999445532297327 0.0024825887224209455
0.07167845527874339 1.0008073766623091 0.002552401079970575
0.07205703998001067 1.0013965347326121 0.0024386157252137457
0.0722700272836378 1.0041727670682115 0.0025022192455697477
0.07285520524155496 0.9990138501437917 0.002480582812452011
0.07306748366136195 0.997876967194748 0.0025508141383853867
0.07344606108667433 1.0016158845501881 0.00243789942987379
0.07365904915427429 1.0003005332034938 0.0025018268562992827
0.07424423449728844 0.9988114079125661 0.002482575469094463
0.07445651204398052 1.002216897430592 0.002552524415966715
0.0748350820760091 0.998743183719421 0.0024352919681070043
0.07504807101308736 1.0018157620883088 0.0025007066832122907
0.07563326375211107 1.0004720590453597 0.00248487576840557
0.07584554036748192 1.0041164054675475 0.002555646640642701
0.07622410318267005 1.0060489071544831 0.002441403104125937
0.0764370928764479 1.0004899578900897 0.002499338427935624
0.07702229295009232 1.001073592587032 0.002484226260337213
0.07723456875010049 0.9984742083827419 0.0025524161982657836
0.07761312417291567 0.9968178257594508 0.0024334731022819392
0.07782611473162299 0.9982675415811182 0.0024989281482795563
0.0784113222062812 0.9976269413715207 0.002482531799566086
0.07862359713180955 1.0026095186764612 0.0025546974345692455
0.07900214527957662 0.9975662031169876 0.002435462324095866
0.07921513658816164 1.0025415706976057 0.0024994142571577423
0.07980035146110384 0.9985096446212115 0.002482652076143871
0.08001262545622045 0.9990846880752359 0.002550983076085728
0.08039116626891411 1.0017102990786337 0.00243861931714803
0.08060415844106367 0.996814604763865 0.0024954686808758625
0.08118938065862966 0.9988597878431353 0.0024827910391530396
0.08140165383792952 0.9988245557012445 0.0025504290797791996
0.08178018737557236 1.0008521646204276 0.002436988175522408
0.0819931802889628 1.003439485768685 0.0025007913496450126
0.08257840991345498 1.0019248231688547 0.0024854342991687045
0.08279068221963859 0.9980808107174243 0.0025514842105650525
0.08316920836582069 0.9948789130119133 0.0024337815041312423
0.08338220213458751 0.9988046336538301 0.0024966977546501037
0.08396743911052539 1.0011418743102218 0.0024839660531623
0.08417971054404949 1.0008287263514122 0.002552981418809192
0.08455822935606361 1.003516256122607 0.002439287011870705
0.08477122397612018 1.001554469549931 0.0024981636051636617
0.08535646836580343 1.0007774836541445 0.0024839947886978555
0.08556873892666805 0.9999631702829714 0.0025514349365056872
0.08594725046317998 0.9971086893703471 0.0024346479864504264
0.08616024581719878 0.9999876037707423 0.0024987262390209937
0.0867454975624211 0.996387295887637 0.00248141152251562
0.08695776725107895 0.9983790718080903 0.002551182009619013
0.08733627145388102 0.9999423743967655 0.0024383318055986552
0.08754926765054599 0.9966443105008027 0.0024955975403698244
0.08813452681860731 0.9997497482593747 0.002483558785962223
0.08834679563369752 0.9955825003006582 0.002548660574981761
0.08872529244321851 1.0012724720527113 0.0024365461958925716
0.0889382894848027 1.0017634849208095 0.002500676849522747
0.08952355601658854 1.002358854375554 0.0024841453424686577
0.08973582395719892 1.0006857048594222 0.0025517847013232686
0.09011431354987676 1.0021653612002517 0.0024389583315313017
0.09032731131451194 0.9986400645875464 0.0024958509113074926
0.09091258527232202 0.9972999417855227 0.0024837068591055983
0.09112485233981749 1.0031946791184816 0.002554570519520046
0.09150333453921423 0.9990293219110833 0.002436896864379294
0.09171633314149269 1.0021830038189754 0.0024979192630333086
0.09230161446984783 0.9982589137232216 0.0024823755945430517
0.09251388066422839 0.9995005880903013 0.0025538628576307755
0.09289235552945986 0.9978961552039497 0.002435341850396162
0.09310535496392597 0.9970110776042476 0.0024958638827400933
0.09369064372558131 1.0034758788754434 0.0024864060421167823
0.09390290904684695 0.9981235059324078 0.002553225264033389
0.09428137651879465 0.9999096855452312 0.00243729838632706
0.09449437678726874 0.9978121199900658 0.0024945842253362677
0.09507967292219897 1.0055704130614314 0.002486555069526218
0.09529193737125785 0.9968552394637887 0.0025498439244672237
0.0956703975094957 1.001198123875808 0.002439209790923954
0.09588339860242606 1.004150884261568 0.002501597791625181
0.09646870211972479 1.0008900937368426 0.002485643081629971
0.09668096575296692 0.9997898044615329 0.0025535925245360235
0.09705941861615665 1.000785861461107 0.002435802268720119
0.09727242041940237 0.9980923398779793 0.0024962955557602555
0.09785773137454742 1.0027416254785424 0.0024843388583740927
0.0980699940769224 1.0015900286372024 0.002553004117521591
0.09844843960594955 1.0003345297584143 0.002437385141477216
0.0986614422327407 1.000249525882948 0.002497881098578215
0.09924676057252867 0.9974606527775544 0.0024826857104304173
0.09945902245908689 1.0025370198092556 0.00255302401013318
0.09983746059528432 1.0003275492154478 0.0024375199852892165
0.10005046404153156 0.9999018127581213 0.0024968387603133842
0.1006357897705099 1.000236159695428 0.0024844515013090064
0.1008480507825883 1.0015901559797482 0.0025527823081112257
0.10122648158598538 1.002841154985067 0.0024372946748193163
0.10143948584577495 0.9950194433372833 0.0024962852542677336
0.10202481896712487 1.001987999318904 0.0024846093315173557
0.1022370791069992 1.000853663565968 0.0025522830568760206
0.10261550257668373 0.9979599765521677 0.0024341981113364017
0.10282850764683442 1.000730649495212 0.002497287572104274
0.1034138482219502 1.000089846403165 0.002486142100904422
0.10362610748870826 0.9987252224424261 0.0025521703944623043
0.10400452356693206 0.9973032833872879 0.0024349216744690588
0.10421752944789525 0.9987476056641443 0.0024963382716981994
0.10480287741947601 1.0007641934666642 0.0024852083770016734
0.10501513581357325 0.9969597160891891 0.0025520637128670152
0.10539354455717498 1.000642680614041 0.002437619018794799
0.10560655124486268 1.0023712880411995 0.002499616268236977
0.10619190661609099 0.997649738387789 0.0024833599042389794
0.10640416413843956 1.000730900138325 0.0025525583572119474
0.10678256554742331 1.0009005484236704 0.002436332406041459
0.10699557303546364 1.0035911718722634 0.0024995450680393686
0.1075809358136168 1.0002923232668703 0.002484691442096338
0.10779319252014863 1.0026947546686196 0.002553290766731485
0.10817158653675808 1.0049855344401177 0.002438498022896988
0.10838459482515511 0.9981171774938195 0.002495253114481875
0.10896996501205346 0.9974401699307678 0.002481902281466425
0.10918222084455953 1.0001393390323674 0.002552425221410795
0.10956060752700371 1.0000446184271479 0.002436999642068353
0.1097736166121181 0.9975725599011606 0.0024959955563352678
0.11035899421048742 0.9967807697335985 0.0024833122350354504
0.11057124916806094 1.0010032677420873 0.0025516693931374435
0.1109496285163412 0.9944319073315149 0.0024334124455663558
0.11116263839908108 1.0003988771394074 0.002497041454584478
0.11174802346531275 1.0006852751647939 0.0024850214304910504
0.1119602775506795 0.9987900439605839 0.0025492287565761786
0.11233864950703955 1.0002780275611745 0.0024372708144131732
0.11255166017876811 1.0001032916683892 0.002496239984460978
0.11313705266283856 1.0020165396775038 0.0024873605282589076
0.1133493058741809 1.0024830929287278 0.0025524443329679575
0.11372767038132527 1.0008986792528687 0.0024380087337444695
0.11394068195845514 1.0014589263274372 0.0024970369095792108
0.11452608185945354 1.000007150992248 0.0024859209439631563
0.11473833419904589 1.0029770500385422 0.002553729504322837
0.11511669137066005 1.000658944837662 0.002438382168962833
0.1153297037308662 1.0021439189590056 0.002497526192227305
0.11591511105697935 0.9975000259228319 0.0024824237891832544
0.11612736252345679 0.997085996536857 0.0025493267621097067
0.11650571235999753 0.9968838209573151 0.0024339927160164873
0.11671872550327728 1.0004148153654664 0.002496782085363927
0.11730414025359702 0.9969757361646246 0.0024823841142091654
0.11751639090562127 1.0003783316788772 0.002552442796479608
0.11789473335024316 1.00022421920538 0.002437313678179767
0.11810774727205037 0.9990529186189052 0.0024986861293379604
0.11869316945112283 1.0038306285084149 0.002487121500241299
0.11890541922912268 0.9950280346516615 0.0025482605645621836
0.11928375433957794 1.0009027775665233 0.002436203942313617
0.11949676903627598 0.9978044667367776 0.0024945413956300906
0.12008219864864865 1.0002082269552237 0.0024859553425440684
0.12029444755353358 1.004073228961311 0.0025553458343867443
0.12067277521431909 0.9998146139114007 0.002436533867750885
0.1208857908005016 1.0026265082200487 0.0025012270528232163
0.1214712277879668 1.0010809590534762 0.0024861174993045104
0.12168347587703499 0.9993681899084892 0.0025507075128722145
0.12206179620547557 0.9977432283579118 0.002435328502235507
0.12227481255836076 0.9995585207753738 0.002495638032482197
0.12286025698458178 0.9997044580174836 0.0024850302160239657
0.12307250420189997 0.9985813581533375 0.0025502230253772575
0.12345081719571849 0.9976117176623202 0.0024362176533581164
0.12366383431531042 0.9995219540203869 0.0024967659137462342
0.1242492861821076 1.0005928781672317 0.0024850007053390743
0.12446153258497394 1.0021578587575772 0.0025533581103269806
0.12483983806864064 0.9995479943456944 0.0024355789796971445
0.1250528560695316 0.9949312456266872 0.0024946025808233467
0.12563831537872527 1.0007088620148297 0.0024849519356212164
0.12585056090847535 0.9981153990155804 0.002549800287484941
0.12622885905888628 1.0028975206509037 0.0024387223784768696
0.1264418778201148 0.9961614626502757 0.00249534899088226
0.1270273445767038 1.0013757778234438 0.002485772406586688
0.12723958923288625 0.9983975982688388 0.0025495209709990676
0.12761788004822106 0.9977513888673499 0.002434504155045552
0.12783089956706 0.9987222438096753 0.0024965016637096753
0.12841637377468504 0.9992257473138658 0.0024842913376793042
0.12862861755638766 1.00185451509103 0.0025536983859860024
0.12900690092250677 1.0003183909103153 0.0024366098061090018
0.12921992131036725 1.0010546946239758 0.0024981310242312934
0.12980540291309506 1.001360536757617 0.0024862334344756248
0.13001764588079856 0.9993852831273629 0.0025518790193656674
0.13039592191320784 1.0017563889116372 0.0024377462773734556
0.130608943049127 1.0012979319688768 0.002496894028682081
0.1311944321110736 1.0043896381367603 0.0024857401724243566
0.13140667420429997 1.0028413913126402 0.0025525957574172747
0.13178494278612998 1.003940057304936 0.002439343298905399
0.1319979647851583 0.9986292321675106 0.002496190874283645
0.13258346130905482 1.0009204603970783 0.002484567498268624
0.13279570252825545 1.0047804479393199 0.0025542644807497092
0.1331739637759202 0.9960341992902834 0.002432358576319893
0.13338698652028008 0.9963119538389701 0.0024948860685458894
0.1339724905056725 0.9979779523076387 0.0024829166877998175
0.13418473085221228 0.9990178974159938 0.00255189456010053
0.1345629846492951 1.0005960296303011 0.0024354441958088255
0.13477600825312747 1.003940329599238 0.0025006278768670526
0.13536151964499066 0.9997177346104571 0.002483659591933408
0.13557375917571368 0.9947843723682415 0.002547466596223201
0.13595200563863255 0.9995176561009077 0.0024369364764059457
0.1361650299823382 1.0009602147564793 0.002496763753310454
0.13675054884160562 1.0007151985289797 0.0024862282097633183
0.13696278750057866 1.0026257922942032 0.0025556334843857263
0.13734102651246016 0.9994574782795977 0.0024368979740815853
0.13755405170654605 1.0037910643044363 0.0024991631183260902
0.13813957803867602 0.9945951403346787 0.002480797121143094
0.13835181582544498 0.9984242569308736 0.0025507638473086015
0.13873004738720132 0.9993316336094893 0.002433589179108773
0.13894307342711593 1.005535316004614 0.002500271013122805
0.13952860717754145 1.002578392685475 0.0024863724858704534
0.13974084414894639 0.9965976988037232 0.002549931328456646
0.14011906837835778 0.9980496660008294 0.0024345162033241685
0.14033209514541273 1.0013421595581964 0.0024981439602968785
0.1409176363741564 1.0026421220792228 0.002486061985099371
0.14112987247381137 1.0027189662468634 0.002552216586227552
0.14150808925127725 0.9994830883037501 0.0024347375126939188
0.1417211168637082 1.0025235431818589 0.0024993703762441703
0.14230666551392998 0.9967451752440701 0.002481818822180033
0.14251890079867768 0.9998111720576607 0.002552474343793098
0.14289711012510756 0.9997251158089066 0.0024339590488607395
0.1431101385770021 1.0003990688235285 0.0024977415664100555
0.14369569471191124 1.002211770236202 0.00248702659042275
0.1439079291221791 1.0094105969152463 0.002556257019933813
0.14428613111444502 1.0004249735345734 0.002434922731345937
0.14449916028392956 0.99500903727876 0.002492681733627385
0.14508472385031854 0.9939899249046036 0.002480277941911765
0.14529695744659 0.9971548091516054 0.002550270280687507
0.14567515198827263 0.9992163431490146 0.002435189601984747
0.14588818198994752 1.0027852608218915 0.002496129209100639
0.14647375304829977 0.9990384160419092 0.002484656701014371
0.1466859857700914 0.9970761101858345 0.0025504420577296275
0.14706417286210563 1.0012229999370816 0.0024356810731113263
0.147277203693237 1.0005150835867258 0.0024973334537259817
0.14786278218807336 0.9983803527613138 0.002483443969129095
0.1480750140945023 1.0003833463201435 0.002551633810677578
0.14845319373593324 1.0025618088953185 0.0024361485216832924
0.148666225391979 0.9987022917403978 0.0024954543748605534
0.14925181138468832 0.9981864615907534 0.002483638773289107
0.1494640424180037 1.0010138863689086 0.0025521984398845852
0.14984221472618156 1.0002785933985712 0.0024353027816993184
0.15005524709163048 0.9984301180064792 0.002494445832966557
0.15064084052400648 0.9982926119729655 0.002484614456210053
0.1508530707419592 1.0023364388499714 0.002553563614986467
0.15123123559910104 0.9983085195660587 0.0024329373051861667
0.15144426878309653 1.003489107720647 0.0025000371687768754
0.1520298697215323 0.9987426502151933 0.002483173744127978
0.15224209906591601 1.0023355963334248 0.002551726889808918
0.1526202564720205 1.000230323200345 0.002437739716236092
0.15283329047592614 0.9959204187748285 0.002493384272487486
0.15341889886085044 0.9979148968572236 0.002483286760831353
0.15363112733120976 0.9971945642887565 0.0025506447558098547
0.15400927734585348 0.9949225478762469 0.002432740714294746
0.15422231216557453 0.9965080579704069 0.002493851523464683
0.1548079280001686 1.0044559845523962 0.0024867363233724835
0.15502015565562066 1.0034960391811965 0.002553196979600001
0.1553982982196811 1.0030648502709154 0.002437584361952299
0.15561133384703613 0.9995509199054335 0.002496999699015085
0.15619695719678628 0.9963876418832183 0.0024814879268649542
0.15640918397912207 1.000648948837584 0.002553010045221983
0.15678731909442226 0.9985117209726103 0.0024346965749216633
0.1570003555280423 1.001653713057555 0.0024967177318971612
0.15758598633519358 0.9978559769861717 0.002482152636652648
0.15779821230353297 0.9980472596191671 0.002549442328283653
0.15817633996825256 0.9968354186933809 0.0024332336300036373
0.15838937720495644 1.0033718196270092 0.0024982045083568184
0.15897501547451173 1.0021553722017635 0.0024840194247274777
0.15918724062794387 1.0000876146395838 0.002551198519843047
0.15956536084208287 1.0015383849373158 0.0024372863022977982
0.15977839888278006 0.9980265694163887 0.002495674613790164
0.1603640446711294 0.9975777573317834 0.0024833019539150145
0.1605762688950566 0.9982904478093378 0.0025510562242290207
0.16095438171500231 0.9954966711142443 0.002432275545949249
0.16116742055241823 0.9998608513988246 0.0024977659754626693
0.16175307381044757 1.002287717672762 0.0024850817275223398
0.1619652972194675 0.9985889971819281 0.002549312841284891
0.1623434025888353 1.003418806170797 0.0024364815006613478
0.1625564422193279 0.9991114309012145 0.0024959397665793664
0.16314210294976572 0.9981030126113914 0.0024817137177926218
0.1633543255438784 1.0010605431001045 0.002550958659381497
0.16373242346266292 1.0023348183679692 0.002436604120106544
0.1639454638853281 1.0029404329725904 0.0024999104772744545
0.164531132089992 1.006187667109253 0.0024879065858457337
0.16474335386737982 1.002844514948395 0.0025537947839304634
0.16512144433649592 0.9998586366732362 0.002434481502078059
0.1653344855485998 1.0030221788470355 0.0024994312491839355
0.16592016122931016 1.000068267843463 0.002482463502244618
0.16613238213358306 1.001228371044106 0.002554425822063928
0.16651046521032353 1.005447550629545 0.0024398442940991626
0.16672350720732404 0.9995125530688191 0.002497238139476292
0.16730919042683598 0.996634376361538 0.002479814864116944
0.16752141045708446 0.9982154413257348 0.0025512951102901605
0.1678994860832457 0.9975420946331429 0.0024321337071957997
0.1681125288633198 1.000716216831191 0.002495690642562174
0.168698219565246 1.0024541336128028 0.0024858836406649225
0.16891043878058587 0.9954431991821885 0.002548678240712872
0.16928850695662057 1.0017317490749138 0.0024375079958931034
0.16950155051567756 0.9969431261947941 0.0024960285346544184
0.17008724870456415 1.0027371974724288 0.0024858633552208263
0.1702994670467891 1.0018888458443842 0.0025524378296629614
0.17067752782999546 1.0032731007974685 0.0024373188068181244
0.17089057216439735 1.0025032906995919 0.002498551318129515
0.17147627784297145 1.0005086717211402 0.0024841474341800234
0.17168849537029052 0.9997864536901315 0.0025506594926013324
0.1720665485865023 0.9939169822507893 0.002430451039711874
0.17227959381357255 1.0002594060923136 0.002498304759738363
0.1728653069822896 1.0017028057220658 0.00248343021063733
0.17307752369470142 1.0012310903720223 0.0025525678039889092
0.17345556946078802 1.0061525496460557 0.0024377193851708133
0.17366861545501638 0.9961895351752447 0.0024960364382699456
0.17425433612160776 0.999678117288723 0.0024833462533394436
0.17446655195999516 0.9985663953144359 0.002549353272804351
0.17484459033507374 0.9994538757261356 0.002434854913675332
0.1750576370960048 1.0003499798377296 0.002496139707569026
0.17564336526092592 0.9962635790260124 0.0024795714824581067
0.17585558028440607 0.9965764430099314 0.0025496168668991273
0.17623361120890135 1.0005643235868655 0.002436210656035114
0.17644665873290116 0.9996659696081203 0.0024970420606290782
0.17703239439933594 0.9963139490061337 0.0024809450347902033
0.1772446085496998 1.0002770160696737 0.0025514191616538956
0.17762263196631903 0.9999232072148968 0.002433976678230897
0.17783568036706904 0.9997988535845947 0.00249639459685039
0.1784214235386541 0.9988203883587669 0.0024821850369166924
0.1786336368745648 1.0013041401114449 0.002550875207448391
0.17901165284014664 1.001639616658448 0.0024361055492864857
0.17922470199668944 1.0001785173762474 0.0024967709455522
0.1798104526770614 1.0023996135650117 0.0024846296905422895
0.1800226651998852 1.000189284946316 0.002553737847635273
0.1804006737130688 0.9997457953544101 0.0024340530760699653
0.18061372362358136 0.9977328803146008 0.0024953791965639125
0.18119948181637954 0.9960368278326106 0.0024812234745417547
0.18141169346654384 0.9970483938256154 0.0025486152240151378
0.1817896944709392 1.001795221459237 0.0024374335645540733
0.18200274524956378 0.9954741173310158 0.0024945003861054824
0.1825885109556977 1.0001098316740253 0.0024820286881047293
0.18280072179004525 1.0035514495921822 0.002554372315553478
0.18317871534522492 0.998746753160035 0.002433761303054176
0.18339176686963382 0.9941620391249751 0.0024936538098139956
0.1839775400368082 0.9997393451678728 0.0024812438789894456
0.1841897500562485 1.0028597433668782 0.002552453811589613
0.18456773610172908 0.999723980579202 0.002433159352420285
0.1847807884897052 1.0042241102516374 0.0025005398930486797
0.18536656917658176 1.0028190545355946 0.0024834628548344767
0.1855787783797499 0.9994789975584045 0.002549630416127904
0.18595675697555938 0.9958560159902746 0.002432753520645639
0.18616981010477368 0.9954694397244073 0.002498376381258929
0.18675559831635535 1.004566126811466 0.0024854812758241538
0.18696780664504364 0.9977791029590346 0.0025485477052737023
0.1873457777320662 1.0013558967558218 0.002433068871587223
0.1875588317134757 1.0012609025339863 0.002499550442552475
0.18814462745476265 0.9994956805209371 0.002483433978557665
0.18835683496945455 1.0045542960555855 0.002555064035811459
0.18873479860498568 0.9998663995771049 0.002433457732084234
0.18894785332126823 1.0044404884441938 0.002499233878378578
0.1895336565940808 1.0008059839873082 0.0024838237379291536
0.1897458632347483 1.002689490545125 0.0025520094921083524
0.19012381936285608 0.9977707702759514 0.0024321863574109696
0.19033687492633228 1.0059415322616692 0.002503176679473954
0.19092268567428317 1.0018049046944797 0.0024848033204885275
0.1911348915591592 0.9970563400997839 0.0025503612431740917
0.1915128402371391 0.9995732020233526 0.002432297194278749
0.19172589653139632 1.0024675856720786 0.0024983322963571344
0.19231171481314588 1.0058719315667188 0.002486099698231416
0.19252391982445294 1.0041854599160716 0.002553230000408832
0.19290186099364595 0.9962469247032375 0.0024322595668066003
0.1931149181291844 1.0051053843735094 0.002500251958934387
0.19370074395200862 0.997142075651247 0.0024834392985624365
0.19391294809065618 0.9970717390848307 0.0025476656352892897
0.19429088186793167 1.0025647816650307 0.00243586198428159
0.19450393972242502 0.999810839075903 0.00249773159794674
0.1950897730331191 1.0035714128291857 0.0024856743357313904
0.19530197641415759 0.9972022065773474 0.002549522574276272
0.19567990262580207 1.0022635874722283 0.0024382705397980892
0.19589296131657513 0.9973639271798741 0.00249733078516239
0.19647880217243727 1.0016934401588804 0.0024829371791743314
0.19669100468036083 0.9933566225606414 0.0025480880679132987
0.19706892338230622 1.0014462290305437 0.0024352594920108604
0.19728198290708726 0.9973465926211383 0.0025002233917137797
0.19786783131175542 1.0004417983922302 0.002479571979815448
0.19808003300477173 1.001147571387093 0.002551557865330686
0.19845794425659194 0.9985443289200099 0.0024339651469841407
0.19867100449032343 0.9985673382328315 0.0024963766711431387
0.19925686039195778 1.0013330306190855 0.002484065476269887
0.19946906127097497 1.0035338809901304 0.002553481578308915
0.19984696501445964 0.9983998945824125 0.0024337195023878453
0.2000600260735596 1.003266011962084 0.002500267503124347
0.20064588953127593 1.0020983381604878 0.002483120453511316
0.2008580895371782 0.9976359243667431 0.002549240448181517
0.2012359857709665 1.000940155403175 0.002434092406174798
0.2014490476522483 1.0023691749486248 0.0025003380666061147
0.20203491861238643 1.000424486536845 0.0024830138947580676
0.2022471178615891 0.9999475565775137 0.0025518029367035304
0.20262500652838147 1.0063869165235644 0.0024390357442425495
0.2028380692318465 0.9967634366710554 0.0024952939067328446
0.20342394775170458 0.9976205561841244 0.002479769286309772
0.20363614612779235 0.996304601128864 0.0025472878524660466
0.2040140272848856 1.0021990870045094 0.002436599945860419
0.20422709080325924 0.9979178045537264 0.0024980763361563962
0.20481297683281507 1.001626717906653 0.002483851412828561
0.2050251743930861 0.9960993732823429 0.002548938488550502
0.20540304815826319 0.9951367469872695 0.002429971366698505
0.2056161123719435 0.9988878658256085 0.002499216372503183
0.20620200597213323 0.9970810053037982 0.0024791267350792712
0.20641420265928934 1.0021427642612475 0.002551390766474452
0.20679206891567817 0.9989646760684349 0.002433622764259459
0.20700513393971826 0.9988673884608366 0.002497074112320103
0.20759103505324372 1.004509201398173 0.0024839736778301193
0.20780323098279074 1.0001743715324587 0.0025536880584760835
0.20818108967354856 1.0003799231056618 0.002433767358321857
0.20839415550476453 1.0007995176899103 0.002499782551012329
0.20898006419256188 0.9975270671885178 0.0024823810032479315
0.20919225924899398 1.0003719831049827 0.0025498378101219926
0.20957011043005272 0.9953692959366135 0.002433362101483467
0.20978317706253485 1.0015805545056415 0.002497703970269813
0.21036909327276151 0.9988656054527169 0.0024832249240024735
0.21058128751428773 1.0021447638739525 0.002552103126388152
0.2109591311874677 0.997075071592513 0.0024316183275610993
0.2111721986207606 1.001077524729863 0.002500555743066717
0.21175812241117153 1.0023010596976045 0.002484510257159114
0.21197031578049097 0.999707457573303 0.002550033725585907
0.21234815194488268 1.0008970874853762 0.002436026186002776
0.212561220175347 1.000651872489568 0.002498720426390183
0.21314715149228203 0.9973651394628031 0.0024810234511878702
0.21335934410399238 1.002357254014799 0.0025523649001474445
0.21373717270229767 0.9977066290391987 0.0024334502657366395
0.21395024172493188 0.9989654515048613 0.0024975443630847346
0.21453618057248167 1.0012230038107504 0.002482369843757928
0.21474837237019562 1.0006433614407673 0.0025505042511406316
0.21512619345971265 1.0066226839564216 0.0024396002875366105
0.21533926327542624 0.9996675397548415 0.002495627936523521
0.21592520971179982 0.9995046635250088 0.0024842928739004138
0.21613740063639886 0.9994525252963466 0.0025504321572201705
0.21651521421712763 1.001097952938078 0.0024339613474452606
0.21672828481773515 1.0014802924628239 0.0024983612029699557
0.2173142387929103 0.9996717886695492 0.0024820379220047172
0.21790423497454262 0.9994932633838083 0.0024339880078544174
0.21811730635731558 0.9974697848572036 0.0024962147062317576
