-0.20706820012924154 0.9943766157378511 0.003281496308993233
-0.2067360697087679 1.0028286451418624 0.0032697515228518226
-0.20643517901703187 1.0000301498614954 0.003249932604110868
-0.20641553354312236 0.9984842332617508 0.0033153736938545558
-0.20604164598694263 1.0016056903601043 0.003304151748649926
-0.20567931552932214 1.0021145726928593 0.0032919287655930225
-0.20534719954480116 0.9960136209530196 0.003262392887746358
-0.20504631816584085 1.0063491231258248 0.0032529574674318774
-0.20502663869592652 0.994355560882665 0.003311167974636512
-0.20465275905598834 0.9998644151310567 0.0033069894462025894
-0.20429043092940277 1.0109695750399188 0.003294210225759075
-0.20395832938106617 0.9979575647748299 0.0032667655436581407
-0.20365745684898584 0.9972687170811056 0.003251667103192113
-0.20363774338352414 0.9993138869916238 0.0033197448050379923
-0.20326387166005588 1.0027368695580934 0.0033139236405284227
-0.20290154632993881 1.0058629310651943 0.0032921677368319964
-0.2025694592166467 1.0011083295078589 0.003266855925941557
-0.20226859599847388 1.0082700561103652 0.0032514343775122676
-0.20224884853769254 1.0077833430668308 0.003316631630319738
-0.2018749842632126 0.9936102522174086 0.003296192729317066
-0.20151266126435816 0.998196079627459 0.003288536829400554
-0.20118058905200087 0.9979653597246749 0.0032666144906802587
-0.20087973468139253 0.9992493976651609 0.0032438532517620805
-0.2008599536904967 1.0005765894211567 0.0033156292931490216
-0.20048609686659769 0.9993954269615962 0.003311795167282599
-0.20012377666443878 1.0016090926961774 0.0032917112042133542
-0.1997917188882632 0.9982958505714212 0.0032646084560337017
-0.19949087383019878 0.99979861571541 0.003252429043394262
-0.19947105884307348 0.9949072682946474 0.00331615834380121
-0.19909720993609814 0.9982323310022809 0.003310458937190506
-0.19873489206497483 0.9979135132662048 0.0032883366153371313
-0.19840284872384373 0.9977865754045384 0.003266798072107416
-0.19810201251402557 1.0028587934771365 0.0032452005576494355
-0.19808216399655976 1.0026449488066929 0.0033154515172054526
-0.19770832253948323 1.0035270136736405 0.0033105894851885045
-0.19734600746573994 0.999454248486704 0.0032897716899295084
-0.19701397855942424 1.002584124447198 0.003271500845903694
-0.19671315166283185 0.9975092266752081 0.0032515420224680206
-0.19669326914936391 0.9906763536730363 0.0033084350572163985
-0.19631943514286831 0.9992235226192494 0.003303883330218519
-0.19595712286582057 0.9921576910595605 0.003286688139900077
-0.19562510839568656 1.0005970831222577 0.003270016134807597
-0.19532429034597684 0.9936338473657912 0.0032457222264699512
-0.19530437430216807 1.002360125789176 0.0033104025369505405
-0.19493054821236877 0.9998459652557729 0.003311052357411415
-0.1945682382659012 0.9983179876561095 0.003292710283857304
-0.19423623823104072 0.996132059664668 0.0032590506002427543
-0.19393542949523854 1.0019203964062224 0.003253468938249267
-0.19391547945542698 0.998087429545344 0.0033205395406649546
-0.19354166081575386 1.0001958425209059 0.003308129007682525
-0.1931793536666636 1.003077385250516 0.0032916826122015735
-0.19284736806593947 1.0028944427022006 0.0032712998223169715
-0.19254656817838353 1.0024536510088793 0.003248522084705274
-0.19252658460823113 0.994853117108804 0.003310623331201211
-0.19215277341891057 0.9985650826358181 0.0033080000832527595
-0.19179046906651787 0.9979385520311326 0.0032844648704537308
-0.19145849790152 1.0054197870092016 0.003271220464613718
-0.19115770732650803 1.0034220207134155 0.003250889061772661
-0.19113768976080792 1.003280420090151 0.003317701843950837
-0.1907638864886394 1.0003071537907102 0.0033123095292376115
-0.1904015844665985 0.9954608857451481 0.0032879247279384064
-0.19006962773710054 1.0019175581153994 0.0032675880392431774
-0.18976884600965302 0.9970816588793813 0.003241002860989125
-0.1897487949142942 1.002631988515826 0.0033175164739856666
-0.18937499909179611 1.001070697655666 0.003311761921576049
-0.18901269986736088 1.0048577126371874 0.0032904591926947073
-0.1886807575724547 0.9981030243414608 0.003268412370582916
-0.18837998515914378 1.0048820608354783 0.003261686389574447
-0.18835990006687098 1.0004705301306138 0.0033114792591915462
-0.18798611169586366 0.9984766976728237 0.003306003224858996
-0.1876238157331028 1.000555597174065 0.003290689699454681
-0.1872918878743783 1.0006234021444653 0.003270411188446789
-0.1869911238420597 0.9971583201389761 0.0032446945296129254
-0.18697100521967513 1.0057777832339638 0.003317503352028452
-0.18659722430061232 1.0013633776646793 0.0033115117778461448
-0.18623493113295708 0.9955901446181044 0.0032834333553028185
-0.18590301771064333 1.000359931347731 0.0032637337720864863
-0.18560226299086868 0.9904733692930691 0.003243968357447077
-0.1855821103731614 0.9994540562174898 0.0033142060352115564
-0.1852083373696587 0.9998443018782562 0.0033090054645268374
-0.18484604653371947 0.9951148520098729 0.0032900469624136935
-0.18451414754622386 0.9984005485332698 0.00326496332242726
-0.18421340167469544 0.9984202173128465 0.0032462423025408573
-0.18419321552642032 0.996132835163127 0.00331552863379507
-0.1838194499728154 0.9913494003632116 0.003300873482415174
-0.1834571619338001 1.0009920356127806 0.0032816827913138597
-0.1831252773818044 0.9959917079524047 0.003267854394823385
-0.18282454082350172 0.9989727380293858 0.0032498836676865864
-0.18280432067922447 1.00086219624421 0.0033210327625333917
-0.18243056257688295 0.9991291452691156 0.003304474632083412
-0.18206827733388342 1.0010692075836933 0.0032874626889243
-0.18173640721784035 1.0013948223635862 0.0032696479604903466
-0.18143567950642037 1.0001247691978186 0.003257132816483678
-0.18141542583202863 1.0023750986942144 0.003321044291781763
-0.18104167564570095 0.9971740496233379 0.0033074783500692336
-0.18067939273464584 0.9962165723607622 0.0032940352192549773
-0.18034753705342088 1.0038835560320365 0.0032601954206605468
-0.1800468186559084 0.9968514756527769 0.0032398819971539827
-0.18002653098528754 1.0096275584890526 0.00332028047362383
-0.17965278824908604 1.0008796652952892 0.003311348036134999
-0.17929050813518188 0.9966766339669688 0.003294779533826912
-0.17895866688900142 1.0006552870924779 0.0032677145911705506
-0.1786579573390534 1.0002361829970623 0.0032443838683203605
-0.1786376361380917 1.0016741586034137 0.0033148243014955478
-0.1782639008531529 1.0003205440072678 0.003312724093326689
-0.1779016240009238 1.0030727863818811 0.003293940805825758
-0.17756979719069865 1.0095561984121495 0.003274040780486467
-0.17726909648785968 1.0003766130441427 0.0032434772252218614
-0.17724874129066848 1.0033501080152174 0.0033209841652391704
-0.17687501392219862 1.0038409413161378 0.0033067641710303962
-0.17651273940100443 1.0020227991077875 0.0032858360198385977
-0.1761809270262792 1.0013678127384238 0.0032674637733657577
-0.17588023563712138 0.9938515706482833 0.0032455476299576977
-0.17585984644415475 0.9998843585179221 0.0033163340758281465
-0.17548612652535667 1.0030029123362851 0.0033127895632969373
-0.17512385480154047 0.9963190138035644 0.0032884369474934306
-0.1747920568618597 0.998254437767526 0.003265271327815407
-0.17449137432026637 0.9982844915921282 0.003239168387124534
-0.1744709515969589 1.0022490535948136 0.003321375601890688
-0.17409723912942288 1.005668744734987 0.0033142353414759764
-0.1737349702016211 0.9972846937937389 0.003286654398110398
-0.17340318669812202 1.0042372257476304 0.0032707942518211464
-0.17310251346907266 1.005803757590298 0.0032525506542020596
-0.17308205675021782 1.000205914454527 0.0033164743326648764
-0.1727083521982422 1.0087693781537375 0.00331250781301978
-0.172346086067363 1.0032871325455404 0.003289668069396766
-0.17201431653347618 1.0018556991552499 0.0032687808851066284
-0.17171365215267306 1.0004864925139298 0.003245227097350389
-0.17169316190438622 1.00497173421068 0.003312941329778112
-0.17131946480162663 1.0003225401125704 0.003308640832313388
-0.1709572014681254 1.000259016259579 0.0032863352846149462
-0.170625446834718 1.0015655179327678 0.0032714136029120327
-0.17032479130216113 1.0057987014887828 0.003246575063471453
-0.17030426705719037 0.9985257552307791 0.00331529872010565
-0.16993057787112775 0.9931805884585367 0.003307361227734517
-0.16956831686797968 0.9992174004435167 0.003286636379071943
-0.16923657667098033 0.9972955469485756 0.0032643460790406555
-0.1689359304509701 0.9977973314012702 0.0032408386782524605
-0.16891537220976716 1.0083412156181886 0.0033238491212220908
-0.16854169047519396 0.998202243839286 0.0033051222075059137
-0.16817943273372157 1.0019530094733455 0.003293856454488036
-0.16784770650656355 0.9988717601316631 0.003262114703150097
-0.1675470691341151 1.00192678273219 0.003254846055001311
-0.16752647736325343 0.9995554819659069 0.0033149541341935453
-0.16715280307857905 0.9979875902592495 0.003314727902822898
-0.166790548134484 0.997411519230355 0.0032821163520737303
-0.16645883634191502 0.9955759563716835 0.0032650678678624455
-0.16615820828360314 1.0027469349713156 0.003244645543358922
-0.16613758251583022 0.9938969276102654 0.003312633340626212
-0.16576391614762542 0.9954475329861918 0.0033078345087594408
-0.1654016635345673 0.9917312899199625 0.0032834154303715882
-0.16506996617818004 1.0015369618711654 0.0032649818195651338
-0.16476934743218308 1.0038053258376447 0.0032459846392920034
-0.16474868813429566 1.0008156548517697 0.0033138755701568063
-0.1643750287514646 0.9966340903453319 0.0033027694395883615
-0.16401277940008016 1.0022617864947807 0.0032855172722433598
-0.16368109648010365 1.0013340117211398 0.0032770157373874036
-0.16338048611532804 0.9993405462328614 0.0032494900541264944
-0.16298614135484968 0.9964352926607009 0.003310786646655342
-0.16262389480084527 1.0030166370191138 0.003286322450575215
-0.16229222631568418 1.0002594350893288 0.0032629814426896925
-0.1619916252648161 0.9939789280928337 0.0032349805604385455
-0.1619708984405861 0.9988909581204094 0.0033174944782556875
-0.16159725442366768 0.998528484414103 0.003307605430557587
-0.16123501066726897 1.0026572354303929 0.003289216738328292
-0.1609033561512647 0.9945782731244293 0.0032592208551122962
-0.16060276394705297 0.9948770852689859 0.0032475037147274917
-0.16058200359316288 0.9939333388953779 0.0033076181884818
-0.16020836702773522 0.997869275310244 0.003302948394091972
-0.1598461260673496 1.0013034574941844 0.003292212754377393
-0.15951448645296196 1.0012340155547679 0.003269533472388947
-0.15921390309517747 0.9995083449871357 0.0032490784796431384
-0.15919310874664916 1.0059266728286138 0.0033218285209509184
-0.15881948009655322 1.0084491257907318 0.0033145992164157136
-0.15845724146743023 0.9987238052854095 0.0032834083196888585
-0.15812561628854246 1.0010760047486216 0.0032614513882808166
-0.1578250422446655 1.005314016385905 0.0032494629616840968
-0.15780421389922594 0.9974345661194901 0.0033162727208754777
-0.1574305926999383 1.0029905637897771 0.003308927497810266
-0.1570683573338539 1.001006682582904 0.003286270566884486
-0.156736746124123 0.9957988038241035 0.0032646586819956086
-0.1564361809278105 0.9955855750596799 0.003242096378681335
-0.1564153190520301 0.9914252645857397 0.0033094197842429792
-0.15604170530400518 0.9970556125555223 0.0033063052139749457
-0.1556794727337082 1.004440177293004 0.003287002372834624
-0.15534787596038532 0.9987690413818185 0.003260218871434839
-0.15504732007661678 0.9995724094394959 0.0032498423676215198
-0.155026424205289 1.0040712664730682 0.0033208402925307945
-0.1546528183730509 0.9982115929781706 0.0033102207881741375
-0.15429058859945008 1.0009577972020567 0.003283733122854295
-0.15395900626162984 0.9992332169876804 0.003269696446409825
-0.15365845922587848 1.0027082099223776 0.003246607489465131
-0.15363752935809316 1.002830897840922 0.0033208522784775947
-0.15326393097620894 0.9969591667716217 0.0033020521058599013
-0.1529017040002125 1.0045180382462835 0.003290458801766313
-0.1525701360969813 0.9969341751257303 0.003264824092713594
-0.15226959790970526 0.9995154547105999 0.0032412289146066552
-0.1522486349765586 0.9988033706123987 0.003317062793986873
-0.15187504404593644 1.0061062155304745 0.003307506080125689
-0.1515128198659571 0.9987019077150602 0.0032756201310386807
-0.15118126593324632 0.9987463274966412 0.003261327977854903
-0.15088073705851154 1.0081632541386376 0.0032541013889653856
-0.15085974013004488 0.9906185427534906 0.0033067211089344004
-0.15048615664909448 1.010113262986648 0.003314507282389135
-0.15012393573146995 0.9964657316104494 0.0032861327201411184
-0.14979239623448815 1.005406008206114 0.0032659634209658136
-0.14949187620732052 0.9972603130798877 0.0032392734248614216
-0.14947084528262167 0.9994520211925664 0.003321272287004303
-0.1490972697181402 1.0040836861645972 0.003307506554717661
-0.14873505113223506 1.0079873584047838 0.0032900480020214037
-0.14840352607006868 1.0011900976347092 0.003265792707456035
-0.14810301535657952 0.9995612164853667 0.0032467201166451677
-0.14808195043519845 0.9955443424012174 0.003315485336477265
-0.14770838232198003 1.000420775629744 0.0033094963848390294
-0.14734616699797698 0.9967163284349555 0.003279213196077055
-0.14701465590610463 0.9987300948110094 0.0032598912191697423
-0.14671415403972451 0.9959562727909438 0.003244961540579775
-0.14669305558868473 1.0011164837721325 0.003306999515933134
-0.14631949492536445 1.0009991011965182 0.0033053572295868956
-0.1459572823980576 1.003907682691123 0.0032865448900519754
-0.14562578620802824 1.0041084904553224 0.00326721742839094
-0.1453252931885335 1.0055247159912029 0.003249384176166336
-0.145304160742171 1.0003787697753161 0.003318608364700826
-0.14493060799441015 1.003119957376641 0.003308390582436562
-0.14456839826425494 0.9986684021717995 0.0032744156495151744
-0.14423691604360875 0.9980038047166332 0.003257769067820593
-0.14393643233802153 1.0012780798423435 0.0032544184544172736
-0.14391526636131857 0.9982933034031659 0.0033173261832534183
-0.1435417205984777 1.0023846222273312 0.0033031713602017306
-0.14317951412999685 1.003962798566995 0.003288701735387678
-0.14284804587896294 0.9992849669682266 0.003267042323151317
-0.14254757102094018 1.000025337207904 0.0032374897591734074
-0.14252637151457748 1.0020513923116172 0.0033126930443057594
-0.1421528336672957 0.9985597472948833 0.0033098161807952674
-0.14179062953007748 1.006612851903414 0.0032913924020040344
-0.14145917618088652 0.9905035814676033 0.003267274378504426
-0.14115871016974643 1.0057078281522343 0.003247897401720557
-0.14113747666806375 1.0055185416253276 0.003310738539262673
-0.14076394627045374 1.0027552226567478 0.0032977120771755662
-0.1404017453962748 0.9956185476291045 0.003283566962731315
-0.14007030601646706 1.0049068887589157 0.0032701723792547383
-0.1397698493192345 1.0007990157249198 0.0032378328031492662
-0.1397485818208679 1.0055483315793174 0.003324334783773347
-0.13937505934018124 0.9968614834942325 0.0033105011078940613
-0.13901286126269852 0.9979920640931905 0.003281002038211899
-0.1386814358520476 0.9993223011371254 0.0032628174925767753
-0.13838098846804078 1.0057179484098655 0.0032494141619687253
-0.1383596869734447 0.9950766310994997 0.0033193483785614103
-0.13798617194356633 0.994949639464347 0.003305148834592943
-0.13762397666277912 0.9992714325702342 0.0032903395535060064
-0.1372925661539739 1.0015511132023034 0.003265054557710469
-0.1369921271509594 1.0050794754496581 0.0032451977813093722
-0.13697079259259226 0.9987522026746161 0.0033141894591793425
-0.1365972850126127 0.991474699383762 0.003302464568041799
-0.13623509252852103 0.9970205060721956 0.0032870874355060355
-0.13590369598932536 1.0019054013343172 0.003270516029610287
-0.13560326630044747 0.9995517042199648 0.0032456315086467668
-0.13558189774516904 1.0004894149417451 0.00332189060077174
-0.13520839761645187 0.9932114925764873 0.0033076561143052415
-0.13484620839494743 1.0044920736819463 0.003284321540767956
-0.13451482629056719 0.9984876288769147 0.003264922048215552
-0.13421440544993554 0.9978884764413637 0.003243896706190971
-0.1341930028979732 0.9979314673011271 0.00331743890156545
-0.13381951068549824 1.0024993379197833 0.0033027750189446713
-0.13345732426046028 1.0009861543735756 0.0032849606160837786
-0.1331259561268322 0.9995711096811456 0.0032665375856484494
-0.13282554459874452 0.9973122919316062 0.0032422832048072804
-0.1328041080512321 0.991073936048222 0.0033097971616558963
-0.13243062328865496 0.9975191372835808 0.0033086926741103077
-0.1320684396605409 0.998970456218297 0.003292233163642662
-0.13173708596241274 1.0128341620755672 0.0032720369233940768
-0.1314366832818895 1.0070246320677219 0.00324763730877787
-0.13141521366969755 0.9974340546930419 0.003312710639497439
-0.1310417363583838 1.0037936364730657 0.0033072706083303637
-0.1306795555269673 1.0026288499010512 0.00328182594316751
-0.13034821626342818 1.0037511162049841 0.0032690199794732705
-0.1300478224311485 1.0015185161791678 0.0032463965052597923
-0.1300263188225017 0.9991946620733637 0.0033130388830197787
-0.12965284896313245 0.996556954808274 0.00330349340039803
-0.12929067139270922 1.0028042078095107 0.0032893116516795884
-0.1289593460996905 0.9994278769120085 0.003265754524793371
-0.128658961579273 0.9989179160135345 0.0032494354859166122
-0.12863742397598799 1.0055077293454786 0.003322395181309005
-0.12826396156697162 0.9927753147619783 0.0032999116753255234
-0.12790178725822476 0.9960333517746586 0.0032785077989093544
-0.12757047640093233 0.9999594734359697 0.0032702974632665438
-0.1272701007273975 0.9983304293874878 0.003245704789916726
-0.12724852912856477 1.001506046716773 0.003318064584984831
-0.126875074636018 1.000213914245771 0.0033115670467577215
-0.12651290312464847 1.0001923409089262 0.0032815432515325756
-0.1261816062356047 0.9981460917377651 0.003266215342476563
-0.1258812398766592 0.9893333112881256 0.003254343010609534
-0.1258596347470302 0.9945424598459772 0.003311881693181508
-0.12548618723985716 1.0011984889291417 0.003301068932925376
-0.12512401899039038 1.0034276030162146 0.003286259426042032
-0.12479273653684653 1.0002444857496755 0.0032624018890666474
-0.12449237855980687 0.99833923597242 0.0032263408536620905
-0.12447073990028912 0.9999006994075701 0.0033191002297920614
-0.12409730030890354 1.0004011162137108 0.0033086678565295725
-0.12373513485613229 0.991356814314699 0.0032722344406311637
-0.12340386637310884 0.991436276979262 0.0032549600626964087
-0.12310351770861315 0.9977378889183618 0.003237849535117884
-0.12308184505309328 0.9987845380991456 0.0033103918215066303
-0.12270841291228862 0.994204137343266 0.0032987503846033765
-0.12234625072255599 1.0005605334518994 0.003282667680045366
-0.12201499667435066 1.0059200913730557 0.003271820649159617
-0.12171465685810122 1.0032789509926123 0.0032491742218676745
-0.12169295067155872 0.9964788054486813 0.0033119971959936524
-0.1213195259820161 1.0040696206370472 0.0033082422504929435
-0.12095736612309203 1.0004087308135479 0.003282334205145776
-0.1206261265099312 1.0028238588955132 0.003268138952467208
-0.12032579600668113 1.001793638441791 0.003248145323773804
-0.12030405582481762 1.0065334302290927 0.0033171775424199095
-0.11993063905083545 0.9977412114165819 0.0033004656144837966
-0.11956848198883395 1.003640761693523 0.003282108848615505
-0.11923725681162843 1.0060466594884305 0.003266229081212007
-0.11893693515548741 0.9971196282673008 0.0032453358017270574
-0.11891516097762178 0.9978669701050957 0.0033170550224553776
-0.11854175165421987 0.9950033816809647 0.0032989388657796766
-0.11817959785457585 0.9976385328847552 0.0032784621186914844
-0.11784838664720897 0.9984801247518563 0.0032688526810722178
-0.11754807430497546 0.9948870909916642 0.003243681518335982
-0.11752626613019856 1.0042625314012241 0.0033182791861652693
-0.117152864723721 1.0015157689539633 0.00330935583840933
-0.1167907137207732 0.9986184048449522 0.0032844441678166088
-0.11645951694845078 1.0064746318644076 0.0032707569768557904
-0.11615921298880225 0.9986865404054762 0.003247934573412899
-0.11613737174934613 0.9991056987429712 0.003316684761221028
-0.11576397732710542 1.0071719133522388 0.0033068068335497937
-0.1154018295865151 0.9971730876517615 0.0032816072934071052
-0.11507064678471579 1.0024326777811714 0.0032699251915066785
-0.11477035213760853 0.9936881032656638 0.0032396976277319733
-0.11474847690215029 0.9994466510646468 0.0033178680598983084
-0.11437509039615111 0.9960524885985009 0.0033024471118307266
-0.1140129454522597 0.9983659689672036 0.003279211297843595
-0.11368177708572855 0.9963059039002014 0.0032619436513368523
-0.11338149128618843 1.003901067639957 0.0032501996014802762
-0.11335958205540919 1.004622183128963 0.0033164634586234404
-0.11298620299999096 0.9979862762720292 0.0033009119848970126
-0.11262406131868341 1.0003576910472118 0.0032892525921155522
-0.11229290692130908 0.9982611148981224 0.003267665090565417
-0.1119926304356765 1.0041488874622306 0.0032433061674464717
-0.11197068767523888 0.998518328030705 0.003318120531579624
-0.11159731606903665 0.99841672706381 0.0033047197429822055
-0.11123517718419895 0.991632556712506 0.003274360962346654
-0.11090403722323539 0.9958629766641331 0.003267767205414621
-0.11060376958448277 1.0002170939154227 0.0032481180857074883
-0.11058179282804304 1.0018483563327232 0.0033159298736188518
-0.11020842867219471 1.003222846298707 0.003307172355079742
-0.10984629351560216 1.0014137835812251 0.0032917670910029228
-0.1095151670594977 0.9975658133169683 0.003268136080489573
-0.10921490873329175 0.9954087956794823 0.003238635751109274
-0.1091928984462811 1.003199535982932 0.003320848248043471
-0.1088195417419222 1.0071198091153906 0.003310303381948051
-0.10845740938202585 0.9954227890302499 0.0032800977641318685
-0.10812629736073952 1.0076100696212247 0.003268533464911449
-0.10782604788277982 0.9983483794097491 0.003244110413941277
-0.10780400359976738 1.0064582248760852 0.0033103936659804687
-0.1074306543453073 1.007277672669739 0.0033043800720172086
-0.10706852524776776 1.0013983633546732 0.0032853623365424207
-0.10673742719609368 1.001550832676568 0.003264242986456721
-0.10643718656569844 0.9992724390861045 0.003250903304242991
-0.10641510875325366 0.9984824296386732 0.0033194504388715483
-0.10604176741435367 1.0011470626534724 0.0033054381181709235
-0.10567964111350968 1.0047208530531153 0.003283463847720641
-0.10534855749801729 0.9970596131892973 0.003271119525441666
-0.10504832571450472 0.9987524445223249 0.003243368584478373
-0.10502621437149173 1.0029420612098006 0.0033240514275154976
-0.10465288001819284 1.0083264403020202 0.0033058157688113632
-0.10429075697970701 0.9980924563882548 0.0032797310989948042
-0.10395968779925911 0.9975663978859838 0.003269425747656484
-0.10365946486399277 0.998321416900203 0.0032365498714801355
-0.10363731952429589 0.9966828673194024 0.0033142825925588995
-0.10326399308723921 0.9979031123788089 0.003303574488042999
-0.10290187284613071 1.0035184178635128 0.0032903975957319317
-0.10257081763483963 0.9981821410131091 0.003272960629521722
-0.10227060401279905 1.0047385420694168 0.0032552633242125925
-0.1022484246775548 1.0046964931539581 0.0033253548131125994
-0.1018751061560572 0.9952243212107711 0.0033041860530570086
-0.10151298871187261 0.9972147247745006 0.003288614304160644
-0.10118194793653688 1.0005464792143153 0.0032622989789898964
-0.10088174316137898 0.9966775090532004 0.0032357020798716
-0.10085953029602024 0.9970293323473634 0.0033132005034634837
-0.10048621876012476 1.0006010167368569 0.0032918638144769146
-0.10012410504327851 0.9984614797041081 0.003285213327957059
-0.0997930777721174 1.007195356919874 0.003277284874175948
-0.09949288231086703 1.0090424966170646 0.003251559120113184
-0.0994706354488244 1.0028205304762579 0.003317491006805556
-0.09909733182894274 1.0045208472541176 0.003309874448028126
-0.09873522090970221 0.9979768991089908 0.003280174679189327
-0.09840420807335923 0.9896210800619485 0.003261850408540078
-0.09810402145967331 0.9983463892715535 0.00323954490183984
-0.09808174106797196 0.9927981981187081 0.00331992917768598
-0.09770844443232785 1.0007985149028518 0.003311050973689631
-0.09734633677521776 1.0037265425120485 0.003290109543270661
-0.09701533790962424 0.9998170928464989 0.0032693775151597876
-0.09671516060757145 0.9999975015035595 0.0032471730367915497
-0.09669284622054874 1.002143994490312 0.0033153924970715475
-0.09631955750205601 1.0010248450164634 0.003301977959146173
-0.09595745264095967 0.9975145772907018 0.003283271443963414
-0.09562646821086605 1.002219479178288 0.0032740610377655103
-0.09532629975637771 1.0032482408683456 0.003243926724080493
-0.09530395137312553 0.9997163918871506 0.003312067304983651
-0.09493067010544042 0.9996042667242279 0.003303283184608739
-0.09456856850738336 1.0012714731438046 0.0032883248046759934
-0.09423759851188152 1.0023057112368892 0.0032694922039425305
-0.09393743890586578 0.9915013712647166 0.003239110706201329
-0.0939150569922731 0.999203776324046 0.0033200101502868463
-0.09354178317425976 1.0009700236138745 0.0033088501789415416
-0.09317968483878657 0.9988756511338057 0.0032844784876180574
-0.09284872834814382 1.0025671416371948 0.003276893645101261
-0.09254857805467206 1.0080161276812043 0.0032529813957088353
-0.09252616214507725 0.996173723688202 0.0033218471735386255
-0.09215289624398725 1.0022892914929913 0.003303349932969907
-0.09179080070430212 1.0020095177407407 0.0032899379263350626
-0.09145985865006744 0.9957456594639564 0.0032679610224452026
-0.09115971673759068 0.9952087080217582 0.003241362647850094
-0.0911372677635427 0.9985551331705269 0.003315449157637988
-0.0907640088478271 1.0021386977791564 0.0033057830927268553
-0.09040191657072581 1.005510188920763 0.003290828276686748
-0.09007098895108288 1.0032871624383628 0.0032750821227422538
-0.08977085588707875 0.9970400886819178 0.003245979914264904
-0.0897483729168016 1.0003783629797163 0.003315080901246189
-0.08937512191687279 0.9995385301697516 0.0032967315630950404
-0.08901303290212902 1.0066826807161673 0.003291489699141254
-0.08868211878666342 0.9988579737998803 0.0032676704231357464
-0.08838199503588771 0.9933810280730372 0.0032384720425068796
-0.08835947853526704 1.0026171553384693 0.003317594071590154
-0.08798623452003085 0.9980031564029966 0.0033072517340383247
-0.08762414876787093 0.9999308169517759 0.003291329935147739
-0.08729324908858703 0.9941303010265632 0.0032710129360831457
-0.086993134184694 1.0081117729412807 0.0032464796050646967
-0.08697058368784383 0.9997852347136544 0.0033129540024569816
-0.08659734758975833 1.0022687100383452 0.0033071969528220046
-0.08623526463406826 1.002855978852752 0.00328780677664702
-0.08590437938982884 0.9900052292423818 0.0032637364903528804
-0.08560427333418207 0.9940898103210456 0.003242744546972528
-0.0855816888413301 1.000466563440375 0.003321468672247501
-0.08520846065880472 0.9947376194960069 0.00329560644837707
-0.08484638096615324 0.9968257083796439 0.0032881539942038094
-0.08451550922518301 0.9979381190992598 0.003272305154508253
-0.08421541248276197 1.002892326528242 0.0032497079383468183
-0.08419279446047767 1.0042451005984379 0.0033206681803755146
-0.0838195732621898 0.9999172148650656 0.003299697433360051
-0.08345749683189785 1.0058842727920279 0.0032930224075103094
-0.08312663952710661 1.0007380257956222 0.003272971452107988
-0.08282655163156825 0.9992893898320979 0.0032450720851743228
-0.08280389961373658 0.9989415124196691 0.003315199269663246
-0.08243068633169026 1.0022497122197955 0.0033058728661860166
-0.082068613163072 0.9974657773319721 0.0032841797724256607
-0.08173776982834843 1.0069553771458095 0.0032740196691461586
-0.08143769078105631 0.99836617000758 0.003245614655117626
-0.08141500523288414 1.0029552446379917 0.00332331629144942
-0.08104179940073664 1.0031875940995978 0.0033030015054446742
-0.08067972902949838 1.003610263575929 0.0032934941886039247
-0.08034889966393166 0.9961038136020771 0.00327000785333187
-0.08004882992986259 0.9968479076147954 0.0032489520232323395
-0.0800261103856883 1.003880237252949 0.0033165416299506803
-0.07965291200389334 0.9995028242181065 0.003304606463451922
-0.0792908448952403 1.001820365862915 0.0032872374395261877
-0.07896002996585526 1.0042893766321315 0.003272487066099702
-0.07865996907844251 1.0001597291412725 0.0032416911406892373
-0.07863721600392637 0.9959135103883131 0.0033152525662948447
-0.07826402507362218 0.9942139089638493 0.003302156660258058
-0.0779019612266435 1.003366376208272 0.0032910340094061425
-0.07757116026687072 0.9984743536574697 0.0032670652816330966
-0.07727110822793057 1.0036521298417085 0.0032496715260607193
-0.07724832115741265 0.997508667487729 0.003312697426771938
-0.07687513767677888 1.001782376838344 0.0033033822920194088
-0.07651307709306719 0.9918621758725895 0.0032864335944790923
-0.07618229056811254 0.9991441033817053 0.0032736127168130594
-0.07588224737741864 0.9957973780705185 0.003244875751987992
-0.07585942677565072 0.9992517545425739 0.003320929700571226
-0.07548625074582527 0.9974480622603724 0.003303363316591788
-0.07512419342424403 0.9990742086191279 0.0032965383832999225
-0.07479342040437485 1.0030695801359535 0.0032716753113328045
-0.0744933865262249 1.003307335168017 0.003246180400393609
-0.07447053192845488 1.004556564441528 0.003320668844976628
-0.07409736381555343 1.0048988604304194 0.0033081346558463897
-0.07373530928998594 1.0002510756852512 0.0032880023905540704
-0.07340455070607209 1.0072778617966012 0.0032783337305313256
-0.07310452567503388 1.0064806684659529 0.003250457022388781
-0.07308163754760244 0.9974834527521996 0.003322534214839465
-0.07270847641893784 1.0013425971584393 0.0033046951173956616
-0.07234642562207093 1.0010456371521634 0.003290589459388482
-0.07201568100731391 0.9998453486223752 0.0032724694817398777
-0.07171566482429557 0.9989666672817457 0.00324735437285454
-0.0716927427004066 0.9955490899809799 0.0033109207798484776
-0.07131958948843897 1.0007630090905995 0.0033032631874555874
-0.07095754195347413 1.0046305143616066 0.003294799653663952
-0.07062681130855573 1.0024098752074142 0.003271059807364708
-0.07032680397310186 0.9996962962186915 0.0032515928785630133
-0.07030384831864467 1.0003451626892252 0.0033185215175660855
-0.06993070255884959 0.9985825549623976 0.0033030255522443525
-0.06956865781898967 0.994225498083664 0.003291583843181462
-0.06923794114481804 0.9942240442097982 0.0032591841661842817
-0.06893794312190814 1.0044465880223339 0.0032477492091108383
-0.06891495393779223 1.0035634947617431 0.003320822810970304
-0.06854181516200629 0.9981101792926677 0.003302930932779245
-0.06817977415107467 1.0044944464912153 0.003294421347320602
-0.0678490714458335 1.0013100079227846 0.003280396095534083
-0.06754908273683112 1.0069304668480485 0.003259334638853239
-0.06752605909036902 1.0047739807671527 0.003323478425947837
-0.06715292823105268 0.9989512012916941 0.00330085819513123
-0.06679089001750105 0.9993398840269413 0.003285824228701969
-0.06646020174707533 1.0010547923137119 0.003275142094378815
-0.06616022188495561 0.9964936407946462 0.0032383637172700218
-0.06613716470883446 0.9913168658728319 0.003312454137352392
-0.06576404130055312 0.9957220969151431 0.0033026706507131706
-0.06540200634890425 0.9971123089345583 0.0032972131966753815
-0.06507133204899893 0.9964984083158052 0.003277071983991665
-0.06477136103308011 0.9945510519534134 0.0032468104194780857
-0.06474826986209337 1.0005772345354789 0.0033173972701887613
-0.06437515390393822 0.9986595739460432 0.0033060970302339087
-0.06401312268030745 0.9939106758297724 0.00329431323250098
-0.06368246188389767 1.002256933497769 0.0032770874565465746
-0.06338250018256818 0.9984698936961491 0.003242134092487801
-0.06335937548124093 0.9969352656694893 0.00331577882213431
-0.0629862669729846 1.0024655880964919 0.003305444732006373
-0.06262423854650478 0.9978706138918186 0.003296567737728493
-0.06229359218423135 1.0040838791406999 0.0032739475174020883
-0.061993639331148084 1.0010382811970002 0.003250349891055854
-0.061970480633817715 1.0002742773410058 0.003317914927923135
-0.061597380042712084 0.9973401643445944 0.0032997268584891177
-0.06123535487790798 1.003174398284881 0.0032981340691963915
-0.06090472248615495 1.003517612125402 0.0032779319806281555
-0.060604778479954366 1.0028019185223513 0.003248322076740353
-0.06058158625228316 0.9984344187772519 0.0033292366257480855
-0.06020849264587014 0.9966498096003131 0.0032959949226887024
-0.059846471209311185 1.0016056652842809 0.003295568206388796
-0.05951585278739677 0.9950382469247863 0.0032720071973247155
-0.05921591762944243 0.9989936392694062 0.003246515644128636
-0.059192691871430725 1.002563394957812 0.003306642239113793
-0.05881960571468813 1.0008041424692122 0.003306067019466276
-0.058457587075508514 0.9992535713092475 0.003292391166066691
-0.05812698308864128 1.0032125980710662 0.00327720007011892
-0.05782705677893049 1.0012499212914792 0.003247517096911868
-0.05780379702423488 1.0003618232941018 0.0033180350396066283
-0.05743071878441697 1.0008456655059015 0.0033036055015233435
-0.05706870340691172 1.0074410034372376 0.0032969075160598693
-0.0567381129249036 1.0006317883912372 0.0032732535029891723
-0.056438195927736766 0.9971449422688469 0.0032456801628554265
-0.05641490264247295 0.9947058844116154 0.0033145634497874325
-0.05604183185346267 0.9972755949877617 0.0033050243409271617
-0.055679819738314915 1.0030820654524535 0.003299441047687161
-0.055349243225919054 0.9994524714874474 0.0032714424252065443
-0.05504933507631668 0.9962294443193899 0.0032522061307940124
-0.05502600779595923 1.0022666860331455 0.003321772727629634
-0.05465294445684709 1.0020013033862585 0.0033090931711305268
-0.0542909360703999 0.9988978822730276 0.0032880538195170237
-0.05396037352716087 1.0027355135620528 0.0032759387044647707
-0.05366047422580474 1.0008349584471576 0.003248399922677488
-0.053637113415106796 1.0034300450546705 0.0033184989464259502
-0.05326405752634821 0.9985797957835996 0.003301246739616101
-0.05290205193591545 0.9989875571037852 0.0032959761999760396
-0.05257150382908447 1.0030227353402748 0.003274841117798067
-0.05227161337461372 0.9967966886998597 0.003245154884280566
-0.05224821903402699 0.9934839250133639 0.003308229056445
-0.051875170596076374 0.9966266052448829 0.0033017724829520214
-0.05151316826731865 1.0010781371874593 0.0032979311586450125
-0.05118263413100808 0.9965694737957782 0.0032780386307650917
-0.05088275298908128 1.0027362008300926 0.003246741087694282
-0.050859324187513266 1.0028231696975338 0.003325530687333969
-0.05048628319946147 1.0041685483225473 0.0033032008787614773
-0.050124284599403636 1.006060141961548 0.003294945446858524
-0.0497937644322499 1.0035072574042827 0.003268051508394557
-0.04949389213856934 1.0040493392988483 0.0032485508327004965
-0.04947042980597871 0.9986831286619566 0.0033118813355302464
-0.04909739626827946 0.9930046103097323 0.003298335618384145
-0.04873540093149131 1.0014396424865926 0.003290538507276273
-0.048404894733265355 1.0020171241713944 0.0032701172679769678
-0.048105031287149255 1.0037594783520145 0.0032413763421828513
-0.048081534958555494 0.9979929764970964 0.0033189948294490646
-0.0477085093380083 1.0054767098912705 0.003304980572274922
-0.04734651726289451 1.00379565378353 0.00329368203616103
-0.04701602456952767 1.0061191490456807 0.003277448520795115
-0.04671617043595554 1.007070092489158 0.003254716589691608
-0.04669264057770306 1.0000912427226198 0.0033223586681971925
-0.04631962240682629 1.003573483329828 0.0033088640997762956
-0.04595763359407135 0.9985108802002748 0.00328848620662788
-0.04562715487076949 1.0022080771571868 0.0032748621840965435
-0.0453273095854436 1.003509259779904 0.0032534989959633193
-0.04530374619594113 1.0048225933747015 0.0033186421910280707
-0.04493073501021138 1.004228341721982 0.0033079579583815155
-0.04456874946049504 1.0042222245774148 0.003297371106764145
-0.044238285172014 0.9985080585642142 0.003270079530182213
-0.043938448734249874 0.9958776759230485 0.003251337278516112
-0.04391485134874529 1.0042788734899177 0.003323311832453661
-0.043541848079711835 1.0006673670841424 0.0033061751960665104
-0.043179865791898246 1.0000921194971781 0.003291930132906625
-0.042849415473708546 1.0015727083463806 0.0032750025252296843
-0.04254958788282979 0.9983469956243899 0.003245466531854925
-0.04252595696766548 0.9972508194893853 0.0033153021398860927
-0.04215296114875821 0.9997115365571461 0.003301398473792219
-0.04179098212330144 0.9937906894351057 0.0032888209321955118
-0.04146054577495306 1.0075583304965077 0.0032751133991796165
-0.04116072749797914 1.0028549476788293 0.0032483328144700912
-0.041137062586130924 0.9916493816210921 0.0033143937704025565
-0.040764073752143304 0.9992106612680506 0.0032973257017168173
-0.04040209845538643 0.9941580617681796 0.003289083074694899
-0.04007167607619488 1.0033937750702928 0.003274375529096927
-0.0397718666474672 0.994674053717411 0.0032469264961019853
-0.03974816773893508 0.998441668801255 0.003315730069226974
-0.03937518682187079 1.0027405726708132 0.003300716997517986
-0.03901321478656326 0.9987694654543 0.0032903110928846177
-0.03868280637789212 1.0017234761426639 0.003271107482710835
-0.038383005796047115 0.9937090898322074 0.0032396488019361437
-0.038359273358082646 0.998451297746163 0.0033211351676257065
-0.037986299890690134 0.9958824760289805 0.0033013639743057236
-0.03762433111796647 1.004387418616091 0.00329823811261449
-0.037293936679133936 1.0005253942190102 0.0032761152410111394
-0.0369941449448534 1.0021800026352476 0.0032568733069718984
-0.03697037897632072 0.9964607617298582 0.003314265993694457
-0.036597412959735835 1.0024518760211025 0.0032985942287536434
-0.03623544745005145 0.9998828500571653 0.0032896234099273614
-0.03590506698037576 0.9958212033093342 0.003267057902379825
-0.03560528409365967 0.9905054638203711 0.003235257039125944
-0.03558148459455879 1.0015694529285015 0.003322912689736716
-0.03520852556357568 0.9954790023062334 0.0033012483005923116
-0.03484656378145735 0.9973383857101725 0.0032845416456809117
-0.03451619728229936 0.9917732997338491 0.0032698531890417836
-0.034216423241784165 0.9957906237842846 0.0032443428224918644
-0.034192589748045066 1.0012582316638592 0.003316374159606614
-0.03381963863262138 1.000471446061186 0.0033026979462793273
-0.033457680112631484 0.9995160085734879 0.003294337042122183
-0.03312732758422297 0.9963267975759706 0.0032649780768005893
-0.032827562856025366 0.9906965759940899 0.0032420776256976936
-0.03280369536651051 0.9973663988660393 0.003309712409074805
-0.032430751701667086 0.9912681028088565 0.00329758765481475
-0.03206879644471917 1.0011927200106927 0.003291077691140156
-0.03173845788523842 0.9949661865867566 0.0032635909979858526
-0.03143870200551343 0.9955673003464023 0.0032513796946613345
-0.031414800984975955 0.9935716223690363 0.0033167300576526252
-0.03104186477116821 0.9895757913853225 0.003294749205564294
-0.03067991277680415 0.9953566341294183 0.0032872261901030126
-0.03034958818648024 0.9956908319940976 0.0032726296543821596
-0.030049841154319707 0.9943551710789303 0.00324753158424749
-0.03002590613823486 0.9974639028121657 0.003310876566156345
-0.029652977840213916 0.9931062503451821 0.0033025610948639473
-0.029291029107980985 0.9999367201932159 0.003288000979916064
-0.02896071848840384 0.997689989073593 0.0032755417973227585
-0.02866098030312868 0.9938384415943703 0.003242320989755599
-0.028637011756700304 0.9973811448617996 0.0033194574377180945
-0.02826409044337197 0.9902925243300971 0.003296470306877807
-0.027902145439384185 0.9936389033390725 0.003285621350345302
-0.027571848789648357 0.9921858704771106 0.003267483221087966
-0.02727211991827803 0.9925670286901535 0.003236655783157999
-0.027248117374938374 0.9990882008349193 0.0033151388802849795
-0.02687520351309946 0.9921920043279987 0.003295307893107429
-0.02651326177146917 1.0034448747041287 0.003297043566372355
-0.026182979090661116 1.0007184097131014 0.0032714682962255194
-0.025883259066857945 0.9877212667315458 0.003240070985100638
-0.02585922299408594 0.9961042351136157 0.0033161508199345624
-0.0254863165819188 0.9951929671192251 0.003301167172982262
-0.025124378568533657 0.9940600452818465 0.003289160337738175
-0.024794109392587416 0.998292900783315 0.0032667685113201535
-0.024494398215664223 0.9929748861328273 0.0032401897775535342
-0.02447032814825434 0.9880340687933289 0.0033102637062271947
-0.024097429650964505 0.9877938126026176 0.0032926731269621065
-0.023735494899936857 0.9935661734982828 0.003286409645705016
-0.023405239693829235 1.0002691781649893 0.0032710564260801027
-0.023105537365152282 0.99194604945811 0.003242049980078099
-0.02308143376717453 0.9926163548456923 0.0033131657432202808
-0.02270854225503138 0.9915773646662465 0.0032973135279579817
-0.022346611231795478 0.9962017567821018 0.003291932712822801
-0.022016369995071054 0.9936094386898919 0.0032644711418071503
-0.021716676514413984 0.9882430288462747 0.0032426666041978926
-0.021692539385639975 0.9925461969168606 0.0033196963853571538
-0.021319655324077758 0.989607439826357 0.0032928868182707095
-0.020957727563198678 0.996795160365743 0.0032936066222712815
-0.020627500296994658 0.9940736843010307 0.003265747029657982
-0.020327816128881546 0.9969634206508773 0.00324826933320458
-0.020303645004560167 0.999576013787701 0.003314400216972679
-0.019930768392895752 0.9878855138364664 0.0032974234953297727
-0.019568843894601878 0.9916648535287358 0.003285432610842915
-0.019238630598010113 1.0001570969949904 0.0032782461316232248
-0.018938955277687824 0.9956360537028709 0.0032434476530439184
-0.018914750157364324 0.9983332776584092 0.0033139903665804797
-0.018541881462624588 0.993307567385003 0.003301392043967554
-0.018179960226689554 0.9997125279360223 0.0032906948808350167
-0.017849760899251933 0.9950236672828193 0.0032630315326789712
-0.017550094427175887 0.9943631576437757 0.003241507475842613
-0.01752585577582977 0.9935641002917545 0.0033130412794010354
-0.017152994531442582 0.9991280284981623 0.003306408796833781
-0.016791077023524986 0.9955506012934269 0.003284015466212022
-0.016460891201175536 0.9939050192876154 0.003266020162320989
-0.0161612335757558 0.9938734897741153 0.003250036121428189
-0.016136961394977334 0.9982284956115599 0.003313366749588957
-0.015764107134827673 0.9861544067455158 0.0032932334769922482
-0.015402193354928184 0.9927182374618553 0.0032868285374697236
-0.015072021502872774 0.9989791585285348 0.003271727717132848
-0.014772373190223368 1.0004491750577302 0.0032449975313465053
-0.014748067013215405 0.9897225764050311 0.0033088700810332693
-0.014375220204555835 0.9970736373778042 0.003300526678371442
-0.014013309687015862 0.9975006295354465 0.003298313413720257
-0.013683151804114594 1.0030050036268245 0.0032645994669674616
-0.01338351233971143 0.9957188562016399 0.003246543812768367
-0.013359172631680849 0.9942075990935055 0.0033077746708573457
-0.01298633327405696 0.9944871983609518 0.003295170106368812
-0.01262442648408035 0.9935051339409996 0.0032783500499349153
-0.012294282105356413 0.9928774918650701 0.0032675095744353097
-0.011994651488520401 0.9988168309392157 0.0032468273688137836
-0.011970277784939753 0.9940778811369977 0.0033093979582548287
-0.01159744634378445 0.9927631619253924 0.003300341883952535
-0.011235542815257186 0.9936791692805023 0.003284559868100664
-0.01090541240728271 0.992426792652166 0.003259226855842821
-0.010605791102987967 0.9914768934375917 0.003222574146512442
-0.010581383403405198 0.9972154034300266 0.0033123314971859417
-0.010208559413513285 0.9905050560031721 0.003297221014676584
-0.00984665914734217 0.9947409363922811 0.003281425238195986
-0.009516542708295472 0.9933591070866059 0.003262595659791537
-0.009216930252249666 0.9897318094483657 0.0032519384113826955
-0.009192489021870642 0.9935224212482198 0.003316328209764249
-0.008819672483013737 1.0040124140567417 0.003315564992301386
-0.008457775479427153 0.9900388047879046 0.003283335329748793
-0.008127673009537291 0.998755330092012 0.0032689944249706723
-0.007828069401055944 0.9940514856357303 0.003246563477755339
-0.007803594640790834 0.9925795422970519 0.0033131677164504407
-0.007430785086398828 0.9891984906984452 0.003287965347049226
-0.0070688922764916414 0.994595234242926 0.0032906258902296393
-0.006738803311463589 0.992404618187283 0.0032588756240917527
-0.006439209015523509 0.9933656097757506 0.003244087661826552
-0.0064147002592562785 0.9941139736053924 0.003313013798377179
-0.006041898155216822 0.9931052058572792 0.0032949329832241375
-0.005680008607894841 0.9976083273719699 0.0032854300753525404
-0.0053499336127054075 0.9908540075838171 0.0032644977006393303
-0.005050348164329787 0.9957456637269317 0.0032498276644641316
-0.005025805411833062 0.9967714179512843 0.003308410769635246
-0.004653011224945658 0.9885709462132768 0.0032927739175843402
-0.004291125405414749 0.990183051606866 0.0032816274100633787
-0.003961064379608514 0.9955383385159613 0.003266325052275858
-0.003661487313136065 0.9945182930071608 0.0032465934074744993
-0.0036369110309806274 0.9958172090336257 0.003318084128528189
-0.0032641242939913623 0.9992145132475091 0.0033002747083750177
-0.0029022417368179485 0.9932778630166272 0.003289968222744574
-0.0025721946813057543 0.9967945757006291 0.0032622570652268514
-0.002272626927377267 0.995316292869729 0.0032454485173275412
-0.002248016649218698 0.9955932589512144 0.003309318294855545
-0.0018752373630370669 0.9899170481901607 0.003295456586175482
-0.0015133580682211484 0.9887606563116106 0.0032773727866731704
-0.001183324981865789 0.9894031006017779 0.003263440265334228
-0.0008837660761835448 0.9977030863464029 0.00324416378702199
-0.0008591222676841426 0.9964938140924949 0.0033178071195984335
-0.0004863504325381924 0.9948252083867464 0.0032976974826546255
-0.00012447486597011448 0.9910215792034521 0.003280159317827243
0.00020554471757417626 0.9915638869910813 0.003267749564262717
0.0005050947743283932 0.9942238396075384 0.0032454007522805454
0.000529772113168292 0.9987594626961396 0.0033134813227872453
0.0009025364984161031 0.9940305167150476 0.003296060061697882
0.0012644088026266857 0.9962286315459338 0.003284829065131055
0.0015944144156505731 1.0000738325065286 0.0032616599544314263
0.001893955159860828 0.9959996414908806 0.003245199470706836
0.0019186664947028476 0.990700110334879 0.0033171311332061216
0.002291423895258049 0.9892593169511094 0.0032963101481518374
0.00298328411372697 0.9925247653884264 0.0032552511663116635
0.0032828160112809133 1.0005560799236357 0.003245245033607987
0.003307560876464777 0.9922773693268669 0.0033085048325716127
0.00368031082553056 0.9897550526925157 0.003295453592359264
0.004042175673703578 0.9829103837508298 0.0032641495107417072
0.004372153812711514 1.0001547955989216 0.003265831465605276
0.004671676861792851 1.0001116095558649 0.0032481290162480166
0.004696455257317211 0.9953089044936361 0.0033131834875820376
0.005069197756711219 0.991336884742926 0.0033067401601242093
0.005431058876639091 1.0008156908975543 0.0032861476308498226
0.005761023045808408 0.9929930113448779 0.00326788562888953
0.0060605372473252865 0.9940939762648543 0.0032470624917338713
0.006085350103830933 0.9906713041934334 0.0033139814071843827
0.006458084687665514 0.9922178588752797 0.0033014961165526817
0.006819942545235891 0.9930722531012696 0.0032823665373133415
0.007149892743884805 0.9956110116798547 0.00326594531483771
0.0074493980985163135 0.9935492086644313 0.0032499272210829715
0.0074742444849107414 0.9913968972586498 0.0033160600090782902
0.007846971617937352 0.9898395825993601 0.0032928587462967237
0.008208825747715982 0.9889621924287619 0.0032807052319087514
0.00853876244264029 0.9977596815158846 0.003262022880141225
0.008838258949254614 0.987257391222692 0.0032337304128079777
0.008863138865763176 0.9965154509971138 0.003320886832840557
0.009235858548890974 0.9908469617009321 0.0032973637614866704
0.009597709415631 0.9964032449504068 0.003290647442233898
0.00992763214162753 0.9915673044031013 0.0032674461484607804
0.01022711933478705 0.9976921175020299 0.003250984677173267
0.010252033247297732 0.999246588195767 0.00331146323192039
0.01062474548007298 0.9932165623337292 0.0033000454651809803
0.010986592618566512 0.9998398562493455 0.0032856098187939204
0.011316501839701232 0.9897413270812632 0.003259292785750346
0.011615980185980772 0.9997839596809582 0.0032429002336017572
0.01164092762905966 0.9906131571677574 0.003318449526912269
0.012013632410344144 0.9977011742165933 0.0032982539524296205
0.012375476287389676 0.9959365672836205 0.0032887791447651156
0.012705371538459413 0.9895041917015001 0.003264903000684799
0.013004840571057786 0.9908301171655052 0.003239382007371132
0.013029822009912095 0.9999542631274485 0.0033042759271386685
0.013402519807187437 0.9954639980026488 0.0032972484549266363
0.013764359489643404 0.9978874377343211 0.0032857464632409152
0.014094240771556306 0.9921137490096871 0.0032626205741017587
0.014393701421569724 0.9980912706149501 0.00324390921183096
0.014418716390991904 0.9923234852559352 0.0033081166916020333
0.014791406738141059 0.9928083857560891 0.0032958648223435543
0.015153242692578917 0.99698941323254 0.0032854996940789847
0.015483110469859066 0.9919569120750347 0.0032572112176192233
0.015782562272763447 0.9959366754449324 0.003247949503710602
0.01580761077252646 1.0025282983877681 0.003317250988824121
0.016180293668640607 0.9996282472394744 0.003290745045552799
0.016542126361173023 0.9943793610226331 0.0032814287401010294
0.016871980168617247 0.9884001005115576 0.003259698730910392
0.017171422658295882 0.9872213933236343 0.003233665912623226
0.01719650515428839 0.9983161097742919 0.0033122442983478536
0.01756918059959423 0.9947136203739765 0.003302321077147571
0.01793100956342675 0.9979916822119702 0.0032860426162974157
0.018260849867375428 0.9937737863060616 0.003263783939445453
0.01856028350880782 0.9916689036598364 0.003245311634312549
0.018585399535140823 1.0017481836020812 0.0033203620938645935
0.01895806753054785 0.9980724689044839 0.0033044458059573677
0.019319892766588628 0.9931241292479976 0.0032805943744956554
0.0196497191000169 0.9951086255762599 0.003273509088985246
0.019949143894566618 0.9986511611607256 0.003250131030462632
0.01997429391667538 0.9968323671368281 0.0033130129979273134
0.02034695446082036 0.9966088830945143 0.0032966439308755907
0.020708776435185428 0.9972218019379817 0.003287346573112905
0.021038588798093297 0.9948004447141071 0.00325516456189199
0.02133800474576034 0.9940220864170639 0.0032412583016179683
0.021363188298209934 0.9992315354457189 0.003315208356229704
0.02173584139200102 0.9929232953054372 0.00330260072622629
0.022097659637439156 0.9929850416288896 0.0032838304968425074
0.022427458496851477 0.9968881175100143 0.0032616384401620313
0.022726865596272277 0.9943729689081295 0.003244865941414755
0.022752082679289742 0.9921500289765346 0.0033134504729545196
0.023124728323183026 0.9900362817091108 0.0032908333408427745
0.02348654284037467 1.0004715410666907 0.0032863520961183587
0.02381632819560966 0.992199807953698 0.0032562716684127442
0.024115725981802016 0.9875329772179893 0.0032420004222513663
0.024140977060824298 0.9910195999587655 0.003305643122742354
0.02451361525345419 0.9846968100005873 0.003291849238375331
0.024875426509197832 0.9963142667048135 0.0032776837594807027
0.025205197428022075 0.9929717826730531 0.00326499870963815
0.025504586833677522 0.9939333260842396 0.0032376961757777374
0.025529871442586227 0.9915748279414083 0.0033198554292349506
0.025902502184408486 0.9997942090506218 0.0032984357855129513
0.02626430971145156 0.9941976736812955 0.0032906580446996066
0.026594067127009315 0.9944756646179997 0.003263400268787736
0.026893447219439016 0.9887326439885239 0.003241396944886112
0.026918765823438662 0.9941444362365598 0.003310224858712086
0.02729138911536278 0.9890974958973034 0.003303699015382291
0.02765319291370529 0.9921011545602713 0.0032773436633840754
0.027982936825767496 0.9942550122084094 0.003262027803113671
0.028282308070630043 0.9971431600873356 0.0032509707979798746
0.02830766020520059 0.995468479310851 0.0033117910559314536
0.028680276045861656 0.9938822282566603 0.0032945067444492444
0.029042076116867165 0.9970006030103922 0.003284159461047928
0.029371806523841196 0.9991064343182101 0.0032679704107968365
0.029671168456162477 0.9999702785806491 0.00324600033274394
0.029696554586735147 1.0000681282781752 0.003317868813085024
0.03006916344179478 0.9864656817481988 0.003293546782503559
0.030430959319802678 0.9933631609141454 0.0032800231869501446
0.03076067575693809 0.9948597905603093 0.003263483569298448
0.031060029306674414 0.9965248989626626 0.0032469950545983258
0.03108544896758758 0.9976717839848448 0.0033142458864951732
0.0314580503727484 1.0014958780648486 0.0033153791850018166
0.03181984298771769 0.9929603391808971 0.0032851219623710884
0.032149545455922635 0.9952544284855348 0.0032666871974357816
0.032448889692433217 0.9949970030918668 0.0032455921268713713
0.03247434334912214 1.0011956104864908 0.0033202435975926065
0.03284693730393041 0.9950661834290694 0.0032958802488422616
0.03320872619065051 0.9969187356874499 0.003289725195925753
0.03353841515399903 0.9974306121621594 0.003262089035954485
0.033837750543626935 0.9992851180463697 0.0032530948570791826
0.033863237730884066 0.9984717382457557 0.0033112039050865036
0.03423582423420157 0.9930568829603784 0.003296137808225911
0.034597609393586026 0.996198855450595 0.003287922927286842
0.03492728438709593 0.9946153641364329 0.0032639793382629803
0.035226610928477585 0.9979080517111201 0.003241752571274094
0.0352521321117365 0.9962923092890092 0.0033181923070217363
0.03562471116538358 0.9988791008288685 0.0032993484489278425
0.035986492596066115 1.0011028979407908 0.0032862784698033222
0.036316154085854105 0.9986612591141893 0.0032634107149149415
0.03661547177921589 1.0074303707402215 0.003257868466645505
0.036641026492588935 0.9946761222239056 0.00331076271220387
0.037013598096337204 0.9950358193779193 0.0033026845507259867
0.03737537579900163 1.0013453135700427 0.003290453055532233
0.0377050237839305 0.9919429911851589 0.0032637059197399565
0.03800433216474832 0.9944680736397354 0.0032443505356433994
0.03802992087366874 0.9921465549078815 0.0033090312613916336
0.03840248502683675 1.0084229398300137 0.0033069175534450363
0.03876425900193715 0.9986207656133747 0.003280033814233024
0.03909389301657198 0.9938317556319765 0.0032553364054587826
0.039393193015942046 0.9926320595999037 0.0032467540647996094
0.03941881525474855 0.9950341251280144 0.003315137716512682
0.039791371957790374 1.0030569459668734 0.0033015470197484383
0.040153142204190875 1.000871355897004 0.003284606294511396
0.040482762715330155 0.9981592487410095 0.003263739534624604
0.040782053400792696 1.0017708520014539 0.003245621007080683
0.04080770963628311 0.9982927083932017 0.0033120862348398647
0.04118025888874399 0.9935210326227998 0.0033022239616967834
0.04154202540735275 1.0040515990734367 0.0032912131177621155
0.04187163241408834 1.0009026352009547 0.0032684114840071444
0.04217091425221278 1.0002872366962285 0.003262688020868965
0.04219660401781766 1.0005716240216902 0.003318960995209302
0.0425691458190165 0.9990254980751331 0.0033037074989016985
0.04293090907594955 0.9973733646947269 0.0032926785351930503
0.04326050164672981 0.9987557398429915 0.00326875228266635
0.04355977463774521 0.997227775846408 0.0032473003828285855
0.0435854983986701 1.003187012259624 0.003316360244048024
0.04395803275019716 1.0016177402165436 0.003306627836936994
0.04431979227820328 0.9982801662585329 0.003288535300985474
0.04464937134548799 1.0054812881338162 0.00326901043961052
0.04494863548825446 0.9953978630714156 0.0032460900442421513
0.044974392780432026 1.0012507702045013 0.003319631546646058
0.04534691968137917 1.003368026202647 0.0033039045870459057
0.045708675480457005 1.0100592405891242 0.003287664185641023
0.04603824057858219 0.998728765927373 0.0032625303589725718
0.046337495873786896 0.9931183188249609 0.0032417483378543274
0.04636328716196658 0.9965990931288332 0.0033089604907325337
0.04673580661096855 1.0035321829844273 0.0032991373500462716
0.04709755868338982 0.9933231628529187 0.0032861217405583676
0.047427110276658586 0.989478067273616 0.003260936723113606
0.047726356725209675 0.9983274654984005 0.003248653771092688
0.04775218154304639 1.0053956950941245 0.003325124057098022
0.04812469354124039 0.9973501795616405 0.003302216189491753
0.0484864418865544 0.9954194482062632 0.0032852693487364633
0.04881597997564313 1.003565737309054 0.0032649586367057134
0.04911521711005763 1.0028743989236295 0.0032504728835183153
0.049141075924580946 1.0046570535656532 0.003317155388082721
0.04951358047219401 1.0047276945064934 0.0033070157904503514
0.04987532462314414 1.0013795320643626 0.0032882697189501042
0.05020484920874003 1.0028348001469616 0.0032676404682493686
0.05050407796125135 0.9901438229233724 0.0032422049671522657
0.0505299703061155 0.9999686134609848 0.0033173716661500027
0.05090246740269356 1.0000394627921392 0.0033039243260698436
0.051264207826079655 1.001314941539022 0.00329072044134022
0.051593718906816424 1.003755123426465 0.0032695372935851045
0.05189293834678379 1.0044333461103065 0.0032510037166172674
0.05191886422153402 0.9969646079356668 0.003310218357205575
0.05229135433364718 0.9947037645823203 0.003296873528000454
0.05265309102901517 1.0021353970389215 0.0032835511894879154
0.052982588139913314 0.9913715459038348 0.003260429483854922
0.053281799197295726 0.9977476554404482 0.0032494663806806826
0.05330775860306858 0.9982197426922685 0.003317390315243079
0.05368024126482918 0.9944519760066949 0.0033042738556632164
0.05404197423149526 1.001030411572996 0.0032955240365815427
0.05437145783889786 1.002777500019829 0.0032646857349240515
0.054670659582146376 0.9978559722006074 0.003250055857426643
0.05469665298483051 0.9948757234123522 0.003313800927503785
0.05506912819510035 0.9995069887387424 0.003295696785481678
0.055430857434430776 0.9972385520523803 0.0032809937111436325
0.055760327536974255 1.000128669666121 0.0032715746430967835
0.056059519968586956 0.993873734141771 0.0032412468394678847
0.05608554736568294 0.9972712470597644 0.003309580022930182
0.056458015126054646 0.9954335459404877 0.003299201583662995
0.056819740637366285 1.0008080548717464 0.0032809042339101467
0.05714919677007115 0.9952490188862988 0.0032628456573813806
0.05744838082046246 0.9952181360157871 0.0032496537081823785
0.057474441746535376 0.9949189537614619 0.003308161870136013
0.05784690205700894 0.9982088575388086 0.0033103791812327953
0.05820862383962001 0.9957534699710769 0.003285731654495161
0.05853806646882933 0.9909907613528128 0.003257697635578821
0.05883724120531311 1.0043418233270356 0.0032518224795537124
0.058863336128297306 1.0010562451119405 0.003319639521277918
0.059235788987507816 1.001274699176041 0.0033069585681380718
0.05959750704255553 1.0046739012927084 0.0032883903394067917
0.05992693570215259 0.9971065673067838 0.0032588474907980394
0.06022610205650684 1.0035869626956242 0.0032507931365710445
0.06025223050983186 0.9952828207427049 0.00331794000222989
0.06062467591846211 0.9988617221092725 0.003300183368588397
0.060986390245717406 0.9965544039150439 0.003280410554446946
0.06131580540091077 0.9991301255230987 0.0032650693425125854
0.061614962442265636 0.9958880023051757 0.003241026639496438
0.06164112489091167 0.9946885593316936 0.0033089303831905777
0.06201356284964277 0.9975807209310589 0.003301520839694438
0.06237527298230985 0.9987929460049422 0.003288495998504001
0.06270467463400767 1.000747789935478 0.0032631711600789788
0.06300382282711628 1.0108829019034304 0.0032554126331880554
0.06303001880678494 0.9963449151885565 0.0033172091106307153
0.06340244977991528 1.0077318755266464 0.00331041486895441
0.06376415618456088 0.9965781257141552 0.0032848290330482425
0.06409354433276584 0.9965504380543556 0.0032598660137589507
0.06439268367830732 0.996244393102624 0.00325521880632889
0.0644189131883195 1.004211826916698 0.0033196973766986865
0.06479133671109594 1.00279129668332 0.003301531269017012
0.06515303938772544 0.9969145545512373 0.003285246642282232
0.06548241356517825 1.002317887616509 0.003264546651284145
0.06578154406383975 0.9983446160790237 0.003250862063071885
0.06580780756917193 0.9948110766430857 0.0033116727605642777
0.06618022364205023 0.9970958115836488 0.003302237408495214
0.06654192259066097 1.005706743385106 0.003289353311116436
0.06687128326393645 1.0019100826138418 0.003266475430149676
0.06717040491458075 1.0078747672624921 0.003255758877462883
0.06719670195025174 0.9995899050170947 0.0033137476898657584
0.06756911057232207 0.9991067063701948 0.0033130544147720055
0.06793080532725071 1.0546142070053703 0.0033188921274502478
0.0682601524972597 1.0000576414111142 0.003259475629443614
0.06855926530011049 0.996861135619888 0.0032440694634672932
0.06858559633110417 0.9986924341997513 0.003322506859360355
0.06895799750282162 1.0002679307084468 0.0033082103692431996
0.06931968853018622 1.0023363918566994 0.003286939140509935
0.0696490221953361 0.9959522856458556 0.003260589673460278
0.06994812568564292 1.0016058880496574 0.0032495562878625222
0.06997449071218398 0.996075284123057 0.0033112182207869325
0.07034688443377524 0.9946440312138393 0.0032925567281895753
0.0707085717333481 0.9937247669199142 0.0032801741508881044
0.07103789142843299 0.9999157952206463 0.0032644567684831875
0.07133698653638122 0.9965171129354011 0.0032507024126070217
0.07136338462805725 1.0007885746727208 0.0033142806287108128
0.07173577136472886 0.9982118863159982 0.003303539342047355
0.07209745493560182 0.9962373453077272 0.0032837534583420244
0.07242676112719117 1.00160756404321 0.003262277728320962
0.07272584692123187 0.9977914277084856 0.003243691623164214
0.0727522790095918 0.9950218942782548 0.003311778125457508
0.07312465782956712 0.9991308848338658 0.003306361889040679
0.07348633767287606 1.0003214731184178 0.003285237141045497
0.07381563035983264 0.9991948233334005 0.003256926728432015
0.07411470730676431 0.999446586942621 0.0032498634022137
0.07414117339044424 0.9995911574698937 0.003315971126091944
0.07451354476052074 1.005289503368478 0.0033015016789635374
0.07487522087581157 1.0029724610367559 0.0032873902302014138
0.07520450005859082 1.0023179313189565 0.0032700670105933988
0.07550356815795803 0.9993380017720799 0.003248173134636965
0.07553006777220617 0.9992117776489853 0.003309383387482793
0.07590243169170276 0.9948284743546278 0.003303689950241279
0.07626410407806529 1.0017417175833576 0.0032922712856267994
0.07659336929168771 1.002672132987007 0.0032623128837625127
0.07689242854280867 1.0060901773715463 0.0032531000072375882
0.07691896168830681 1.0083855304448437 0.003324398597483459
0.0772913186219746 0.9983868546479607 0.0033068258478194277
0.07765298681556589 0.9989283904255096 0.003276360321738301
0.07798223898999047 0.9984678825927782 0.0032701324945193034
0.07828128892856748 1.0010500572563554 0.0032486253403989215
0.07830785606915924 0.9959577739002969 0.003309574620244953
0.07868020555292754 0.9982971392702901 0.003300246148217389
0.0790418700185014 1.00457255424259 0.003291152839325515
0.07937110822240559 0.9991346300917391 0.0032653085159272378
0.0796701497797612 1.0034359184705308 0.003254200898329289
0.0796967504506938 0.996802665093078 0.003310271753362372
0.08006909248388318 1.0036501022490132 0.0033063013268610905
0.08043075275509384 0.9923306961746432 0.0032826526075912872
0.08075997745550248 1.0045594475770743 0.0032659557770573803
0.08105901016460916 0.9934072812254404 0.003241006905482762
0.08108564483222835 0.9993657474303448 0.003315085422895809
0.08145797941438071 1.002504906893646 0.0033056596753221353
0.08181963595734487 0.9962293522782165 0.003288978408723064
0.08214884715425796 0.9981718933683289 0.0032641493519665475
0.08244787055014159 0.9949244374894124 0.003242187099800077
0.08247453921330816 1.0067847091278614 0.0033184928401481066
0.08284686634533635 0.9989650720308078 0.003309370211296452
0.08320851916028038 1.0052739133458914 0.0032894210388064553
0.08353771638667308 0.9949400605720247 0.0032593494489320555
0.08383673140156436 1.0051709657782537 0.0032591852206449085
0.08386343312918143 0.9977725318324205 0.0033128213378999507
0.08423575327651565 1.000348276045502 0.003307056746199438
0.08459740189778098 0.9968640080382015 0.0032846069552572516
0.08492658608565762 1.0041125842576422 0.0032694128522755446
0.08522559178641233 1.0008085062433192 0.0032470971594115335
0.08525232751094336 1.0005334372326558 0.003320752333266609
0.08562464020678952 0.9989093093855335 0.003304145182338804
0.0859862851000347 0.9994005190340269 0.0032874229536533203
0.08631545531875451 0.9991461874975353 0.0032601428452353
0.08661445217262655 1.0041109707168088 0.0032529099993436265
0.0866412218917958 0.992979305683877 0.0033121907095445173
0.08701352713796882 1.0061106013293821 0.003306070935025842
0.08737516783730893 1.003385824229923 0.0032904392594746796
0.08770432501683091 1.0001125896293872 0.003265408277994637
0.08800331302450205 0.9938360689404441 0.0032408346134280295
0.08803011580789644 1.0065459560407166 0.003319744670284522
0.08840241406892448 0.9968571242304973 0.003302697437830354
0.08876405104024444 1.0057798627732264 0.0032904679211779283
0.0890931942499278 0.9985797263728865 0.003263820394720616
0.08939217340957907 0.998167503312455 0.00324886933213724
0.08941901018943099 0.9929585570934437 0.0033172100924826137
0.08979130099919563 1.004499881148833 0.003311102687930239
0.09015293377706325 1.000649216598074 0.0032854680372949325
0.09048206348325107 0.9994344620580219 0.0032725547443021442
0.09078103379442971 0.9988585973397766 0.0032469135552465334
0.09080790457028343 1.0018067228392789 0.0033106916256603024
0.09118018746448729 0.9982045260689106 0.0033036277693495736
0.09154181697999876 0.9995556598040924 0.003290766841163509
0.09187093318132745 0.9984638419310327 0.0032608204679226245
0.09216989417996214 1.0064572713957494 0.0032528052658852284
0.09219679895181798 1.0072094075499538 0.003319003537286877
0.0925690743956693 1.0038367239656818 0.0033106795489727106
0.09293069971727298 1.00152033239074 0.00329345786509927
0.09325980241442434 0.9977788483112229 0.0032676547399265034
0.09355875503138224 0.9960319823745307 0.003244517758909815
0.09358569286791862 1.0007145206419723 0.0033205073088365326
0.09395796132594046 0.9948092747940978 0.00329608802213074
0.09431958291975308 0.9997916363125607 0.003288514704874102
0.09464867164752125 0.996773589692169 0.003258189582124636
0.09494761541623288 0.9989236722074439 0.0032468900223276078
0.09497458724877106 0.9971488308961362 0.003316428114650949
0.09534684825712247 1.0026714296632204 0.0033126389965102633
0.0957084656570273 1.0039612811867498 0.003286087742571883
0.09603754134559495 0.9969062008131686 0.003264299990398719
0.09633647580176533 0.9998475336301504 0.003240826748816063
0.0963634816296235 1.0039934193787499 0.0033194423424008543
0.09673573518807677 1.0046192597991468 0.003310497194731316
0.09709734839430152 0.9978825960415001 0.00327946978830309
0.09742641057823911 0.9967544987299695 0.003260520825587791
0.09772533618729776 1.004094637390057 0.003248454006678204
0.09775237554504201 1.0037384656655237 0.0033197643262068114
0.09812462211857564 1.0049906986751416 0.003309369555109201
0.09848623159655256 0.996341439731482 0.0032849620905036608
0.09881527981133331 1.000475467373107 0.003266558000450562
0.09911419703780969 1.0069392407285715 0.0032503258948038834
0.09914126992612182 1.0064968526940696 0.003319097421923955
0.09951350904952994 1.00268955355917 0.003311917679209742
0.09987511433405584 0.998973625835772 0.0032813065845426347
0.10020414951009149 1.0049312601567741 0.003265437631836223
0.10050305742356849 1.0016313479906107 0.003252099032819444
0.10053016430697426 1.0078519021889722 0.0033181214230309434
0.10090239598048424 0.9959934653338443 0.003302696637662094
0.10126399707133008 1.0004395351436288 0.003294329594152026
0.10159301874273297 1.0052763575067079 0.003267046322080536
0.10189191780910092 1.005968979127452 0.003262367131612101
0.10191905822284753 0.9956864655713963 0.0033192771021292307
0.10229128244509411 1.0007932338873957 0.003306319507171597
0.1026528802735811 1.0010277869456998 0.0032868036880465256
0.10298188797582986 1.0035565716432173 0.003266946007642863
0.10328077819395158 0.9970821129563833 0.0032422259314518385
0.10330795260438208 1.0024149822097224 0.003312887236789822
0.10368016937627612 0.9923231390128642 0.0033069274146241326
0.10404176301017355 1.0029000430615704 0.0032920935117032387
0.10437075767458805 0.9995067371670625 0.0032643075624110363
0.1046696390451426 1.0029702173093265 0.003252492015761793
0.10469684698546189 0.9994330422545015 0.003331735716794535
0.10506905630745812 0.9990995288296088 0.003306624584504078
0.10543064574744777 0.9996444440207852 0.0032864568966570113
0.10575962690700315 0.9951461141383302 0.003262981040128444
0.10605849943090409 0.9965014354322299 0.003247308653900096
0.1064579432377293 1.0023798325410007 0.003308642428982048
0.10681952895060964 1.000962661507052 0.0032874920906466334
0.10714849614032641 1.002546375169517 0.003267607355706301
0.10744735981575206 0.9991203904918321 0.0032460824901459316
0.10747463528309709 1.0059725212296784 0.0033223555826018005
0.10784683016800045 0.9956192184551561 0.003304979528665672
0.10820841168720209 1.0023898273619027 0.0032913412071964594
0.10853736583908459 1.0044155353811324 0.0032687151984148455
0.1088362202006027 1.001723360038724 0.003252128221682178
0.10886352966394952 1.005028530564205 0.0033206399170900313
0.10923571709827161 0.9995380531962182 0.00331807377948462
0.10959729442447631 1.0066586186512103 0.0032923573918531538
0.10992623507149969 1.0016631992349403 0.00325863383684093
0.11022508058613514 0.9970373423028548 0.003241805428343084
0.11062460402877183 1.0004470389548192 0.0032975345521869337
0.11098617716175053 1.0018548540371912 0.003289471430350326
0.1113151043045966 1.0000398078022101 0.0032678276698342077
0.11161394143732886 0.9966120826606809 0.0032396738094081063
0.11201349049338172 1.0030997537697037 0.0033142175154799677
0.11237506036423063 1.010442744482183 0.003294027152103843
0.11270397353791985 1.0012407363418587 0.0032723522458519656
0.11300280182240588 0.9997937085392278 0.00324875784803823
0.11303021187677587 0.9950089368338197 0.003321898466191164
0.11340237742433736 1.0016366434317416 0.0033046654686201974
0.11376394310150485 1.0020554395505463 0.0032888546083511216
0.11409284323599625 1.0016090495808962 0.00326942044067756
0.11439166220793831 1.0011286454527535 0.0032543178322497696
0.11441910625831042 0.9975749326270849 0.0033173697305500563
0.11479126435551666 0.9997553928767636 0.0033078165260494053
0.11515282583877909 0.9988266550045163 0.003292896711842604
0.11548171246840866 0.9988151256287456 0.003265898633824713
0.11578052259347074 0.9982495060693795 0.0032423181066544736
0.11580800064007235 0.9991106408546907 0.0033162356544427013
0.11618015128579053 1.001114963485677 0.0033094542049595253
0.11654170857536883 0.9989881755605372 0.0032781417284394763
0.11687058170150555 0.9972899218634067 0.0032599425850095265
0.11716938297900317 0.9992919182322182 0.0032569037246560025
0.1171968945552635 0.9998855730365257 0.0033172961510464526
0.11756903821696983 1.0018730755669203 0.0033097992797979973
0.11793059131264305 0.9914850157345274 0.003289391501129802
0.11825945093460245 1.002389484124359 0.0032727224164142434
0.11855824336544377 1.0026175796731842 0.0032467879838181004
0.11858578893702543 0.9990065579452836 0.0033148377087932825
0.11895792514792548 1.00615914250028 0.0033129261216438403
0.11931947451580494 1.000749906574487 0.0032916024391089686
0.11964832063267884 1.000925078091085 0.0032562954511957836
0.11994710421663748 0.9978197743665971 0.003245087625150073
0.1199746828528987 0.998017976953797 0.0033225428979911337
0.12034681161276171 1.0016002240683801 0.0033101962697324604
0.12070835725239737 1.0016455545360297 0.0032895603877938916
0.12103718986668388 1.000579775651616 0.0032674309452065523
0.12133596460148813 1.001751447609265 0.0032450851341402818
0.1213635772339785 1.0016245688110204 0.00331927646618855
0.12173569854371737 1.0036708996169474 0.003311107026297906
0.12209723998898982 1.0032442766967031 0.003292712058988398
0.12242605910046256 0.9969995873337445 0.003271383672964496
0.12272482498724693 1.0027325248591634 0.0032453424819030674
0.12275247114985177 0.9991209532349982 0.003316253920143885
0.12312458547467031 1.0056559110732823 0.0033158479164046256
0.1234861227264904 0.9950662040038786 0.0032881590575577356
0.12381492833287767 1.00316726952187 0.0032628632236124944
0.12411368537277936 0.9994217401179794 0.003249318942290021
0.12414136553138633 1.0006601420127823 0.003315759812519907
0.12451347240494147 0.9980615805028823 0.003304268572958263
0.12487500546376464 1.006284634516072 0.0032949101635632765
0.12520379756597458 0.9981248992001454 0.003267418348988676
0.12550254575762732 0.9895208409387728 0.0032473378511628653
0.12553025991223876 1.0010827260904445 0.0033174751289186686
0.12590235933612348 0.9920760318873825 0.003309017412358023
0.12626388820035708 0.9959738548726408 0.0032837137408311995
0.1265926672649591 1.0055053870185156 0.003279867506844632
0.12689140614247799 0.9952809889960811 0.0032418676750068814
0.1269191538283394 0.9999082718742971 0.003315784881258865
0.12729124580141649 0.9950045678134486 0.003302717238213964
0.1276527709376313 0.9933045529326051 0.003284672007163641
0.12798153649737423 1.0016506201954758 0.0032617295621910824
0.12828026652801042 0.9947085998904451 0.0032436536872544382
0.12830804820919184 0.9971312464722456 0.003316728052822591
0.12868013273191536 1.0043949660776483 0.0033133923944771446
0.12904165367513187 0.997263724632925 0.0032844348673813574
0.12937040573047112 0.9942627655522754 0.0032596857515927325
0.1296691269137692 0.9966164444551376 0.0032432679289436067
0.12969694212392824 1.00100432090443 0.003321489415277217
0.13006901966286966 1.0028503995729356 0.0033118207738435453
0.13043053641172433 0.998427541428373 0.0032876729305236895
0.130759274963568 0.9984987136429189 0.0032656881812948113
0.13105798776428115 0.997544996194485 0.003245636620145884
0.1310858365054628 0.9967403676098588 0.003322321067114763
0.13145790659382395 0.9987178322272395 0.0033023904310566024
0.13181941914899856 0.9951849008328012 0.003285946713158745
0.1321481441962095 0.9944691872942404 0.003262166297485877
0.13244684814981358 1.0044527767918185 0.0032491289584440056
0.13247473042133606 1.001960696075419 0.0033145633837698236
0.13284679352432283 0.9988425995022945 0.003306968469851111
0.1332083018862701 0.9972908562600578 0.0032895195080721415
0.1335370134286246 0.9966537567795385 0.0032626610399293762
0.13383570853534602 1.0053740015908321 0.003251757945242428
0.1338636248021885 0.9981402587401312 0.0033162332122007037
0.13423567998961583 0.9977225052764339 0.0033132656746937077
0.13459718462286252 0.993841217419467 0.0032815254962231194
0.1349258826617188 1.0002070816685036 0.003269192542809694
0.13522456892019666 1.0067533956379169 0.0032488637914228277
0.13525251871760702 0.9984464384255193 0.0033159680632796197
0.13562456692079786 1.0006369827149637 0.0033017509502653807
0.13598606736036312 1.0005793234664848 0.0032927756080453753
0.13631475236070603 1.0007455139802053 0.003265491490344801
0.13661342930595546 0.9993129013609627 0.0032414186619141153
0.13664141309914157 0.9898288774904838 0.003311718897664759
0.137013453851069 0.9943632980377806 0.0033154271602382672
0.13737495009763734 0.9975454229602859 0.0032789653379460856
0.13770362159311844 1.0020345332966605 0.00326653773825291
0.13803030701524222 1.0021014864905462 0.0033242871354109294
0.13840234078225103 1.0031345061858876 0.0033026888565496457
0.13876383283422977 0.9964170764616351 0.0032860493760741294
0.13909249082621533 1.0059337626906257 0.003272615709698871
0.13939115007633854 1.0019764215870548 0.003253034310904468
0.13941920139609465 1.00010794599982 0.003313063196034883
0.13979122724754267 0.9935160921095063 0.0033115721870820183
0.14015271557082223 0.9961111651839265 0.003289999921149326
0.14048136005931222 1.003512948067807 0.0032679143043817327
0.14078001046186828 1.0063237301027133 0.003257718753655017
0.1408080953121953 1.0007739269535276 0.0033288840549915545
0.14118011417781384 0.9957836116648316 0.0032995102063306837
0.14154159830809646 1.0042346092159515 0.0032886042453696696
0.14187022929172735 1.0032298110282147 0.0032722644557114443
0.14216887084762977 0.99292296782027 0.003249862127059866
0.14219698969372985 1.0015438070220357 0.003318251589515561
0.1425690011087695 0.9994560570386076 0.0033071257983173412
0.14293048057993574 0.9985908558175729 0.0032896565815646508
0.1432590985250506 1.0008701528741037 0.0032660973847780717
0.14355773123247773 1.0046114398539567 0.003247110460822357
0.143585883608921 0.9958326162765987 0.0033193198447634513
0.1439578880399488 0.9939018121240613 0.0033078335218711197
0.1443193633165282 0.9986009036173282 0.0032837991052900735
0.14464796775814748 1.005911433590155 0.00327228510823878
0.14494659161801018 0.9990618884406073 0.0032465400305157267
0.14497477799045555 1.0037049056179452 0.0033196266377950217
0.14534677450456138 0.9952367532870885 0.0033098708884270523
0.14570824605380242 0.9979813677912629 0.0032842753465608453
0.1460368369905626 0.9958974319846036 0.003257898990670151
0.14633545200354262 1.0022172653155945 0.003261643343828969
0.1463636719065562 1.0014348969318363 0.0033187557027763914
0.14673566143574068 1.0008649649441468 0.0033046576754237255
0.14709712879107395 1.0030617312770136 0.003289404841145967
0.1474257062236595 1.0042613256192465 0.0032691447995482894
0.1477243123893014 1.0043087836517612 0.003248235092013649
0.14775256628740863 1.0028450958148982 0.003318566183188163
0.1481245483666963 1.0003557985067686 0.0033097038158763025
0.14848601152789545 0.9962086351765526 0.003284797742165277
0.14881457592264405 0.9952791422262044 0.0032659863932678794
0.14911317277483385 1.0056687620298135 0.0032474321295746645
0.14914146020350927 0.9953569922185309 0.0033237581004183603
0.14951343529696748 0.9996008434227431 0.0033151859301903445
0.1498748937995057 1.0075324757922564 0.0032899373708266274
0.15020344515505915 0.9923278765679527 0.0032699339215533055
0.15050203316036628 1.0008689141610732 0.0032509479830118587
0.15053035411938254 0.9916985336602081 0.0033134758319665687
0.15090232176180643 1.0081012315471782 0.0033092796433082253
0.15126377653677991 0.9966158243223251 0.0032902411616023246
0.15159231438747156 0.9949689341487871 0.0032607477093374924
0.15189089354612506 0.9995777179448908 0.0032450164761473775
0.15191924850046234 0.9963835814382694 0.003317329806764883
0.15229120869275936 1.0024173962750988 0.0033067772414342293
0.15265265927359872 0.9960350472945029 0.0032838866243864247
0.15298118362079752 0.9978817880379075 0.003272717849368786
0.15327975393097573 0.993410172459128 0.0032514782963047333
0.1533081424163356 1.0035756864765986 0.003327082550989213
0.15368009562371232 1.002311357902172 0.003306112204582217
0.15404154201087294 1.0045636490039855 0.003280883182761065
0.1543700528538944 0.9947192547955239 0.0032658780441523925
0.15466861431650816 0.9906251187857125 0.0032352780581385385
0.15469703679787017 0.9960861578260478 0.0033156647532664985
0.15506898255421253 0.9996430438597543 0.0033095838227375747
0.15543042428248588 0.9944535628145192 0.003285294084804812
0.15575892208630682 0.9986600898471183 0.0032666841155555826
0.1560574747020406 1.000224714950991 0.003251401927219641
0.15608593071306132 1.0013573195005623 0.0033186499888276156
0.1564578690195042 0.9954423380712549 0.0033086985506113214
0.1568193070190783 0.9989687044252573 0.0032928710011094257
0.1571477913194037 0.9955628106296319 0.003266147072626885
0.15744633508689124 1.0016049692927949 0.00325250458862639
0.15747482509482325 0.9975063854571642 0.0033130094337696417
0.1578467559506862 0.9927274290437742 0.003303502555489848
0.15820818975567078 1.004741446141073 0.003295916898999433
0.1585366605525006 0.9974256898851888 0.0032652126981337817
0.15883519547265004 0.9913348681616767 0.00324721932252615
0.1588637190100144 0.9991083795509309 0.0033216643885779096
0.15923564288095737 1.0077411215625656 0.003318009113975783
0.15959707202751006 0.9992532339518833 0.003282589389167165
0.15992552978514207 1.0023696583598494 0.00326719424378586
0.16022405585818247 1.0005791421593804 0.0032453827247107326
0.1602526129247508 0.9886528986961947 0.0033148037024094555
0.1606245293462517 0.9975236037579759 0.003304351737109911
0.1609859547647843 0.9965205423862499 0.003281464277153725
0.16131439901823896 0.9984733386784956 0.0032644032004546727
0.16161291624303042 1.0047613792590586 0.003255857430965781
0.16164150730628535 1.0000313052967071 0.003321099732712395
0.16201341627720467 0.9992148042090745 0.0033093975871392417
0.16237483750137674 1.0004653173099707 0.0032825177474409334
0.16270326825133588 1.005747656047616 0.0032713728274174863
0.16300177662856286 0.9994412268624897 0.0032499423990525705
0.16303040122215862 1.0038575682694306 0.0033216318403210356
0.16340230320770488 1.010432406944161 0.0033187164557294127
0.16376371977298698 1.005813464056101 0.003292728189463275
0.16409213748375098 1.0011844548497375 0.0032762154987288124
0.16439063701432435 0.9996010183327786 0.003251965369034804
0.16441929513757714 1.0002460391043557 0.0033230676098583087
0.16479119013865784 1.006131942701196 0.00330666866006393
0.16515260251049027 1.0017802034092878 0.0032874816404242766
0.16548100671707425 1.0021204884032455 0.003267572215294879
0.1657794973991723 1.0007494724014654 0.0032461649563218973
0.1658081895191117 1.0012025583973712 0.003316839392186817
0.16618007660417855 0.9967434921177646 0.0033030491431543076
0.16654148524708 0.9985202885502816 0.003282673490719922
0.16686987595017114 1.0031125028183026 0.0032679335116251175
0.16716835778402298 0.9970656511754916 0.003253002257080233
0.16719708343521233 1.0038420761234286 0.0033199776589146242
0.16756896353444972 0.9977546635540694 0.0033096476191131316
0.16793036751869295 1.0054085439275697 0.0032937831667018743
0.16825874518258624 1.0020258237077893 0.0032699858642457258
0.1685572181695554 0.997826584469269 0.0032473043971465725
0.16858597781606477 1.009207696190625 0.0033222752881325373
0.16895785046563172 1.000180961684825 0.0033060940152950823
0.16931925025596717 1.001310081734524 0.003289365051131415
0.16964761441500134 1.0023692430261975 0.003264149042656986
0.16994607855508784 0.9974882235338635 0.003248944093815456
0.1699748717321654 0.9977116812604256 0.00332088250659483
0.1703467369302416 0.9928809775111935 0.0033016546673281803
0.17070813252689832 1.0004087182265344 0.003288288325923132
0.17103648364809554 1.00126127007912 0.0032673302194952095
0.17133493894016485 1.0045336049714737 0.00325686837570708
0.17136376564803868 0.9998765661121742 0.0033212851311777243
0.171735623859831 0.9983514370903321 0.0033101185091453317
0.1720970152643989 1.0030293001849757 0.0032872968704356713
0.1724253528814215 1.0036022904017228 0.003272683296246228
0.17272379932569729 1.0001024850723341 0.0032412295978736017
0.17275266002889111 1.0080360273914362 0.0033233826154711967
0.17312451079078664 1.0016620443736548 0.0033104427386091064
0.17348589753601185 0.998851670858195 0.0032794421726854124
0.17381422164817262 1.002697430414127 0.0032667684021637612
0.17411265971122972 1.0012720214619513 0.0032507602767269284
0.17414155394430963 0.9985208786013303 0.0033180691094567127
0.17451339725630466 0.9963761166145513 0.003295592325234358
0.1748747802726043 1.0009809580551432 0.0032816458464600025
0.1752030908812695 0.9983068311804357 0.003264355972711421
0.17550152009630673 1.0011383482866678 0.003255975747532655
0.1755304478601829 1.0035436588583215 0.0033239787369142527
0.17590228418657852 1.0061821749646056 0.0033089131082002076
0.1762636625437618 1.0051942642939307 0.003291611282885646
0.17659196011436643 0.9949203139638526 0.0032687104135798914
0.17689038048183917 1.0009669447869165 0.0032475905432382797
0.17691934177605617 1.0027106765031666 0.0033176072358413735
0.17729117111775783 0.9973626884631585 0.003309728357791963
0.17765254528103605 1.0026876371667202 0.003285816369491704
0.17798082934700787 0.9975408456372511 0.0032632320194528183
0.17827924086805338 0.9969973392561594 0.0032514973665874677
0.1783082361569086 1.0046075213800139 0.003323649855631593
0.17868005758305217 1.0023932474824884 0.003308782112000019
0.17904142755264899 0.9990179905278417 0.0032822227197810312
0.1793696985801048 1.0057238657079566 0.003276590184053687
0.17966810125358582 1.0019838853552823 0.003246846847839842
0.17969713007300925 1.0026701305166663 0.003320957506979319
0.1800689445135497 1.0000547877740664 0.0033090518858572525
0.18043031028923873 0.9969100332268319 0.003286848445756179
0.18075856781388347 0.9947277197478803 0.003266121611956311
0.18105696117368333 1.0022120888438941 0.0032512788415203497
0.18108602398888252 1.0098237025924253 0.003324112378362918
0.18145783144450534 1.0022674069765762 0.003310644403117079
0.18181919256108073 1.0011253028470841 0.003287517290398503
0.1821474370472067 1.0015718689576742 0.0032708796069195138
0.18244582155921577 0.9997532023220194 0.003245973250769321
0.18247491836996232 1.0045910541188978 0.003325306682966379
0.182846717909797 0.9996181168926291 0.003307035454117192
0.18320807483269366 1.0022369500434332 0.003284751009922054
0.1835363062803036 0.9981169284159811 0.0032601157356192054
0.1838346819440664 1.0048484654908245 0.0032600832144913843
0.1838638122858356 0.9940674881329501 0.003306646367021818
0.18423560484006818 0.9997042352886143 0.0033028955078847518
0.1845969575692834 0.9968268931488197 0.0032834081317037523
0.1849251755134005 0.995078680082018 0.0032691462317009203
0.1852235423289144 1.0001509989468211 0.003243172718408297
0.18525270620170886 0.9967404032188086 0.0033193196982563597
0.18562449177125018 1.0006198282761256 0.0033083461019907173
0.18598583984089634 0.9978658497034041 0.0032810766724423552
0.18631404474581562 1.0054012016392189 0.0032755287595063413
0.18661240271444682 1.0034936573326878 0.0032537902715396713
0.18664160011712738 0.9967749144651487 0.0033224762227714306
0.1870133782367709 1.0048323162228696 0.003309061062720602
0.18737472211273565 1.0077227066211698 0.003292134034930636
0.1877029135134776 0.9999010484571667 0.0032716422001029095
0.1880012631002056 1.000623155519855 0.0032567422029423716
0.18803049449866194 0.9996511535887203 0.0033176273148617153
0.18840226516704206 1.000603358272818 0.003307512717636859
0.18876360484932808 0.9968323045768405 0.0032847140623498933
0.18909178274657448 0.998779935390814 0.0032673628339979018
0.18939012348505627 0.9989336009860555 0.0032447886151683518
0.18941938841476258 0.9916177472515489 0.003316280015813626
0.18979115209731323 1.0023175698107067 0.0033152505186439234
0.19015248712094102 1.000758949532892 0.0032816061668310362
0.19048065197898958 0.9953955155475401 0.0032657118466332038
0.1907789838705887 1.0057257501898471 0.003260152037309573
0.1908082823292716 0.9932685149361697 0.0033086938545289326
0.19118003856283394 0.9984775115230294 0.0032964890114279373
0.19154136939255395 0.9934561643979147 0.0032765660035000473
0.191869521211402 1.00000345659141 0.0032656161313101865
0.19216784379045984 1.002107267019626 0.003245212061400764
0.19219717624446275 1.0032253416191117 0.0033189734294889026
0.19256892549378823 1.0024727419124895 0.0033095687095323362
0.1929302521291464 1.001317336240164 0.003281828604078373
0.19325839044449888 1.0013301142026996 0.003269887360124964
0.19355670417553686 0.9964209461757366 0.0032499771518607395
0.1935860706259973 1.000523156748561 0.003325128232033547
0.19395781242406074 0.9987165452732901 0.0032997528849559262
0.19431913440007487 1.0029811082178717 0.003292969322062201
0.19464725967782484 0.9974857729727179 0.0032629210607791666
0.1949455645610693 0.9960651799115461 0.0032440048016075178
0.19497496454141583 1.0039911264333072 0.0033216772889113075
0.1953466988893524 0.9997013575977155 0.003304415821268395
0.19570801667191687 1.0063496383054886 0.0032886408354960484
0.19603612844457596 1.0050030110052421 0.0032692519833969333
0.19633442494660172 0.9997568507306636 0.0032485662387477907
0.1963638584572891 0.9993541419957889 0.0033239978830971384
0.1967355858205344 1.0030146879670676 0.003308570619016446
0.1970968989435298 1.0035869932474664 0.0032878592644616103
0.19742499767767285 1.0020353394206074 0.003270163383449774
0.19772328533167874 1.0037165499478302 0.0032516084582653424
0.19775275237338974 0.9940025422198597 0.0033097181713745804
0.1981244722851443 1.0056157456446375 0.00330775783217672
0.19848578168011954 1.0073041148891462 0.0032893756849207817
0.19881386691076977 0.9988138850269068 0.0032698883173602152
0.19911214571721117 0.9994245863625895 0.0032458720579489333
0.19914164675424217 1.0045461202757942 0.003329689574127156
0.1995133592163263 0.9983238932363269 0.0033032613541211582
0.19987466395173248 1.0053140281269122 0.0032824995033875915
0.20020273614318487 1.0007069542424045 0.0032746866375283337
0.2005010056370823 0.9990751602641204 0.003249900201010903
0.20053054067034282 1.0027807303111043 0.003310476635448592
0.20090224614727925 0.9996280647855005 0.003307284980801921
0.2012635462235718 1.0004066624043524 0.0032920406387922114
0.20159160537650814 1.0001278327523475 0.003257192612044276
0.20188986602193026 0.9992956740111758 0.0032495237889024003
0.20191943458621608 0.994984679048769 0.003320517188665022
0.20229113261211817 0.9994175100437213 0.003296357374316292
0.20265242849450293 0.9917391788482963 0.0032820868543646945
0.20298047414394374 0.9981196327660901 0.0032653903301036857
0.20327872640678094 0.9985115511287493 0.00324751227645395
0.20330832850140723 1.0019658113242884 0.003314975931916686
0.20368001954307113 0.9934976835743496 0.0032983355847932137
0.20404131076611587 0.9989037759846244 0.00328656366891057
0.20436934337635884 1.0008323395173289 0.0032648529572980164
0.2046675867925397 0.9961240719032618 0.003250943977322414
0.2046972224172805 1.0007532858416572 0.003313086170277149
0.2050689060083655 1.0011060325603975 0.003304546386117254
0.2054301930377288 0.996919615411143 0.003284442785823036
0.20575821260945573 1.0054384038645565 0.0032666816011697013
0.20605644717807217 1.0010494461501454 0.003252801651474094
0.20608611679904243 0.9969536048433513 0.003323241910477562
0.20645779293863664 0.9968013785349563 0.0032979337577052283
0.2068190757745476 0.9962939455149236 0.0032876410100273136
