-0.2530790931592276 1.0014894689185372 0.0012694548099896417
-0.2529090387774886 0.9990657057873309 0.0012696688604236334
-0.2516902324635588 0.9996046294813425 0.00126858188560756
-0.2515201639866973 0.9996348877755301 0.001268973848442005
-0.2503013717681164 0.9980867974666198 0.0012681246983716537
-0.25013128907949067 1.0003334005936593 0.0012690581220867313
-0.24891251107199222 0.9978972470994725 0.0012702726006539608
-0.2487424142889264 0.9998951459614117 0.001269154420320498
-0.24752365025945 1.0012422480149055 0.0012711779454445185
-0.247353539381038 0.9979587192165679 0.0012707205255476914
-0.2461347895637812 1.0000232364765493 0.001269524919549658
-0.24596466459024668 1.0004689549386583 0.001268477549035656
-0.2447459288683388 1.0002216395511727 0.001270392002390013
-0.24457578968394955 0.9992822290255113 0.0012706880794297246
-0.24335706817130645 1.001547711286781 0.0012726379345698738
-0.24318691489315825 1.000411861835466 0.0012694070245825898
-0.24196820747449777 0.9985507469167845 0.0012675619405914677
-0.24179803998595162 1.0000671249164292 0.0012720484401877352
-0.24057934677905535 0.9997022018473257 0.001269377869129986
-0.2404091651951603 0.9978170815958303 0.0012694483328436104
-0.23919048608361293 1.0009082923805328 0.001269303354371905
-0.23902029028749894 1.0022675582863938 0.0012712148705511486
-0.23780162538726235 0.999627417007779 0.0012680363146492268
-0.23763141549670763 0.9995237758299752 0.0012699320514722684
-0.23641276469113817 0.999191798627011 0.0012717096960360834
-0.2362425405904105 1.001655834917962 0.0012729070026744206
-0.2350239039954667 0.9998395959629665 0.001274434364613511
-0.2348536657996192 0.999296882330352 0.0012725879811378478
-0.23363504330002427 1.0009149993272766 0.0012674909139869647
-0.23346479089241257 1.0015705961415924 0.0012726710826183524
-0.23224618260321828 1.0007079924012072 0.0012691458193009979
-0.23207591610162126 0.9993645591888676 0.001270468428330443
-0.23085732190641228 1.0016136732140732 0.0012704764357949685
-0.23068704131082995 0.9996003249855598 0.0012705452348813462
-0.22946846121074083 0.9992145581427774 0.0012681635431146922
-0.22929816640362333 1.001217189384535 0.0012711616022915348
-0.2280796005152984 0.999793957116148 0.0012680402316457083
-0.22790929161283202 0.9992906345944413 0.0012695959138502209
-0.2266907398191742 0.998794140229372 0.0012700758960858475
-0.2265204167065349 1.0006015528073597 0.001270541621834829
-0.22530187912282362 0.9987232117576061 0.0012709944118691374
-0.22513154191574358 1.0000656839975066 0.0012709521269828432
-0.2239130184273812 1.0008361108356914 0.0012694781113860873
-0.22374266712495228 1.0008454064817358 0.001270680210879864
-0.2225241578483541 1.0002689807191951 0.0012704540742683535
-0.22235379221774565 1.0008475613775698 0.0012717639471827406
-0.22113529715200086 1.0015378684004632 0.001268223030879823
-0.2209649174264996 0.9999197162185874 0.0012723683245034088
-0.21974643645519487 1.0000005958840619 0.0012697472346957308
-0.2195760426357083 0.9998837157046262 0.0012697568660631406
-0.21835757575884432 0.9991175806371844 0.0012676184821838762
-0.21818716772941116 0.9998804960920136 0.0012730724915548585
-0.2169687150634019 1.0004888353206518 0.0012680480025157382
-0.21679829293861985 1.0000903613201098 0.0012695090727146364
-0.215579854367275 0.9993430394595788 0.0012696566067374384
-0.21540941814782855 1.0010796201534737 0.0012709246207441565
-0.2141909936711508 0.9990781460678508 0.0012691270344673392
-0.21402054335703724 0.9990804787900326 0.001271424018800352
-0.212802132975482 0.9977058715721834 0.0012670513537124317
-0.21263166844937587 0.998797842924739 0.0012693207867291564
-0.2114132722800396 0.9999964250492509 0.0012687571195516558
-0.21124279365858456 0.9996859115628538 0.001273714298259131
-0.2100244117003307 1.0003511919253743 0.0012708184995485867
-0.2098539188684757 1.0003219654281499 0.0012738460954434053
-0.20863555100329567 0.9993821778846257 0.0012670062562532966
-0.20846504396195087 0.9994413635617386 0.0012704456973980692
-0.20724669030717147 0.9991569953713397 0.0012693054914068107
-0.20707616917115956 1.0007430311617636 0.0012718773009211225
-0.20585782961172905 0.9999137207589046 0.001267899595519879
-0.2056872943799135 1.000265879884768 0.0012713602221158173
-0.2044689689153758 1.0026042451830164 0.001267638862439534
-0.2042984195891222 1.001561914166679 0.001271485131976948
-0.2030801082192516 1.0008848558793222 0.0012688728800774789
-0.20290954468191558 1.000237335871752 0.0012695669911797023
-0.2016912475235828 0.9999622227198283 0.0012689349166954366
-0.20152066989112427 0.9987063579890606 0.0012695778145954465
-0.2003023869445557 1.0012739444047802 0.0012728810542822467
-0.20013179510124246 1.000146420495817 0.0012719267542946038
-0.1989135262484315 0.9994901888767984 0.0012702631589707988
-0.19874292031045115 1.0001479084634404 0.001269709959685554
-0.19752466555139647 0.9986014396019965 0.001268406854206156
-0.1973540455192051 0.9985142545301019 0.0012720427818327465
-0.19613580485527227 1.0015338457831338 0.0012697777610624352
-0.1959651707284138 1.000517168843078 0.001273200620927519
-0.19474694415982985 1.0002988776358255 0.0012681698524255921
-0.19457629582120717 0.9984767453728257 0.001270824084121619
-0.19335808358012097 1.0009496930807429 0.0012705353094418607
-0.19318742103041586 1.00253156527379 0.0012725515086982576
-0.1919692228837704 1.0012742669926 0.0012699770489609653
-0.19179854624053405 0.999351090851812 0.001270297629165354
-0.190580362188328 1.0000067926654468 0.0012692909091851614
-0.19040967144974275 0.9995776953758091 0.001270851970886082
-0.18919150149288558 0.9991548453862805 0.0012703274787552417
-0.18902079665895144 1.000156453429705 0.0012698913697673662
-0.18780264091294763 1.000035869903554 0.0012674283573529607
-0.18763192186816013 0.9999629135297943 0.001273601353387852
-0.18641378021614163 1.0005652343345 0.001268715548025851
-0.18624304707736883 0.9992356139960389 0.0012699224018150052
-0.1850249195197884 0.9997679674196225 0.0012680215639097215
-0.1848541721701622 0.997986267747152 0.0012697397697110104
-0.18363605882434597 1.0006592884047116 0.001269024455836794
-0.1834652973793709 1.0002386070072833 0.0012724195545746157
-0.1822471982446371 1.000268381639645 0.0012690906524012648
-0.18207642258948908 1.0010400656617469 0.001272470401854744
-0.18085833754851288 1.0009335131952144 0.001267937618834335
-0.18068754779869778 0.9998129028692222 0.0012727964213216916
-0.17946947685284412 1.0004059301073212 0.0012689226476701864
-0.17929867300745173 0.9998721101667469 0.001269868931142981
-0.17808061627381702 0.9982715278656763 0.0012694017766062544
-0.17790979821666042 0.9993151637275032 0.0012709804054157991
-0.17669175557769012 1.0001940280825854 0.001267298871173398
-0.17652092342586911 1.0016241168018964 0.001269359590298217
-0.17530289488133954 1.0000648344421532 0.0012706085806998711
-0.1751320486350778 0.9991570757223498 0.0012722638401509215
-0.17391403430163066 1.000703171853294 0.0012696184714292337
-0.173743173845196 1.0007352513708823 0.0012735487146144254
-0.17252517360550645 1.001100972318972 0.0012712795332130026
-0.1723542990544047 1.000513563337123 0.0012704921397470655
-0.1711363129091532 0.9991081876903205 0.0012670550733802548
-0.17096542426293093 0.9995096902510049 0.0012699759866060113
-0.16974745232944433 0.9986925553538133 0.0012673494389908824
-0.16957654947236733 1.0004220973414069 0.0012719555116840586
-0.16835859163377553 0.9999084713027143 0.0012711578084496243
-0.16818767468157603 1.0001125156386004 0.0012703593511437183
-0.16696973093833312 0.9999400535989948 0.0012676325880613226
-0.16679879989078472 1.0011627810603292 0.001270065753648605
-0.16558087035862426 0.9987808742595654 0.0012699622557189982
-0.1654099251006752 1.0011023788438664 0.0012732766000845865
-0.16419200966250005 0.9993111559720453 0.0012678850339056062
-0.16402105031056635 1.0010770366519812 0.0012715601815843965
-0.16280314896614678 1.0007259062237848 0.001271979461492826
-0.1626321755193203 0.9985996691796697 0.0012704434613599028
-0.1614142883864379 1.000621148065634 0.001270626626610641
-0.1612433007276195 1.0003241893105774 0.0012727150666564705
-0.1600254276903137 0.9998142043237598 0.0012675613048639496
-0.1598544259377377 0.9997721079850392 0.0012712525365806335
-0.15863656711037577 0.9990777579310315 0.0012691404138353473
-0.15846555114694638 0.9995615683961948 0.001269879079327917
-0.15724770641493335 0.9993089611595295 0.0012720291627537393
-0.15707667635615508 1.0011300327060753 0.0012706268318982738
-0.15585884583590626 0.9998746278461088 0.001269591722027947
-0.15568780156627327 0.9975809802199669 0.0012693214649144345
-0.15446998513955568 1.0009172870897651 0.0012689055366653843
-0.15429892677480017 0.9976660755982101 0.0012696240714358074
-0.1530811244434315 1.0010169134406808 0.0012695839240649414
-0.15291005209974173 0.9997864817104979 0.0012700810315995144
-0.15169226386371992 0.999702661507238 0.001270403871813443
-0.15152117730985992 0.9994531788488553 0.0012697684691139362
-0.15030340316736934 0.999941485928498 0.001269075132961608
-0.15013230251906862 0.9991183890357312 0.0012704486204183627
-0.14891454258766046 0.9974950477751753 0.0012680749446770168
-0.1487434277282773 0.9999162277717398 0.001270473221752601
-0.14752568189153625 0.9984724498743567 0.0012684984779913848
-0.1473545529383955 1.0004879626925571 0.0012681505704539662
-0.14613682131228012 0.9983033519078383 0.001268285265212541
-0.14596567814805894 0.9982688292617282 0.001270353572171098
-0.1447479606168377 1.0010308309009497 0.0012696852531759422
-0.1445768033568129 1.001909133360776 0.0012754078337325501
-0.14335910003712882 0.9992081707200373 0.0012698022119023101
-0.14318792868175445 1.0014715477222729 0.0012697622821185518
-0.14197023934077824 1.0000980769528693 0.001270766359143382
-0.1417990538916456 0.9993081439046368 0.0012716538821003045
-0.14058137876106938 1.0006082409015313 0.0012689199712083616
-0.1404101791008543 0.9996628989332367 0.0012687808900004758
-0.13919251806494518 1.0004154225935789 0.001267690359009552
-0.139021304310063 1.0007305379717875 0.001271795904716993
-0.13780365748500722 1.0001252457844247 0.0012724684437004708
-0.13763242952018118 0.9987706831267182 0.001270405238890747
-0.13641479678888302 1.0003138873337523 0.0012674454919793683
-0.13624355472893512 0.9995527308399539 0.0012711963361593805
-0.13502593620962688 1.0007035612904487 0.0012714317639839063
-0.13485468005364964 1.0015912408184688 0.0012702545889173326
-0.13363707551418447 1.000518015487078 0.0012688316955080656
-0.13346580526376783 0.9996977927423398 0.0012720276613540232
-0.13224821493447558 1.000313047751639 0.0012701667255964858
-0.13207693047297653 0.9991785827219305 0.0012702091489701461
-0.13085935423835138 1.0001496709503224 0.0012700417034612718
-0.13068805568218522 1.0013699465596242 0.0012696137419831836
-0.1294704936590979 0.9984437179411556 0.0012693109013029989
-0.12929918100871873 0.9994077091292024 0.0012697278625027296
-0.12808163307870726 0.9992437303440196 0.0012704735707498515
-0.12791030621701793 1.000301477274414 0.0012725756688136516
-0.1266927723816722 0.9998570050201963 0.0012672902156400045
-0.12652143142577188 0.9998672969089778 0.001270178067420622
-0.1253039118026451 1.0018178115503187 0.001269724689915966
-0.1251325567523054 1.0008588621825758 0.0012698966956966099
-0.12391505110720269 1.0008957322178924 0.0012689941998970569
-0.12374368196196883 1.0006677891469777 0.0012708733196327862
-0.12252619052726746 0.9971953301179982 0.001269607295983115
-0.12235480717117753 1.0003417585489265 0.0012705309646851885
-0.12113732994755588 0.9997654947161837 0.001268039025528069
-0.12096593238061393 1.0005537919127783 0.0012703827996061938
-0.11974846925211347 1.0002016158821838 0.0012695238258779347
-0.11957705770646498 1.0005408477772515 0.0012688359763098182
-0.11835960867286 0.9992525850310388 0.0012675999803807294
-0.11818818291476418 1.000690996021408 0.0012724446058303444
-0.11697074797605402 1.0007990636204065 0.001271140921925014
-0.11679930812397288 0.9998146763900463 0.0012716598179936171
-0.11558188739566336 1.0001809973514093 0.0012674945038363933
-0.11541043345050639 0.9998166465828312 0.0012704199409075661
-0.11419302681663626 1.0014373626593605 0.0012682646266589605
-0.11402155865971508 0.9993439685610375 0.0012734300468329911
-0.11280416612096478 1.0001460824290958 0.0012713218600663185
-0.1126326839853391 1.0001863868459882 0.0012708994148812045
-0.1114153055412559 1.000985154644138 0.0012700920706430231
-0.1112438091945478 0.99922996878748 0.0012685267852353206
-0.11002644496131796 1.0003966560784476 0.001271419257886444
-0.10985493440330174 0.9990846105255604 0.0012702883183297593
-0.10863758426587554 0.9998368826741996 0.0012677589296905942
-0.10846605972892576 1.0009513716870069 0.0012700953763228728
-0.10724872368684844 0.9996854448542531 0.0012675210064602954
-0.10707718493904395 0.998776925548077 0.0012693160690264336
-0.10585986310645779 0.9994222483131235 0.0012675061073351588
-0.10568831014825264 1.0007054245695157 0.0012698381895516228
-0.10447100240942543 1.000565950915494 0.0012719908559236117
-0.10429943547387666 0.9996956295212307 0.0012707069155228586
-0.10308214183039834 0.9998677474204491 0.0012703278907450122
-0.10291056068399485 1.000129684000141 0.0012723597764557149
-0.10169328125114219 1.0000798517481995 0.00126771081090148
-0.10152168600961886 0.9994169826969656 0.0012699910130004697
-0.1003044206714333 0.9984336175526849 0.0012693591624189393
-0.10013281121791806 1.0003658571259217 0.0012733404578252274
-0.0989155599753091 0.9994191060065726 0.0012674462430771526
-0.09874393654376978 0.9998081093300893 0.001273303093593039
-0.097526699396282 0.9987989021277524 0.001266784714674819
-0.09735506175366027 0.9994606213302044 0.0012713877140950736
-0.09613783881702855 0.9988783934684994 0.0012694915695635098
-0.09596618707928428 0.9998075021865279 0.0012722769028901562
-0.09474897812021987 0.9985789919379573 0.0012687515030733122
-0.09457731228849298 0.9983252812401934 0.0012689196651330626
-0.09336011753960284 0.9998917375930916 0.001269565957242163
-0.0931884376143447 0.9991346969581955 0.0012705186674185724
-0.09197125696057575 0.9981098176824684 0.0012671005429518824
-0.09179956282287094 0.999528719079909 0.0012716249435277957
-0.09058239638154865 1.0007981581465761 0.0012706321771715839
-0.09041068814849496 0.9993926231832668 0.0012709286341232974
-0.08919353580161071 1.0009051812979948 0.0012699092091763855
-0.08902181335861314 1.0007847799850298 0.0012704106512865124
-0.08780467510548651 0.9994412605080438 0.0012675268509980816
-0.08763293868423716 1.0009137127764924 0.0012700164028615272
-0.08641581452645941 0.9992796532784657 0.0012658828888907102
-0.08624406389344585 0.999809102016207 0.0012752035749888778
-0.08502695394720595 0.9992560821747444 0.0012701764855675352
-0.08485518921906987 1.0012020919213296 0.0012722173122448723
-0.08363809336749707 1.000384830601495 0.0012675460259379445
-0.08346631442782382 1.000509059936861 0.0012706688335396004
-0.08224923278710372 1.000290963093676 0.0012732038597726184
-0.08207743975344783 0.9995720970670654 0.00127069188214871
-0.08086037209097952 0.9985290738909246 0.0012678105354044934
-0.08068856496356602 0.998566717164464 0.0012679899900368584
-0.07947151151172606 0.9997152631293279 0.0012684857301148323
-0.07929969028964479 0.9998215596924092 0.001271115117538233
-0.07808265093201718 0.9999616953168331 0.0012715434210228236
-0.0779108156152688 1.0001776767706823 0.0012699380753049268
-0.07669379035207924 0.9991866212871462 0.001267942700445125
-0.07652194082402275 0.9993849400397156 0.001269771041879496
-0.07530492977305214 1.0005507223198922 0.0012698707698079014
-0.07513306614964677 0.9992776299917469 0.0012705259011885264
-0.07391606919402505 1.0002167564056101 0.0012685718960980794
-0.07374419135885546 0.9997239173142345 0.001272121172086598
-0.07252720849767448 0.9993489726174756 0.0012695306802989381
-0.07235531668447948 0.9995956290644491 0.0012697959561132266
-0.07113834791728382 0.9991296281808686 0.0012671712646670512
-0.07096644201101299 1.0013333245577833 0.0012726739597441
-0.06974948733757225 1.0005746543291973 0.0012681820650238726
-0.06957756722022168 0.9978841103632431 0.0012677045920720267
-0.06836062675831878 0.9997694201463331 0.0012690822102505964
-0.06818869254539095 1.0003576497616855 0.0012696912002304966
-0.0669717661786099 1.0005094069193428 0.0012678376541238252
-0.06679981787101497 1.00096466929247 0.001270976611321572
-0.06558290559890102 0.9999604744076699 0.0012711665646614407
-0.06541094308022366 1.0001238393149339 0.0012713933257987085
-0.06419404501987393 1.000094907482584 0.0012699988080210065
-0.06402206840584768 0.9979584075516187 0.0012700766063147503
-0.06280518444061778 0.9989526222456949 0.0012683805934207396
-0.06263319373238119 1.0020048866083462 0.0012682438850247723
-0.061416323860908895 0.9985836082713385 0.0012674886062832872
-0.06124431894158988 0.9993259087100443 0.0012703453773796611
-0.06002746328051823 0.9982256735929774 0.0012721681052430258
-0.0598554442672139 0.9983534305045243 0.0012688989894018155
-0.05863860270058029 0.9978224559838054 0.001269957343492204
-0.058466569592837914 0.9985795657712947 0.0012694076600383171
-0.057249742005137876 1.0004526240164948 0.0012690295116649616
-0.05707769491846193 1.0012525107480548 0.001269932975620825
-0.05586088142520263 0.9991883008714854 0.0012709559298621055
-0.055688820127670624 1.0005472055895819 0.0012723561951984285
-0.05447202084549375 0.9969536454498659 0.0012676462819860897
-0.054299945453521674 0.9972212482964475 0.0012687005342018145
-0.05308316026646665 0.9997983862374863 0.0012675851422502375
-0.05291107077982815 1.000290272041699 0.0012703510890836316
-0.051694299687213195 0.9993475622073676 0.0012701706858406709
-0.05152219610545217 0.9986596078596455 0.0012705089288923008
-0.05030543910750162 1.0001768890774096 0.0012671333050244076
-0.050133321314206114 0.9985302477208072 0.0012713942686927166
-0.048916578527110954 0.997225864097676 0.001270846482205367
-0.04874444663983013 1.0014987883984263 0.0012691070101359407
-0.04752771794740208 0.9986802562053274 0.0012681823969587197
-0.047355571965454146 0.9982297503172949 0.0012694395664787086
-0.046138857368148614 0.998713759890291 0.001267839642594109
-0.04596669729107816 0.9970376610235911 0.001268756067764771
-0.04474999678843974 0.9985303270462043 0.0012697502822009569
-0.04457782261761167 0.9991010443670448 0.001269674464642831
-0.0433611362085018 0.9976708178196387 0.0012676649946933688
-0.04318894782682037 0.9984762567110722 0.0012702060643058892
-0.041972275629474705 0.9985217840558163 0.001268008825063211
-0.041800073151989636 0.9996103470550601 0.0012711790518001298
-0.04058341505044761 1.0014105282480326 0.0012690832384299247
-0.04041119847761365 0.999318645514379 0.0012703808995659488
-0.03919455447050967 0.9997225857673557 0.0012687066170946402
-0.03902232380323767 0.9965598801397165 0.0012681306607936723
-0.03780569389080079 0.9975869875561201 0.0012664181119360373
-0.037633449128861685 1.0001824881924593 0.0012686600487024444
-0.036416833427507234 0.9982580247645422 0.0012685672330251998
-0.036244574455395195 1.0014343397940846 0.0012718439313380743
-0.03502797284757199 1.001178981738029 0.0012717083331104566
-0.03485569978147396 0.9986052520865915 0.001270091069769036
-0.033639112267863105 0.9981017729142141 0.00126653433353472
-0.033466824990227906 0.9993109600951484 0.0012746882745770963
-0.032250251688151536 0.9975052404594408 0.0012675442924605877
-0.03207795031516946 0.9983639945617876 0.0012693248140536208
-0.030861391109124437 0.9984269547974519 0.001266803988666959
-0.030689075641475938 0.999955009415289 0.0012704033740643923
-0.02947253052987098 0.9978767160725446 0.0012673633524733754
-0.029300200967099954 0.9984940834767306 0.001270215506549993
-0.0280836699501621 0.9988762546131588 0.0012685874545205408
-0.02791132629272397 0.9987020403964115 0.0012707003118637063
-0.026694809370226856 0.9971852137763189 0.0012670577719201632
-0.02652245161925748 0.9980895913841845 0.001271446550123057
-0.02530594879051528 0.9971111642057549 0.00126896070159543
-0.02513357694442675 0.998656200113969 0.0012706245383347409
-0.023917088210806403 0.9968161146936867 0.0012670423132696204
-0.02374470226914127 1.0005159929077165 0.001273708891093178
-0.02252822774728648 0.9981623873118316 0.0012672205537503343
-0.022355827595674782 0.9986373570871879 0.0012736696649328165
-0.0211393671675776 0.9973244004261813 0.0012687672730368072
-0.020966952921298798 0.997734316406426 0.0012687882261174382
-0.019750506588550504 0.9966645082046851 0.00126754037941531
-0.019578078246922814 0.9984992019933667 0.0012700441764629156
-0.018361646009294352 0.9978923380206914 0.0012708712985536777
-0.018189203573456325 0.9968698601394899 0.001268081220446953
-0.016972785429585472 0.9976474572894157 0.0012682763778673369
-0.01680032889908034 0.9988724438858724 0.001270367885635419
-0.01558392484987659 0.998525053062258 0.0012704414410118412
-0.015411454224022573 0.9981281093388598 0.0012692355554090125
-0.014195064269938653 0.9995051427307725 0.0012668833488818719
-0.014022579549873626 0.999074047789075 0.0012687447017047614
-0.012806203806645095 0.9981905130840385 0.0012693467022609948
-0.01263370487595239 0.9961622533667766 0.00126807994793631
-0.011417343226936215 0.9980308982671698 0.0012680515873016655
-0.011244830201576406 0.9986595444105464 0.001269197032262043
-0.010028482647000972 0.9986942335451406 0.0012684428122717033
-0.009855955527428132 0.9993830088265016 0.0012694167954050463
-0.008639622067973876 0.9985117975861061 0.0012704436993821345
-0.008467080853733933 0.9978691675156947 0.0012702177389159633
-0.00725076148894678 0.9982533273297862 0.001269802286849703
-0.007078206178903201 0.9979976222874485 0.001269411211460466
-0.005861901025424164 0.9980054618660478 0.001268978500444803
-0.005689331503617723 0.997024320482766 0.0012696654284661004
-0.004473040445715283 0.9990637515723231 0.0012676937204628448
-0.004300456830151234 0.9972962832285786 0.0012670991821154439
-0.003084179866006404 0.9992335369848747 0.0012683564702969908
-0.0029115821557752497 0.9983707689490554 0.0012682549093188218
-0.0016953192860711607 0.9981231978141674 0.0012695634292221709
-0.0015227074813992658 0.9992155701904526 0.001268592002446889
-0.0003064588227749078 0.9985271026458583 0.0012693748488397229
-0.00013383280793277663 0.9970681044129571 0.0012680486543747555
0.0010824017569339723 0.9971021276908024 0.0012678570535610925
0.0012550417507103432 0.9962169168145182 0.0012693567464414838
0.002471262335961068 0.9995367465267592 0.0012689242461665572
0.0026439164257681114 0.9967078357975077 0.0012686638259977686
0.003860122915214527 0.99799491204843 0.0012711833352937454
0.0040327910992346006 0.997889235736967 0.0012703033044763677
0.005248983378508085 0.9982371573320444 0.0012694829235579664
0.005421665773155837 0.9993010337594751 0.0012697385391630435
0.006637843958446023 0.9986834967359544 0.0012689223737216493
0.006810540447304784 0.9980678352415543 0.0012695188963215132
0.008026704537473119 0.9999688557653259 0.0012714512666305111
0.008199415121453058 0.9966091256770505 0.0012688923238364422
0.009415565000766677 1.000292926437992 0.0012679516329975426
0.009588289795829041 0.9989965111242711 0.0012712758205763923
0.010804425581386399 0.9985616926889958 0.0012702709283929458
0.010977164354699198 0.9960418210938138 0.0012691484042745356
0.012193286161095279 0.9980394061758185 0.0012679692327485783
0.012366039028847472 0.9971267332340285 0.001268619723609922
0.013582146623707053 0.9979971735946718 0.0012668176561536238
0.013754913702541671 0.9972483341350632 0.0012707189732163245
0.014971007202960513 0.9990378147567591 0.0012690347831515968
0.015143788376917655 0.9984951677898878 0.0012685843421066003
0.01635986778266939 0.9994022900714945 0.0012719133557730694
0.01653266305129364 0.9987547330431163 0.0012695908416181314
0.01774872824596295 0.9994320471505185 0.0012680548289591622
0.01792153760902659 0.9989224607077596 0.0012719457002320692
0.019137588824990046 0.9988869910814846 0.0012688573980862072
0.019310412284085032 0.9980825392736697 0.001270618642770181
0.020526449404927982 0.9974211900169485 0.0012699983147671382
0.020699286958461016 0.9968000585955097 0.0012687542910805878
0.021915309868903325 0.9970211686330034 0.0012692498938325354
0.022088161631927505 0.9991951259856005 0.0012700073211593767
0.02330417044883857 0.9994478650730441 0.0012705956651157615
0.023477036189888167 0.9974694306881133 0.0012715747424231372
0.024693031027865665 0.9992760242468656 0.0012681705276073446
0.02486591086426415 0.9972015718577866 0.001270033513660149
0.02608189149047744 0.9978547794915782 0.0012681594257662934
0.02625478553773064 0.9993362626446076 0.0012699726388058345
0.027470752070415376 0.9994298731756367 0.001267657038590123
0.027643660212106624 0.9978061028495198 0.0012686700276922564
0.028859612533708934 0.999730120382584 0.0012676322007968669
0.029032534770749744 0.9997005613246714 0.0012702353524379104
0.03024847311273603 0.9989940568499067 0.0012702998476329956
0.030421409444898018 0.9970783081347466 0.0012709553928599991
0.03163733369244491 0.998565665238946 0.0012661658024921564
0.031810284118819254 0.9978664285310396 0.0012685437411453155
0.03302619415664931 0.9984246870810615 0.0012677399567455696
0.033199158676779916 0.9977174637075311 0.0012680298453764593
0.03441505473635819 0.9986665933466228 0.0012693638212551654
0.034588033350928866 0.9980734542718932 0.0012689561431879904
0.035803915198969964 1.0007700157152457 0.0012707919235275687
0.03597690802507714 0.9976693598763671 0.0012684856640551953
0.03719277577822343 0.9964642953941942 0.0012686703838812265
0.03736578258394729 0.9984961569077698 0.0012688201937795416
0.038581636241519675 1.0003520777056394 0.0012709914670901267
0.03875465725832328 0.998869489333226 0.0012692007005198655
0.03997049682145492 0.9974854590418981 0.0012678213180764722
0.04014353193178977 0.9980752217046291 0.001271896594890308
0.04135935728406669 0.9964863796110417 0.001269589073918872
0.04153240648975043 0.9993661494860872 0.001269153562693681
0.04274821786377558 0.9991153321415602 0.0012690639759446209
0.04292128116412641 0.9982197310880203 0.0012681116869724624
0.04413707832797997 0.9984649982278014 0.0012677429625498713
0.044310155838502396 0.9971932198596087 0.0012694149956066936
0.04552593890768886 0.9983983895985399 0.0012692681670785945
0.045699030396917806 1.0010335308390892 0.0012721509278135308
0.04691479937030063 0.9980035320530344 0.0012667684011369617
0.04708790507129379 0.997578853664258 0.001269694702685082
0.04847677962834496 0.9991332521730796 0.0012701166460555012
0.04969252041284765 0.997944804420455 0.0012698589913582425
0.04986565430203848 0.99840162100332 0.0012718793745050343
0.051081380992556526 0.9980408887454492 0.0012680445499562876
0.05125452885977211 0.9989576726906952 0.0012748053804614561
0.0524702414551683 1.000066263932389 0.0012677452461086027
0.05264340353505759 0.9987865981722458 0.0012701744999274868
0.053859102034424455 0.9991553648258666 0.0012662229447876173
0.05403227820943357 0.9980821432840303 0.0012704331368405693
0.0552479624983998 0.9994351888343598 0.001271616453123236
0.05542115276739423 0.9992236018488021 0.001271780789466099
0.056636823079016824 1.0012980701315686 0.0012695509207185421
0.05681002744154318 0.9999948522326433 0.0012711225622306383
0.05802568354163399 0.999700972357149 0.0012694149261741382
0.058198901998821384 0.9997367681386035 0.00127216501961496
0.05941454412065569 0.9995000943708316 0.0012709604411325515
0.05958777667319737 1.0011197063484725 0.001269488460078385
0.06080340458417831 1.0005787000022222 0.0012717973225760426
0.060976651230930996 1.000454942389505 0.0012719634209130712
0.06219226504747456 0.9999899063556243 0.0012715405104842844
0.062365525905079267 1.0002524013731113 0.0012699051660501868
0.06358112562649627 1.0030084116864886 0.0012697094909242801
0.06375440046394942 0.9980770716811633 0.001268924403036912
0.06496998608933979 1.0019859911291567 0.0012700780942155442
0.06514327513832541 0.9992847982020284 0.0012705199798844118
0.06653214969537657 1.0007786417480522 0.0012691241443424151
0.0677477071337058 1.0006833611533772 0.0012714708846977615
0.06792102425333724 0.9995156599733975 0.001270132146674043
0.06913656759631757 0.9989047422768084 0.0012683314766079412
0.06930989892771322 1.000223379677031 0.001276362312039451
0.07052542817557103 1.0024435875045818 0.0012691679032932758
0.07069877348567388 0.9996319195632847 0.0012716642863560895
0.07191428863886729 1.0005270517486125 0.001270522795654134
0.07208764816004987 1.0002899363086237 0.0012690039127644785
0.07330314921880522 1.0008882447667249 0.0012688492237167652
0.07347652271778282 1.0017085086020603 0.0012706763091049488
0.07469200968141161 0.9992252244602244 0.0012682609916823263
0.07486539739193177 0.9986087403975669 0.0012688585361662844
0.07608087014402877 1.001063876287525 0.0012703976667324654
0.07625427194943768 0.9998009097484234 0.0012693304118160684
0.07746973072441944 1.0001744438230065 0.0012702641131363487
0.07764314650739834 0.9989332263209811 0.001267825631990281
0.07885859118862114 1.0019326519246412 0.0012713415219502847
0.07903202118222907 0.9982418858281887 0.0012695664682860965
0.08024745165123291 1.0007878914433905 0.0012703600722930117
0.08042089574018974 0.9992069367168366 0.0012705466491255933
0.08163631223048637 1.0010612424228749 0.001269819678311015
0.08180977041456572 1.0000704963557554 0.0012717966376387165
0.08302517269378262 0.9993776867397443 0.0012710753146545843
0.08319864497252638 0.9982829016828839 0.0012697710988190073
0.08441403315707888 0.9989359508460829 0.0012678411504683177
0.08458751952957755 0.9990527774105739 0.001271765910756912
0.08580289361968527 1.0002713786359596 0.0012673995722477648
0.08597639420395353 0.9977465940789695 0.0012685731450515173
0.08719175419894411 1.0006790714530507 0.0012687204013455185
0.08736526876236894 0.998244655866335 0.001271169029595451
0.08858061466291946 0.9992425374380037 0.0012677194829607446
0.0887541433203296 1.0029528184872842 0.0012721888997032358
0.08996947512712117 0.9995396695608207 0.0012677296806119056
0.0901430179940238 1.0000659927788678 0.0012712325844936462
0.09135833570614826 1.0011486871440156 0.0012712421511533558
0.09153189255175675 1.0023483320710223 0.0012705907738575217
0.09274719616876004 1.0011216552962738 0.0012715713216842328
0.09292076710971742 0.9989694311569874 0.0012720091856883188
0.09413605663228265 1.0011861714265702 0.001268127895193464
0.09430964166699629 1.000711778214321 0.0012689135000076887
0.0955249170955789 1.0019072621555158 0.0012694875178705471
0.09569851634205406 0.999392903177226 0.0012704586674901668
0.0969137776746006 0.999928026477582 0.0012667491583399316
0.09708739090046947 0.9997466242835339 0.0012744082393965318
0.09830263813744414 0.9996008927469066 0.0012689634727253945
0.09847626545797539 0.9994231069305761 0.0012689178119082477
0.09969149860073499 0.9993244189148149 0.0012699583960382762
0.09986514001593605 0.9999301062880973 0.0012713068532551992
0.10108035906471034 1.0023287720919678 0.0012690403364971723
0.10125401469008433 1.000556414613385 0.001271049268802325
0.1024692195280012 1.0026876125451163 0.0012704330460564478
0.1026428892473632 0.9987982070006498 0.0012705897365516109
0.10385808010726005 0.9992289292720072 0.0012678218607506582
0.10403176380532386 1.0004068028691462 0.0012710582948928658
0.10524694057055631 1.0002357819772452 0.001271431407776049
0.10542063836373927 0.9996800825396583 0.0012700369876254877
0.10663580103407892 0.9980699053762528 0.001269433957241705
0.10680951303811526 0.9975233383463343 0.0012725852256473226
0.1080246614966853 1.0008864819195593 0.0012714503516411061
0.10819838759607592 0.9996478879954838 0.0012707655119403398
0.10941352195930247 0.9989205497948854 0.0012678912635992131
0.10958726215403658 1.0009396564836177 0.0012701717424342931
0.1108023824228197 0.9997492123252606 0.0012701354812173263
0.11097613671108775 0.9992003311917443 0.001269640860264417
0.11219124300321036 0.9990571148465227 0.001268885983738941
0.11236501126813891 1.0013201868550157 0.0012732627614983208
0.11358010346650123 0.9993661931540517 0.0012701210440336339
0.11375388582700907 1.0002233922434016 0.0012688514492392982
0.11496896392934475 0.9998444555000893 0.0012720197617946236
0.1151427605018398 1.0022695999608044 0.0012709199642885795
0.116357824392641 1.0019144262662811 0.0012704087265662462
0.11653163505911868 0.998050921029221 0.0012688707361662333
0.11774668485593187 1.0008260948229564 0.0012695944058863338
0.11792050961685163 0.9993098847534957 0.0012725782208721059
0.11913554531854365 1.0005352691858127 0.0012691953030516303
0.1193093841748123 0.9994824955706342 0.001271361568191014
0.12052440578138178 0.9989605807303753 0.0012688179277059524
0.12069825873231821 1.003885512698213 0.0012730213073301301
0.12191326636108796 0.9998972629148084 0.0012677607425060626
0.12208713329073362 0.9992798230708518 0.0012719189873005186
0.12330212682506869 1.0034137262844043 0.0012727573698065806
0.12347600784937607 1.000097936344714 0.001271082816497571
0.12469098728858592 0.9987280157379225 0.001268569379873556
0.12486488240665494 1.001528196953513 0.0012713715219317453
0.1260798477512031 1.0001147724406938 0.0012684401278181222
0.1262537569646156 0.9996775109039763 0.0012712465864439771
0.1274687082147257 0.9995589704901738 0.0012684428499260183
0.12764263152234856 0.9996622465231987 0.0012708388578668872
0.12885756867801657 1.0006571584084276 0.0012684056393180592
0.12903150607962743 1.0006327143732747 0.0012712927756554828
0.13024642914062834 0.9995172061023433 0.0012678479405401953
0.13042038075445817 1.0010096487415516 0.0012724216585944046
0.1316352896034665 1.0005446432253176 0.0012687348061150563
0.13180925531332832 1.0012500190015525 0.0012716895038627548
0.13302415006675733 1.0011827123775545 0.0012677111707386662
0.1331981298703795 1.000241613066778 0.0012744857106333296
0.13441301053073806 1.0005261623659596 0.001270895862598508
0.13458700442743066 1.0006196879789058 0.0012701057163026703
0.13580187099402893 0.9997938269156698 0.0012670444687262247
0.13597587898539132 0.9985644785217849 0.0012717532008760734
0.13719073145687247 1.0026233853958484 0.0012685298128762782
0.13736475354335198 0.9991655051123394 0.0012689205017905752
0.13857959192016334 0.9995125204948754 0.0012692773544244144
0.13875362810131264 1.0018488676348962 0.001272334576669941
0.13996845238368594 0.9979753133500374 0.00126786253955048
0.14014250265972805 0.9988241844914925 0.0012690044244358346
0.1413573128462977 0.9992260367228861 0.0012675470459840488
0.14153137721768871 1.001135584956814 0.0012690765421551338
0.14274617330890949 0.998356149103497 0.0012676789021452885
0.14292025177519463 1.001220788665129 0.0012712883435146206
0.1441350337724267 1.0002224919190268 0.0012673602462950984
0.14430912621651293 1.0000267685134079 0.001270746235990797
0.14552389423572296 1.0008079742048872 0.001267706211358306
0.14569800077424588 1.0013799909010148 0.0012718585456489508
0.1469127546990192 0.9996531566380612 0.0012687331622548263
0.1470868753317518 1.001635350177778 0.0012700077481645384
0.14830161516254184 0.9997041029116488 0.0012668897090526037
0.1484757498901672 1.0016084146473645 0.0012701986273297658
0.1496904756258327 1.0006385059865597 0.0012697443106322091
0.14986462444903736 0.9989986832938699 0.0012706988748676065
0.15107933608912355 0.9991110044422369 0.0012704211835426664
0.15125349900608853 1.000042211201601 0.0012704979437615034
0.15246819655174074 1.0014899565275421 0.0012737924342073902
0.1526423735640492 1.000776500463134 0.0012696690996622008
0.15385705701457886 0.9998343570622998 0.0012675114293254615
0.15403124812200986 0.9987731763660479 0.0012720323906077787
0.15524591747786973 0.9994151865593605 0.0012673788491404762
0.15542012267906102 0.9987947520948449 0.001272018355898766
0.15663477794139236 1.0002456032431546 0.0012676863838220393
0.15680899723702169 1.0001325392584204 0.0012695413985151429
0.15802363840468858 1.0003934888206036 0.0012740907305810525
0.1581978717954371 0.9999514079762466 0.0012746785482983848
0.15941249886798484 1.001031744802249 0.001268619811372609
0.15958674623698244 1.0001406492653893 0.0012693712418504364
0.16080135921508676 1.0000097716543137 0.0012696452146182995
0.16097562079426064 0.997056547345777 0.0012697049942270336
0.16219021967837763 1.0011703333775839 0.001269862123003635
0.16236449535199426 1.0005378585074984 0.0012735573295250574
0.1635790801409948 0.9994638704833114 0.001269114202602975
0.16375336990995493 0.9998641187936825 0.0012715421404199607
0.16496794060382752 0.9985731615907756 0.001266679054382164
0.1651422444679156 0.9994568905940117 0.001268184605795226
0.16635680106712378 1.0004673706302722 0.0012687608461907924
0.16653111902678575 1.001287869320377 0.0012723624151243437
0.16774566153042003 0.9988558231054735 0.0012695560841068628
0.16791999346810405 1.0018982414510418 0.0012716613610096663
0.16913452199394266 0.9993604925107376 0.0012708126166566408
0.16930886802538225 1.0002536997230351 0.0012685298245638094
0.17052338234081818 1.0003592877308423 0.0012698607157878537
0.17069774258334292 0.998908641538949 0.0012716217364482601
0.17191224280410905 0.9986389943549427 0.0012696722137860302
0.17208661714107654 0.9994286813414434 0.0012712062113121214
0.17330110326763168 1.0005942867438902 0.0012697069052213935
0.17347549158239417 1.0024621236964648 0.001272828168134417
0.17468996373024884 1.0010904830419223 0.0012731357488726352
0.17486436614035483 0.998725035016371 0.0012700802615514672
0.17607882419285523 0.9992653787526966 0.0012694978848282628
0.1762532406983155 1.0012618860796627 0.0012722005964504535
0.17746768465637783 0.9981244176417474 0.0012694196349037547
0.17764211525627616 0.997727470301315 0.001267457934738318
0.17885654500325876 1.0000749587577868 0.001271350672464371
0.179030989696912 1.0009899948094292 0.0012722826440994598
0.18024540546655501 1.0001153579988915 0.0012685013360315346
0.18041986425487266 0.9976602700691961 0.0012712680978906178
0.18163426593007226 1.0015404242184813 0.0012704323177449696
0.18180873881374282 0.9971315811142508 0.0012684213420951441
0.1830231263933631 0.9997982416395411 0.0012712243549840036
0.18319761337147578 0.9993939181459774 0.0012685023450940641
0.18441198685665935 1.0010665056678896 0.001271829786502822
0.18458648781279408 0.9999577268568255 0.0012714024416720059
0.1858008472028612 0.9995956173646409 0.0012682374330170497
0.18597536237075474 1.0004859253365883 0.001270272505065548
0.18718970766569396 0.9996231439661559 0.0012675341698223294
0.18736423692826065 1.0001072001218194 0.0012703670216845933
0.1885785681289902 0.9992901138415943 0.0012694032728787971
0.18875311136957829 0.9988381393892868 0.0012711551397097734
0.1899674285925128 1.0014043972985611 0.0012707939815217594
0.1901419859273119 0.9993597896756738 0.001268983413554404
0.19135628893939374 1.000063521286424 0.0012692121957547878
0.19153086048527257 1.0003887726744805 0.0012718924957020347
0.1927451494026846 0.9993443746787275 0.001269786387607573
0.1929197349277274 0.9999296970509374 0.001271796383235269
0.19413400986620183 1.0001103644757015 0.0012685200124925792
0.19430860948546103 1.0021065669946683 0.0012709720081197076
0.19552287021308276 1.0007534748694917 0.0012689755243872833
0.1956974839263239 1.000551396412757 0.0012701763636685636
0.19691173067569454 1.0008070106352345 0.0012698912299600107
0.19708635848337508 1.0005464391593901 0.0012720311097416674
0.19830059113853268 0.9998626962522871 0.0012698359574052072
0.19847523304133574 1.0004315902089724 0.0012718325676999748
0.19968945160182894 1.0004399259694343 0.0012680733517928026
0.19986410748356354 0.9989164316709158 0.001272723422202692
0.20107831194870987 1.0003252793033564 0.0012683584153519315
0.2012529820412965 1.000486854249552 0.0012696775864750637
0.20246717241131626 1.0005031158377433 0.001269631772970498
0.20264185648284183 1.0011167516443318 0.0012703663659014404
0.20385603287483886 1.00199772635118 0.0012688799707313602
0.2040307310408025 0.9988616784947684 0.0012705606834487206
0.2052448932223989 1.0010862875093385 0.0012710478587403713
0.20541960559808137 1.0004481781293724 0.0012704273433166696
0.20663375368592152 0.9986396059410151 0.0012702931819261268
0.206808480039399 1.0003050349064035 0.0012691290053867639
0.2080226141485333 0.9982242601143401 0.0012678103274017063
0.20819735459826916 0.9994146133565341 0.001271334212531245
0.20941147449472974 1.0008150859671967 0.0012700133553158646
0.2095862290398145 1.00064857423969 0.0012701520350015447
0.21080033495825234 1.001221501088851 0.0012680885136662362
0.21097510359754745 0.9999075856059871 0.0012711815328212105
0.21218919530513328 0.9992898001524564 0.0012705533904042692
0.21236397803886575 1.0009629022099171 0.0012707482928086646
0.21357805576773967 1.00106121192929 0.001268760384999798
0.21375285259637167 1.0012050639395764 0.0012709383921196498
0.21496691623103592 0.9999646020989883 0.0012713500527407869
0.215141727037917 0.9997904308396134 0.0012701742875736637
0.2163557765788223 0.9987513915143251 0.0012680322108376619
0.21653060159633242 1.000117152398995 0.0012713394454840106
0.21774463704211855 0.9998026208988711 0.0012710849371825516
0.21791947603787776 0.9995984742857508 0.0012712830286571912
0.219133497388315 0.9990558866024576 0.0012682242674122235
0.21930835059492892 0.9997395343979137 0.0012696525561235112
0.22052235785115315 0.9998390327231397 0.0012711697520615254
0.22069722503647426 0.9991699390471869 0.0012684160272291947
0.2219112183144494 0.9995919438135178 0.0012702705240580916
0.22208609959443493 1.0000493640267882 0.0012704990940091388
0.22330007866155668 1.000555779300195 0.0012704704121121984
0.22347497403507077 0.9991523652901396 0.001269209323944548
0.22468893912416307 0.9997952368125594 0.001270933326221845
0.2248638484775256 0.9998454702574959 0.001272351051243422
0.226077799471044 0.99980912109172 0.0012675444256431004
0.22625272303594102 0.999294894144098 0.0012693553992480819
0.2274666599352457 0.999620570230442 0.0012678818923831812
0.22764159747680457 0.9990277914984489 0.0012698127930017443
0.22885552028212663 0.9988768323657259 0.0012687306887588482
0.22903047203453752 1.0019002576106144 0.0012704393029247798
0.2302443807447384 0.9997541769654102 0.001268417643718873
0.23041934647608286 0.9989580111959094 0.0012690944070131564
0.23163324109116123 0.9981192793679721 0.0012681451704516674
0.23180822091717346 0.9991076302177503 0.0012711483062070885
0.2330221015544575 0.9993298246960612 0.001268159159960345
0.23319709547490708 1.0011545281423688 0.0012714569836312665
0.23441096190133304 1.0004988971465014 0.0012687005702545747
0.2345859699171342 1.0007646548562619 0.0012761096701457816
0.2357998223639448 0.9988047891859552 0.0012683669034478588
0.23597484447509487 1.0003750848054762 0.0012709349917768723
0.2371886827110521 1.0003228604891103 0.0012688338218276693
0.2373637189166402 1.0029887387348446 0.0012716122133849396
0.23857754317502744 0.9999539957657035 0.0012681266022151515
0.23875259335795784 1.0006310603931057 0.0012705099751212563
0.23996640352213472 0.9987003977287083 0.0012671310924927217
0.24014146791523672 0.9992416618574992 0.0012718126779963299
0.2413552639847411 1.0001865111556911 0.0012713110177130181
0.24153034235587256 0.9995233984019121 0.0012702302294549923
0.24274412433094295 1.000930209387094 0.0012713323295643069
0.2429192167983274 1.000966519066468 0.001270931107733041
0.24413298479446557 1.0013230212126745 0.0012687417732029865
0.24430809124032749 0.9999544510640774 0.0012704809799209678
0.24552184514134112 1.0014072297381205 0.0012685501199416658
0.24569696579737865 0.9993581318452994 0.0012702613903501569
0.2469107056039529 0.9990076966227125 0.0012672640436803568
0.247085840238924 1.00012502065792 0.0012713527445715874
0.24829956595038108 0.9997170738427736 0.0012671710336514684
0.24847471468046933 1.0008196138293484 0.0012702015877312628
0.24968842641435643 1.000586802567154 0.0012740251721498068
0.24986358923774754 0.9997380875129928 0.0012721264032708238
0.25107728676191643 0.99912258215521 0.0012689404197829151
0.25125246367997534 0.9972099494552259 0.0012715051195767036
0.2524661471081075 0.9989140100450198 0.0012697455452871991
0.2526413381219754 0.9986022150863224 0.001269343361909428
0.25385500757095103 1.0005727186439224 0.0012681586716868924
