Sector 14:
[1161,1855],[1162,1855],[1159,1856],[1160,1856],[1161,1856],[1162,1856],
[1159,1857],[1160,1857],[1161,1857],[1162,1857],[1163,1857],[1160,1858],
[1161,1858],[1162,1858]

Sector 15:
[1267,1797],[1268,1797],[1269,1797],[1266,1798],[1267,1798],[1268,1798],
[1269,1798],[1266,1799],[1267,1799],[1268,1799],[1269,1799],[1267,1800],
[1268,1800],[1269,1800]

Sector 21:
[414,1060],[415,1060],[416,1060],[417,1060],[414,1061],[415,1061],
[416,1061],[417,1061],[413,1062],[414,1062],[415,1062],[416,1062],
[417,1062],[414,1063],[415,1063],[416,1063],[415,1064]

Sector 22:
[77,1427],[78,1427],[79,1427],[80,1427],[77,1428],[78,1428],[79,1428],
[80,1428],[81,1428],[77,1429],[78,1429],[79,1429],[80,1429],[77,1430],
[78,1430],[79,1430],[80,1430],[79,1431]

Sector 41:
[1657,1921],[1658,1921],[1659,1921],[1656,1922],[1657,1922],
[1658,1922],[1659,1922],[1656,1923],[1657,1923],[1658,1923],
[1659,1923],[1658,1924]

Sector 48:
[1908,1050],[1909,1050],[1907,1051],[1908,1051],[1909,1051],[1910,1051],[1906,1052],
[1907,1052],[1908,1052],[1909,1052],[1910,1052],[1907,1053],[1908,1053],[1909,1053],
[1910,1053],[1907,1054],[1908,1054],[1909,1054]