-0.28969130547966415 0.9997326837018934 0.0007975186492930837
-0.28930127716327964 0.9995215355210849 0.0007979323609736427
-0.28830240277648045 0.9989747726742386 0.000797521603533748
-0.28791239145718567 1.0016797255693215 0.0007986663070997911
-0.2869135003070369 1.0002745854046415 0.0007976993032209142
-0.2865235059834696 0.9998099767680505 0.000798206226679983
-0.2855245976047627 1.000168631029468 0.0007980040774744578
-0.2851346202782891 0.9991419270330416 0.0007981960619243056
-0.2841356951353191 0.9998983432936248 0.000797872853250649
-0.2837457348054812 0.99955738588024 0.0007986284253011785
-0.2827467924330449 0.9995030955378229 0.0007976355171879247
-0.2823568490993899 0.999526512498723 0.0007980974268146212
-0.2813578899640561 0.9993545430764437 0.0007979392295595376
-0.28096796362612925 1.000496974937753 0.0007981097438215787
-0.2799689872617819 1.0009873774195066 0.0007982438842523431
-0.2795790779204907 1.0003440190218917 0.0007982556751702602
-0.27858008479279306 0.9992796503518505 0.0007977474841465278
-0.2781901924481382 1.000128262253873 0.0007984283512752975
-0.27719118209051885 0.9999289719572707 0.0007978892137496586
-0.2768013067425023 0.9979739545220317 0.0007976107836053024
-0.2758022796201658 0.999466517079319 0.0007979704307646664
-0.27541242103686375 0.9997450878603532 0.0007984731435391663
-0.2744133769178916 0.9993367269048856 0.0007977160033657639
-0.2740235355640585 1.0000022647991214 0.0007981946692067184
-0.273024474448448 1.0007036354977434 0.0007980304555162389
-0.272634650091706 1.0013561499977948 0.0007988299968285079
-0.2716355717461738 0.9997732007417754 0.0007978126824010391
-0.2712457643860701 0.9994872491749677 0.000798358278567099
-0.27024666927673024 1.0004407174279073 0.0007979429369922453
-0.2698568789132622 1.0008617654951193 0.0007989927861524274
-0.2688577665749108 1.0003167717408143 0.0007978705562908925
-0.26846799320807907 0.9997500223513635 0.0007984044386082551
-0.2674688641054672 1.0015000281247826 0.0007978381448522532
-0.2670791077352738 0.999025485781927 0.0007982349660693222
-0.2660799616355689 1.0009325113250969 0.0007979921324607907
-0.26569022202963527 0.9992030393104093 0.0007982350090992454
-0.2646910589323852 0.9999286168070357 0.0007979776660654311
-0.26430133655683 0.9993930572617066 0.000797932410845786
-0.26330215646203214 0.9990562926948904 0.0007974423530533978
-0.26291245085119147 1.000775199989796 0.0007986698790451689
-0.26191325375975794 0.9997210250357687 0.0007979392428263751
-0.2615235653774754 1.0002703626077547 0.0007982404795266187
-0.26052435129031437 0.9997435542381594 0.0007978863876717216
-0.26013467990467015 1.0007688884602717 0.0007981826589232844
-0.25913544882132555 0.99978335821695 0.0007977302608970936
-0.258745794199487 1.000272389297592 0.000798598286984238
-0.25774654611905135 0.9995693326216716 0.000797300329561389
-0.25735690872668177 0.9999549392806807 0.0007987254408276462
-0.2563576436500625 0.9994625544014709 0.0007972891360570942
-0.25596802325432927 1.0003760895720195 0.0007983275062793846
-0.25496874118061896 1.000328182668809 0.0007977096741784529
-0.2545791375486907 0.9997043802032958 0.0007976494416369338
-0.2535798387111754 0.9995933480923647 0.0007975510578654641
-0.25319025207588547 0.9987798833808816 0.0007977746475238523
-0.25219093600844644 1.0000299106743331 0.0007976774100704593
-0.25180136660307756 0.9992411318572286 0.0007980361950356983
-0.25080203353854813 0.9994475430442142 0.0007972460153699459
-0.2504124808978971 0.9999107221079595 0.0007982277641877649
-0.24941313106910457 1.0005468462143083 0.0007979728040717879
-0.24902359542508917 1.000543177096116 0.0007984111452539529
-0.248024228599661 1.0019616852904825 0.0007980907423226213
-0.24763470995273665 1.0007585556832794 0.0007986690972583945
-0.24663532589784154 0.9994881223043899 0.0007975207719057259
-0.24624582447993143 1.001362152611154 0.0007980576087272646
-0.24524642342839797 0.9997667890160368 0.000798016159133368
-0.24485693877429285 1.0003059727866588 0.0007983818514415407
-0.24385752095940916 1.0006419623383684 0.0007976881492539795
-0.24346805330148763 1.001217761849787 0.0007987299126319639
-0.2424686184899656 0.9996712236961082 0.000797524323238735
-0.24207916782913513 1.0008081050794053 0.0007984940260116868
-0.2410797157867819 0.9994739355909832 0.0007975356774667171
-0.2406902823563299 1.0003156242840943 0.0007984400366789567
-0.23969081331733832 0.9997599972925216 0.0007976383272556084
-0.23930139665114675 0.9998191814078915 0.0007980161179787378
-0.23830191084789476 0.9994993894601044 0.0007977005468382172
-0.23791251117743067 0.9988799680743521 0.0007982450884733142
-0.2369130083784512 0.9999674685257988 0.0007976609785331892
-0.23652362570417002 0.9992612280111633 0.0007978026661520313
-0.23552410590900763 1.001075923445348 0.0007979220901694213
-0.2351347402313621 1.0009820666453622 0.0007983236412385626
-0.2341352034400188 1.001048891549714 0.0007979311061609747
-0.23374585475900958 0.9996440848475024 0.0007981618433381825
-0.23274630097057525 0.9997322291051114 0.0007976343908322372
-0.23235696905246286 1.0007145671820687 0.0007989775605753618
-0.23135739850158643 0.9983346442148415 0.000797299453749717
-0.23096808357920223 0.998335371507987 0.0007978790184483114
-0.22996849579931222 0.9996677527861455 0.0007974388400866035
-0.2295791981068497 1.0000098928084409 0.0007978286601223455
-0.22857959332895916 0.9997212673600147 0.0007976672116355028
-0.2281903126340445 1.001530050893233 0.0007984048925930972
-0.22719069085906085 0.9997583305647009 0.0007978892586456406
-0.22680142716123655 0.9989776146781992 0.0007982131601171926
-0.22580178839007203 0.99900644218715 0.0007974583893668162
-0.22541254168843133 1.0002410050698074 0.0007985351433880343
-0.22441288592062847 1.0000648274885713 0.0007972472688180554
-0.22402365621607884 0.9990443674534976 0.0007976818252575679
-0.2230239834511849 0.9995014018900967 0.0007976093427576598
-0.2226347707432736 0.999748444929583 0.0007984855599582494
-0.22163508098174134 1.0001677867344805 0.0007976996615963216
-0.2212458852709211 1.000343145580615 0.0007983147677599293
-0.22024617851275252 1.0006689922110192 0.0007979205177127128
-0.21985699979811316 1.0006889027305101 0.0007983218731183301
-0.21885727604330896 0.9996656198319138 0.0007979480030459757
-0.2184681140924773 0.9988813120471942 0.0007980913955788644
-0.21746837357250115 0.9997597580706571 0.0007977180811456441
-0.21707922861966936 1.000379128685763 0.000798648411375124
-0.2160794711021481 1.0000761465053998 0.000797469151187963
-0.21569034314731955 1.0002278833923541 0.0007980355612808476
-0.21469056863270453 1.001039441335137 0.0007979488420895511
-0.21430145767451164 0.99974589471579 0.000798262872825311
-0.21330166616326096 1.0000871066749333 0.0007974630263779805
-0.21291257220125098 1.0002867602232821 0.0007981246944941382
-0.21191276369427214 1.0000717356097115 0.0007977531886821108
-0.21152368672799032 1.0003395624185807 0.0007981857189249434
-0.21052386145765922 1.0002515516122896 0.0007976269843911391
-0.2101348012551824 0.9989012679904926 0.00079736818389259
-0.2091349589886704 0.9991397856125063 0.0007974901502160843
-0.2087459157828299 1.0004035657765733 0.0007978287724885718
-0.20774605651922684 1.0004355333746664 0.0007978458775671297
-0.20735703031002467 0.9995001915922298 0.0007983395804107821
-0.20635715404978328 1.0011325056652094 0.0007978239847695624
-0.20596814507004738 1.0003581675125022 0.0007981831783454306
-0.20496825157988496 1.0011857762616196 0.0007980694852928471
-0.20457925959724216 0.9992725194474557 0.0007979054479954505
-0.20357934910998665 1.0011334488230936 0.0007979361890588049
-0.20319037412488966 0.9998328982171361 0.0007986222777576085
-0.2021904466405431 1.0009054783765352 0.0007977909442279716
-0.20180148865208442 1.0007691143326058 0.0007979083754038953
-0.20080154417109952 0.9994060571800889 0.0007979777170269984
-0.20041260317973192 1.0022071198028157 0.0007989584098432144
-0.1994126419344866 0.9998907306982392 0.000797483509622431
-0.19902371770692398 0.9987261784949609 0.0007975397141416415
-0.19802373946549778 0.9991092855934243 0.0007979050467908066
-0.19763483223411876 1.0004542209413614 0.0007980898511572742
-0.19663483699605422 0.9994095812042113 0.0007977837440241694
-0.19624594676131082 0.9991490472953065 0.0007979201154925895
-0.1952459345270654 0.9998093527262918 0.0007976486327663741
-0.1948570612885056 0.9998418354430681 0.0007979625191418447
-0.19385703205671234 0.9999311287134045 0.0007977392688325435
-0.1934681758161531 0.99933197945293 0.0007977928731530057
-0.19246812981964467 1.0000070301575887 0.0007978011129506524
-0.1920792905761785 0.9998789015656859 0.0007986359123835843
-0.19107922735065586 0.9986994810435466 0.0007974569398212244
-0.190690405103826 1.0001466052307315 0.0007980609822149678
-0.1896903248812123 0.9995446991409815 0.0007973882910040664
-0.18930151963101807 1.0000392138727001 0.0007982887522045884
-0.18830142241176873 1.00038011174332 0.0007979744116839856
-0.187912634157302 1.0000353997110096 0.0007977903394419587
-0.1869125201751558 0.9998004119021711 0.0007978261918179842
-0.18652374868449678 0.9991992763689627 0.0007980537111031333
-0.185523617706167 0.9998669017711239 0.0007977669115479455
-0.1851348634445195 1.0000418358974408 0.0007981492004948436
-0.18413471523672342 0.9999075344195973 0.0007973971142986283
-0.18374597797080341 1.0001876056771815 0.0007980129646816222
-0.18274581300056525 1.0018468064570902 0.0007983455237560807
-0.1823570924979982 0.9995887342873077 0.0007985024408621538
-0.1813569105302122 1.0000035746891986 0.0007977387892012333
-0.18096820702519026 1.0008084654424825 0.000798436609055111
-0.17996800806031388 0.9991094867218971 0.0007978995313336514
-0.17957932178521568 1.000029082289291 0.0007982017914533767
-0.1785791058241557 0.9990721921823448 0.0007977253001292664
-0.17819043631240775 1.0010258636348683 0.0007985677737944166
-0.17719020335471214 1.0007071895619535 0.0007981021067300675
-0.17680155084005794 0.9995918962319889 0.0007980585383600855
-0.17580130088526857 0.9998871596230202 0.0007975066788775862
-0.17541266536725003 0.9997993455099878 0.0007978802600178557
-0.17441239864865565 1.0004617274971295 0.000797378369545777
-0.17402378012772815 0.9984227178216141 0.0007983586837527481
-0.17302349617966684 0.9984671262964249 0.0007973297902831988
-0.17263489465492293 1.0002063149047202 0.0007982965888233639
-0.17163459394305391 1.0013346573859065 0.0007977334112764727
-0.171246009182115 1.001168041757731 0.0007980334070893103
-0.1702456914731556 0.9985947448330197 0.0007974616855237985
-0.16985712394214042 1.0002899834150463 0.0007978011295035777
-0.1688567890023478 0.999774439691751 0.0007977395547584884
-0.16846823846978792 1.0013575424833923 0.0007986522891589923
-0.16746788676528013 0.9988568882743678 0.0007976869181223513
-0.16707935299698268 1.0007875867367437 0.0007982629225442174
-0.16607898429583656 0.9996191815716291 0.0007972766798102247
-0.16569046775746082 0.9995898198079549 0.000797885473025721
-0.16469008205922364 1.000497351312333 0.0007975647669125958
-0.1643015822846529 0.9994306481945755 0.0007982009695852969
-0.16330117959023482 1.00109645974097 0.0007977999670872919
-0.1629126968109368 1.000690799929871 0.0007983539647450983
-0.1619122773536219 1.0019521068348047 0.0007982003792633004
-0.16152381157050683 0.9991946059635749 0.000797809073555657
-0.16052337488463309 1.0001371466373992 0.0007976378981847373
-0.1601349260981543 0.9995683724189797 0.0007978003276053638
-0.15913447264802016 0.9993652057442356 0.0007975678018948624
-0.15874604085817973 1.0000215723553485 0.0007982044415580163
-0.1577455701776671 0.9999973786081077 0.0007975932753418891
-0.1573571553853718 1.0026432042534656 0.0007988464540866863
-0.15635666794105418 1.000647006872333 0.0007978409196167539
-0.15596827014539721 1.0006198750214679 0.0007978254192275792
-0.15496776570444126 0.9998255584512641 0.0007977781114670773
-0.15457938467304472 0.9990277024936487 0.0007981869154914894
-0.1535788632349977 0.9999822460530235 0.0007982546381627942
-0.15319049943307012 1.0019592461544475 0.0007989626018469223
-0.15218996099838478 1.0002766755043162 0.0007976229182610956
-0.15180161396071762 0.9995785118638214 0.0007973253851837237
-0.15080105852939596 1.0009548995258388 0.000797688319067779
-0.15041272848790968 0.9990324230351132 0.0007977346038941204
-0.14941215629278304 1.0008912711194318 0.0007979150333584728
-0.1490238432479351 0.9989239130616145 0.0007978401841882677
-0.14802325382379422 1.0003134938177016 0.0007977662499620197
-0.14763495777512717 0.999270197479902 0.0007982489737654854
-0.1466343515862718 0.9992877578593582 0.0007979698451542095
-0.146246072535608 1.000904218937541 0.00079831368320823
-0.14524544934920414 0.9981952959971937 0.0007971966464718788
-0.14485718729563074 1.000299378753333 0.0007979351565188055
-0.14385654688021532 1.0001504912950974 0.0007974316378509497
-0.14346830182327822 0.9995677383862615 0.0007983028610695442
-0.1424676446436024 1.0004210896570658 0.0007978593815050547
-0.14207941658330364 0.9991171874515838 0.0007978014201326965
-0.14107874240698948 0.9996308613715251 0.0007974029916560431
-0.1406905311104957 1.0000965338277772 0.0007978721512390712
-0.1396898399375459 0.9997298781890043 0.0007975164224744743
-0.13930164587052113 1.001189981464415 0.0007984421307678795
-0.138300937700933 1.000154780888528 0.0007978603066958284
-0.1379127603977132 0.9998490037165108 0.0007983077962259271
-0.13691203546477482 1.0000670836497365 0.0007975872806465934
-0.13652387515682776 1.0002294129305231 0.0007982659872061474
-0.1355231332281619 0.9999083706126324 0.000797723708450124
-0.13513498991639777 1.0003949454608205 0.0007987348827817008
-0.13413423075826358 0.998374441659286 0.0007973410484997262
-0.13374610444313711 0.9998721261605922 0.0007978039264828807
-0.13274532852119592 0.9992048851247864 0.0007976323532859346
-0.13235721920315982 0.9984860806656168 0.0007977186587839319
-0.131356426284583 0.9997457251682277 0.0007978427658095436
-0.1309683337303546 1.0007007352715098 0.0007981164467916097
-0.12996752404842482 1.0011747408903366 0.0007977680716203501
-0.1295794484903773 0.9998942945261964 0.0007980213498690301
-0.12857862157898126 1.0000090557206835 0.0007975971676595192
-0.12819056325085815 1.0009536073935676 0.0007984555415782715
-0.12718971934236833 0.9998742922085357 0.0007980600426211969
-0.12680167777805024 0.9991360150631304 0.0007980158348515138
-0.1258008171057554 1.0002042306242749 0.0007974459906290435
-0.12541279253852836 1.0004390205884448 0.000798186994266813
-0.12441191486959724 1.0001323806218123 0.0007975419774140906
-0.12402390729855378 0.9991362651380021 0.0007976673295252771
-0.12302301263252957 0.9996687502829921 0.0007976231650567891
-0.1226350220585765 1.0014637390614314 0.0007983263381539918
-0.12163411016217651 0.9997995818385876 0.0007977805699358698
-0.12124613658577127 0.9993477391986397 0.000798030139199319
-0.12024520792556359 1.00124278428482 0.0007979499603721013
-0.1198572513462494 0.9991851472190368 0.0007980449960249451
-0.11885630568804118 0.9988327570822304 0.0007971205392510593
-0.11846836610627481 0.9986851914255825 0.0007978027234261813
-0.11746740345142825 1.0000471812138672 0.0007976011812148437
-0.11707948063392232 1.0009694685038553 0.0007977185449737985
-0.11607850121527008 0.999452774530716 0.0007974100060652013
-0.11569059539394504 1.0001158833052977 0.0007981144710852396
-0.11468959897865716 0.9986331640855265 0.0007972633974722721
-0.11430171015397045 1.000636899846616 0.0007980772502933743
-0.11330069674249899 0.999700671990179 0.0007974690759580299
-0.11291282491399317 0.9997960617526586 0.0007979439614623217
-0.11191179450588606 0.9990065907197168 0.0007972551515211384
-0.11152393967401858 1.0008492868392092 0.0007977748866139854
-0.11052289226836365 0.9984260635959088 0.0007974835209467602
-0.1101350542003025 0.997966963985904 0.000797618961587936
-0.10913399003129598 0.997897666243662 0.0007970499036078125
-0.10874616896032523 0.9987904911639656 0.0007976430115622751
-0.10774508756230716 1.0007508987977363 0.0007980364925686337
-0.10735728372080605 0.9998245937084741 0.0007981790591518798
-0.10635618532569424 1.0001059085605053 0.0007977025979404996
-0.10596839848082877 1.000228114507765 0.0007980008478996285
-0.10496728308908132 1.0003467199265965 0.0007975143891955475
-0.10457951324130692 1.0025236955593013 0.0007986195839114912
-0.1035783808524684 0.9994545999231708 0.0007976816689240723
-0.10319062800133233 1.0013635933168215 0.0007982848457984564
-0.10218947861631023 1.0007029917276833 0.0007975669431659318
-0.1018017425285244 0.999060048127206 0.0007976742924563219
-0.1008005763796973 1.000316567937363 0.000797624667312307
-0.10041285728854982 1.0004781879644626 0.0007983278864405241
-0.09941167437546028 1.0000951745187223 0.0007976527189316683
-0.09902397204902795 0.9987423614535744 0.0007974272013838947
-0.09802277213839261 0.9994064513773595 0.0007972814121211194
-0.09763508680905336 0.9998728274995501 0.0007982251059519273
-0.09663386990177969 0.9993567013388333 0.0007973362853009722
-0.09624620156953151 1.0003065041173653 0.0007979263246968736
-0.09524496766562152 0.9993049255884393 0.0007975497035787201
-0.09485731632955423 0.9990201817557395 0.0007975506744217514
-0.0938560654290086 0.9989146868251845 0.0007971821196743267
-0.09346843108957964 0.9996553180201383 0.0007980668895851881
-0.09246716319239567 1.0003170332925035 0.000797978635436843
-0.09207954584960236 0.9997550176205702 0.000797668486090891
-0.09107826095578275 0.9996633401784388 0.0007974322587805806
-0.09069066060962777 1.0001677230573467 0.0007981145851277029
-0.08968935871962458 1.0004527485959636 0.0007977636703157186
-0.0893017753701059 1.0007222451195696 0.0007979368933525908
-0.08830045648301166 0.9994353298742013 0.0007975778457213966
-0.08791289013013132 0.9995964366094601 0.0007981753155321652
-0.08691155424594399 1.0008209384968292 0.000797845897679363
-0.08652400488879047 0.9998333642965228 0.0007986434138649139
-0.08552265200887632 0.9992200092001758 0.0007975688436858625
-0.08513511964790504 0.9991829308128117 0.0007975995066895582
-0.08413375000509404 1.0005197074225114 0.0007980995292326731
-0.08374623440792776 0.998578376520789 0.0007978429921287597
-0.08274484776893587 1.0013578537753838 0.0007978244532479001
-0.08235734916795318 0.9994858330183986 0.0007977132468182253
-0.08135594553232295 1.0006000155594494 0.0007981995608851075
-0.08096846392843131 0.9998095803354601 0.0007983987467126767
-0.07996704329571003 1.000274119933597 0.000797966492068402
-0.07957957868845672 1.0000977554850152 0.0007976600978013817
-0.0785781410590971 0.9988600831504747 0.0007973344102846213
-0.07819069344893487 0.9989850993884776 0.0007979129538963555
-0.07718923905576958 0.9983972151717391 0.0007975771539930896
-0.07680180820895759 1.0014284828170485 0.0007985514401121465
-0.07580033681870191 0.9992560364984938 0.0007979777461546907
-0.075412922968983 0.9997486135366844 0.0007983280078597764
-0.07441143458117949 1.0008810986267618 0.0007978446918228533
-0.07402403772900572 0.9990162967993192 0.0007979591558652622
-0.07302253234456657 0.9993985434681845 0.000797681208034008
-0.07263515248948654 0.9982352942427358 0.0007976768905758126
-0.0716336303407843 0.9983076564274886 0.0007976133756709942
-0.07124626724950926 0.9989912922412079 0.0007977360311132356
-0.07024472810326188 0.9996325635980027 0.0007976744169891764
-0.06985738224281805 0.9994064511941374 0.000798081705174824
-0.06885582586664896 1.0018075411676284 0.0007980786177015464
-0.06846849700284346 0.9988270306443119 0.0007979472443382649
-0.06746692386332143 0.9999778773526616 0.0007978186673198845
-0.06707961176286618 0.9996339222695545 0.0007977976532243826
-0.0660780216267085 1.0010493398035434 0.0007978928580885476
-0.0656907265228916 0.9989279348150294 0.0007983492691151147
-0.06468911939055033 0.9981150228070559 0.0007973203513097537
-0.06430184128336973 0.9977465499044683 0.0007974361460569695
-0.06330021738585856 0.9992799646191957 0.0007974729718238175
-0.06291295604339514 0.9988860661335935 0.0007975706450957236
-0.06191131514879089 0.9987030599053836 0.0007974536632540286
-0.06152407103579308 0.9983516282942563 0.0007974368220972242
-0.06052241291263272 0.9993718303072987 0.0007975343122426705
-0.060135185794907654 0.998995134937442 0.0007978917847069797
-0.05913351090885044 0.998814705171964 0.0007974464064462509
-0.05874630055538849 0.9980935694700909 0.0007977893273311971
-0.05774460867223752 0.9973538854311221 0.0007969718771946218
-0.05735741531541121 0.9987242665004288 0.0007977626939603613
-0.0563557064356246 0.9993272578873293 0.000797606599232236
-0.055968530075889346 0.9983017917843334 0.0007976726890917621
-0.05496680443229707 0.9991794398006891 0.0007974891365282573
-0.05457964506874541 0.9990094806387295 0.0007977715181961308
-0.053577902195684146 0.9993383346656246 0.0007972406462451382
-0.05319075982876812 0.9991398131694548 0.0007979015388633479
-0.05218900019144712 0.9992275746225956 0.0007975267968119017
-0.05180187458879354 0.997375208357392 0.0007971471486285532
-0.05080009795437945 0.9982116283424829 0.0007970487170504058
-0.05041298958210232 0.9987642441911745 0.0007980400170838506
-0.049411195950597175 0.9992570016929628 0.0007977266126578945
-0.049024104342127735 0.9975430878411675 0.0007971926902512028
-0.048022293713984254 0.9989668483549926 0.0007976423138941414
-0.047635219102605875 0.9976761596783285 0.0007975410507641697
-0.046633391710656724 0.9989854344047866 0.0007973307527304987
-0.04624633386262859 0.9980014088024114 0.0007975464808861058
-0.0452444894740438 0.9992452570492567 0.0007975314916928781
-0.04485744885548465 0.9983569307997444 0.0007981564799356468
-0.043855587470261526 0.9980172649205706 0.0007971205536293585
-0.04346856361550736 0.9983356074655532 0.0007977610176998299
-0.042466685233648604 0.9978490691226972 0.0007970563856152876
-0.0420796783759882 0.999613346947403 0.0007973996552776853
-0.041077783230321074 1.0005495617934563 0.000797760698729058
-0.040690793368841564 0.9971322039103677 0.0007970065178105427
-0.039688880993253406 0.9990699047048784 0.000797175210934288
-0.0393019081293197 0.9994612375314645 0.0007976668579921567
-0.038299978988561634 0.9981834190984448 0.0007971778370137882
-0.03791302312126491 0.99714193215933 0.0007977855334258015
-0.03691107675240346 0.9987042600211843 0.0007974495018167468
-0.03652413788037948 0.9997118991289011 0.000797948494832584
-0.03552217474862118 0.9990498185427964 0.0007971717434682085
-0.035135252639494054 0.9986709827581758 0.000797600455717892
-0.03413327274529365 0.9978704977110487 0.0007970715016821936
-0.033746367632805536 0.9970821852402886 0.0007974861226514791
-0.03274437050868073 0.999556776226833 0.0007976232027335535
-0.032357482392828256 0.9982147761965555 0.000797843802153955
-0.031355468504898454 0.9984320888351766 0.0007974640214618454
-0.030968597386137036 0.9987689816781166 0.0007974826089230643
-0.029966566268285533 0.9985916998164097 0.0007973680270508432
-0.029579712146162448 0.9979891835756526 0.0007976905555877993
-0.028577664264503255 0.998727419518862 0.0007972606285947554
-0.02819082713901581 0.9966933824052326 0.0007971150302701122
-0.027188762259811483 0.9992193071674595 0.0007976104348230497
-0.026801941899041223 0.9980555865907308 0.0007975011107857592
-0.025799860023198562 0.9983930520825098 0.000797109833029729
-0.025413056659063942 0.9993316268221398 0.0007980506618095022
-0.024410958019871032 0.997418203926893 0.0007970816218706741
-0.024024171652375418 0.9987631353710331 0.0007976159654102624
-0.023022056015634007 0.9992232914287021 0.0007975489592043445
-0.022635286412398137 0.9988423433042528 0.0007975114073716944
-0.02163315377811159 0.9980659493806394 0.0007969929076128419
-0.02124640140570692 0.9981120571096224 0.0007977726049810533
-0.02024425177478406 0.9995805872348157 0.0007977011252579612
-0.019857516165732333 0.9984683663005967 0.0007977850773633072
-0.018855349771001784 1.0004961503007712 0.0007982409605117836
-0.018468631158585696 0.9985780256287088 0.0007979293039501094
-0.017466447767219506 0.9984557717042518 0.0007969802467867354
-0.01707974615144175 0.9994810350129204 0.000797776327128172
-0.016077545530151838 0.999697178426245 0.0007979394116925354
-0.01569086091191989 0.9992736065307415 0.0007976686258355409
-0.014688643525914813 0.9991457030061037 0.0007971014588155816
-0.014301975904775948 0.9973372845908984 0.0007974703717222891
-0.013299741522132535 0.9987158895164376 0.0007972469258665747
-0.012913090665254088 0.9977132016288679 0.000797658303817954
-0.011910839518805005 0.9986416498260685 0.0007973395040742272
-0.01152420565810745 0.9989386120277504 0.0007976289333025198
-0.010521937282192084 0.9986489157353866 0.0007975972079328717
-0.01013532041722202 0.9992354541071283 0.0007975888546161937
-0.009133035278409807 0.9982435290739278 0.0007974590876710085
-0.008746435410078078 0.9984586736741078 0.0007975920736600679
-0.007744133274627529 0.9976868676716368 0.0007974553719148316
-0.007357550402931439 0.9997524456206162 0.0007974202967643627
-0.006355231271299999 0.9990774681356943 0.0007973632748492671
-0.005968665162956852 0.9980197912225165 0.0007971091390597779
-0.004966329267062974 0.9993717923152166 0.0007973234268244325
-0.004579780155810214 0.9974644520534867 0.0007973937368741281
-0.0035774272623712022 0.998623222258249 0.0007973560759456748
-0.0031908951491216916 0.9984246265591172 0.0007977372888642709
-0.0021885250262130285 0.9982740186890967 0.0007975400034482561
-0.0018020099091444097 0.9970803891465466 0.000797477575805634
-0.000799623022430751 0.9981718947430976 0.0007971469203179304
-0.0004131249024531927 0.998679706606063 0.0007977387808725502
0.0005892789808967791 0.9981813648850887 0.0007971096321680673
0.0009757601046907506 0.9985580269789692 0.0007976097769741605
0.0019781809846790566 0.9989606746720487 0.0007970568670082413
0.0023646453446680323 0.9979157363005479 0.0007974372412433299
0.003367082988461334 0.9979267113867727 0.0007971664936536959
0.0037535303518119755 0.9973908429745763 0.0007972677310982114
0.0047559849922436115 0.9977420679022605 0.0007972400462559507
0.005142415358503192 0.9984451868116089 0.0007979254934789073
0.006144886995571142 0.9978445431368812 0.0007971465521499599
0.006531300365647136 0.9998499476860329 0.0007979810326190332
0.007533788999808166 0.9998459726824035 0.0007975733994097594
0.007920185605168996 0.9999662882135041 0.0007981692620948144
0.008922691004499939 0.9998583633052408 0.0007975916773430866
0.009309070612315635 0.9999138582019251 0.000797874685553363
0.010311593007827469 0.9983967867153583 0.0007972335611338927
0.01069795562037042 0.9989285970186474 0.0007978797093595826
0.011700495011609746 0.9984841290723233 0.0007971571729930692
0.012086840627969785 0.9980020922322238 0.0007974403933088036
0.013089397015392024 0.9995579505485079 0.0007977215109106151
0.013475725867491645 0.9996317758298119 0.0007980347861195784
0.014478299018719554 0.9984846593668177 0.0007971521847960805
0.01486461087554643 0.9976430523283869 0.0007973984685148919
0.01586720102250183 0.9991267592559582 0.0007972892751334747
0.016253495883145796 0.9989799520128111 0.0007978931701950969
0.01725610302628411 0.9985410765360839 0.0007973525877364427
0.017642380889837012 0.9978011151440203 0.0007977471115469849
0.018645005030066386 0.9980335632929835 0.0007972520528736445
0.019031265896980957 0.9979766314343159 0.0007978185394445994
0.020033907033848664 0.9982910093844058 0.0007971594891721577
0.020420151136958237 0.9977154944423018 0.000797441141342584
0.021422809038540436 0.9988710868680218 0.0007973976464291737
0.021809036144102182 0.9986113992812978 0.0007974315565601453
0.022811711042322713 0.9988749568982891 0.0007974621811234465
0.0231979211507934 0.9984680230524792 0.0007978943701923512
0.024200613045650243 0.9981233986038701 0.0007967433179786429
0.024586806157937343 0.9993948032629927 0.0007979272713402575
0.02558951504943252 0.999229816466225 0.0007975637293935478
0.02597569116462856 0.9980528403224156 0.000797021541164154
0.026978417053669546 0.998956336527198 0.000797346126674809
0.027364576171775196 0.9986026205038744 0.0007978268577099584
0.028367318825075927 0.9987440461265628 0.0007976131443795841
0.02875346117891914 0.9976828876738739 0.0007980707306485235
0.029756220828858204 0.9983235787367154 0.0007977911978844439
0.030142346186065778 0.9968027230499159 0.0007968977447588154
0.03114512283309523 0.9981389334048463 0.0007971909716223492
0.0315312311927543 0.999458928341787 0.0007977425830451531
0.032534024837332254 0.9979803844533629 0.0007971820190072603
0.032920116199900935 0.998386148765642 0.0007981976047710063
0.03392292684111453 0.998831440664375 0.0007975126915032836
0.0343090014394228 0.9988498777589537 0.0007979626726369108
0.03531182884444206 0.9991754010289835 0.0007974267604318093
0.03569788644656674 1.000707569466669 0.000798059012047357
0.036700730615393695 0.9993681442496822 0.000797228765053786
0.037086771453713384 0.9993419881940808 0.0007976913250724503
0.03808963261917597 0.9975090227833672 0.0007972035206455493
0.03847565646085732 0.9996024970232995 0.000797696639718924
0.03947853462295825 0.9992837124453176 0.0007976479456426004
0.03986454146754854 0.9991261521173205 0.0007978820251614688
0.04086743662628578 0.9988059855667919 0.0007974115479110807
0.0412534264751479 0.9988797302468735 0.000796987857588981
0.042256338397237414 0.9983122306905418 0.0007975074449099105
0.04264231148320269 0.9982840688881549 0.0007975451417604185
0.04364524040147444 0.9987421681643918 0.0007968365785387265
0.044031196489893905 0.9992191576607093 0.0007980935816222005
0.04503414240616621 0.9982121274719743 0.0007974744700053742
0.045420081264207206 0.9989444258554411 0.0007975042632051367
0.04642304440949374 0.999266302150214 0.0007974815766170725
0.04680896627135384 0.997298119257747 0.000797310764471809
0.047811946180445375 0.9987861905763242 0.0007974123442264388
0.048197851278045066 0.9965922545492844 0.0007972435604333329
0.049200848183772905 0.9989423514308147 0.0007974640207158704
0.049586736285189004 0.9997646408959312 0.0007976693748967022
0.05058975018755518 0.997817922183763 0.0007969085919439328
0.05097562129233565 0.9981858505922451 0.0007979592919261552
0.051978651958506816 0.9993167579034983 0.0007976293994354223
0.052364506299479585 0.9985467249356657 0.0007973049570789449
0.053367553962289094 0.999398442090691 0.0007974884826049937
0.0537533913061708 0.9980923008964679 0.0007979103827374999
0.05475645596607137 0.9987668125413286 0.0007978109540874455
0.055142276313314746 1.0001659052279994 0.0007983303816296446
0.0561453577379325 1.0003218372063127 0.0007975712383392104
0.05653116132000596 0.9992266514791144 0.0007976713876190541
0.05753425974171478 0.9991531956595971 0.0007975216142153095
0.057920046327152606 0.9991968638699729 0.000797716803165669
0.058923161512211664 0.9972342372299755 0.0007972645005467279
0.0593089311014659 0.9990866183141561 0.0007975812702467087
0.06031206351599394 0.9998799715773931 0.0007975158699413573
0.060697816109065265 0.9998983612615113 0.0007986288021218992
0.06170096551932147 0.9978419068413407 0.0007971072989331131
0.06208670111666733 1.0002668127689427 0.0007978421089170487
0.0630898672902731 0.9970628681108735 0.0007972347913870447
0.06347558612381127 0.997479631745513 0.0007977266551109378
0.06447876929405538 0.9995992143494719 0.0007974527044710107
0.0648644711309579 1.0001133131828355 0.0007983512393386554
0.06586767106500702 0.9988485368296465 0.0007976745744392778
0.06625335613810185 1.0001183327293464 0.0007980110676989473
0.0672565730687893 1.0001455781675395 0.0007976222736280405
0.06764224091332599 0.9997730884976335 0.000798239123097049
0.06864547484065042 1.0003393374938185 0.000798144207820513
0.06903112592047263 1.0000954731241691 0.0007979276436887901
0.0700343768444327 1.000802647071986 0.0007977132342066828
0.07042001092716116 0.9986897770078736 0.0007984252353521995
0.07142327861492959 0.998898753681073 0.000797394791435355
0.0718088959343078 0.9993985438581786 0.0007980488592479104
0.07281218061871186 0.99875575343195 0.0007975981589297896
0.07319778070816836 0.9996573369147913 0.0007980086603445144
0.0742010823896635 0.9997155029439558 0.0007976721794589115
0.0745866657153123 0.9999758498177999 0.0007976816379574325
0.07558998439390052 0.999144463232119 0.0007971874407580663
0.07597555072245894 0.9982851961872329 0.0007976509252671123
0.0769788861653069 1.0013617604558764 0.0007979208824693676
0.07736443549677224 0.9998132872791528 0.0007983106747609345
0.07836778816954393 0.9999633592096667 0.0007979630174041125
0.07875332050346347 0.9982920100328727 0.0007973300300175324
0.07975668994140506 0.9995304308176449 0.0007974259105978723
0.08014220551060741 1.0000920027116331 0.0007980871554380926
0.08114559171190194 0.9996265350704776 0.0007978236784306521
0.0815310902849234 1.0011228613976813 0.0007970346253682325
0.08253449371568422 0.9989466958718229 0.0007977468810244556
0.08291997529161461 0.9998513033252673 0.0007980630976439539
0.08392339548618111 0.9999458335760248 0.0007977420015710696
0.08430886029875856 0.9998636533498051 0.0007977382244977253
0.08531229748996338 0.9993985650937305 0.0007974818012666326
0.08569774507307455 0.9987694592674496 0.0007976234653888633
0.08670119926091502 0.9998477563245277 0.000797616044827741
0.0870866300802185 1.0012883735823066 0.0007985659777193959
0.08809010103186665 0.9997332362319674 0.0007973248890685636
0.08847551508690972 0.9999266896553229 0.0007974158305172394
0.08947900303519418 1.0005545223326064 0.0007977937618657981
0.08986439986122302 1.001173732408043 0.0007979671568808011
0.09086790480660056 1.0019444673040205 0.0007982009577496414
0.09125328486791423 1.0004553169076944 0.0007981117549211305
0.09225680657846169 1.0002684022574024 0.0007979174242279823
0.09264216964313837 1.0001523185986214 0.0007984418504261128
0.09364570858178922 1.000288420182638 0.0007977880842280806
0.09403105465073774 1.000972445178224 0.0007984123607202701
0.09503461035274086 1.000434038820897 0.0007983363828446753
0.09541993965742895 1.0003926579384046 0.0007982033683388245
0.09642351212323774 1.0000609288603761 0.0007977524905428346
0.09680882443174495 1.0015767147905212 0.0007983177597691071
0.09781241389418938 0.9987441438456588 0.000797488273987965
0.09819770943888889 1.0005254778402355 0.0007986526891943571
0.09920131589797165 1.0001918881805951 0.000797999334043398
0.09958659421320488 1.0016814074863094 0.000798348764044967
0.10059021766892329 1.0001323032167353 0.0007977340117771772
0.10097547921989342 1.0004579174185404 0.00079751790868223
0.10197911943942017 0.9994345241699648 0.0007976830485158796
0.10236436399420941 0.9993265672536745 0.0007979726244346828
0.10336802121082656 1.0012084888674222 0.0007981303370797993
0.10375324900090062 0.9990899588133921 0.0007976929677692747
0.10475692321551833 1.0001819895726538 0.0007976671798494723
0.10514213377521392 0.9999438307803075 0.0007980820882932758
0.10614582498646996 0.9980475999167994 0.000797117556673577
0.10653101878236056 1.0001301604325137 0.0007974542463205229
0.10753472675696685 0.9991090116040363 0.0007980875950754593
0.10791990355667386 1.0005585957474628 0.0007981470258093351
0.10892362852791848 0.9998058943903991 0.0007975713706862294
0.1093087885638205 0.9994078640965207 0.0007978162628313217
0.11031253029841537 1.0011891771465387 0.0007977067793911033
0.11069767333904464 0.9990348827260531 0.0007977388097541745
0.111701432069367 1.0003547713333638 0.0007981022251142076
0.11208655811335794 1.0018820573208869 0.0007984224554692894
0.11309033407314928 0.9987181345792758 0.0007976450594622144
0.11347544312004916 1.000464121972005 0.0007979706810163292
0.11447923584455566 0.9996818330971983 0.0007976083516613306
0.11486432789436246 1.00076679977111 0.0007980972981211837
0.11586813761596204 0.9995592082036996 0.0007976558402820493
0.1162532129015091 1.0004946665677694 0.0007981700750339516
0.11725703938691368 0.9991705431238879 0.0007979289197603946
0.11764209767627781 1.0009864069411243 0.0007981109568615766
0.11864594115786531 0.9993290921815081 0.0007974140314319463
0.11903098245104654 0.99885995437127 0.0007977154638926174
0.1200348429283622 0.999259436597429 0.0007973256533346387
0.12041986745819318 0.9992172281568032 0.0007980842786201365
0.12142374469931383 1.0012494625583082 0.0007976620786467564
0.12180875223205374 1.000547867868956 0.0007982512348148753
0.12281264646981072 0.9997878839553637 0.0007976801258095414
0.12319763700636704 1.000668614856267 0.0007981653755825347
0.12420154824167184 0.9990101478170521 0.0007976767389138701
0.12458652201351368 0.9995762350216066 0.0007981350028240568
0.12559045001307823 0.9998578353798048 0.0007977564208314068
0.12597540678782698 1.0018649021716068 0.0007986076214764136
0.1269793517844846 1.0003452219412436 0.0007978408735799813
0.12736429156168755 0.9992340218276363 0.0007977399824864145
0.128368253555891 1.0005744944484602 0.0007976181617948739
0.1287531765688315 1.0009329672506682 0.0007982063931455694
0.12975715532684262 1.000913158974745 0.0007980006212278419
0.13014206134269207 0.9988618442045479 0.0007973939409824471
0.13114605709779426 0.9986456371713759 0.0007974492927422394
0.13153094611700808 1.000450561431727 0.0007983752036242661
0.13253495886829114 0.9984942425871 0.0007975160143500374
0.13291983089132137 1.0015609776564214 0.0007987659955399915
0.13392386063924278 1.0014014853289712 0.0007983266947124107
0.13430871589846802 1.0009540279850593 0.0007978605780519807
0.1353127624101944 1.0002517924872414 0.0007978053136772237
0.1356976006723259 1.000609671354362 0.000798017917752414
0.13670166418114604 1.0000769794503 0.0007981033355651615
0.13708648544664187 0.9995704923027119 0.00079753680462528
0.13809056595209768 1.0005421914951247 0.0007977705138785233
0.13847537022050246 0.9992023748537826 0.0007975831849866673
0.1394794677239588 0.9998415136140997 0.0007976899834697508
0.1398642552276464 1.0001141839329142 0.0007974332776192519
0.14086836949491044 1.000172666376387 0.0007974094509936121
0.1412531400019624 0.9992934475243548 0.0007975719112018007
0.14225727126540733 1.0001458545144117 0.0007977394513649373
0.1426420247762757 0.997826663205442 0.0007973546388269011
0.14364617303635896 0.9989146134368676 0.0007971466803873204
0.1440309095505917 1.0009902086386764 0.0007980523574791741
0.1450350745740252 1.0004599642252696 0.0007978304567955662
0.14541979432581584 0.9993707543498639 0.0007975728026199896
0.14642397634497684 1.0006746923518461 0.0007977676675750148
0.14680867910012912 0.9992252917223612 0.0007980994976649994
0.14781287811592847 0.9995459955917483 0.0007978345711979008
0.14819756410682033 0.9989823371098755 0.0007970642242076955
0.1492017798868801 1.0004706861436197 0.0007976663313040306
0.14958644888113365 0.999968892824099 0.0007978833374121774
0.15059068165783174 1.0003366293617781 0.0007975090306039583
0.15097533365544963 0.9991193495319466 0.0007977983355606337
0.15197958342969287 0.9993476550914421 0.0007974122785563403
0.15236421842931022 1.000107026721402 0.0007979235874685117
0.15336848496781386 0.9992988599801693 0.0007975912598968702
0.1537531032036235 1.0002675656873763 0.000798005339793972
0.15475738673831074 1.0002847930067231 0.0007975338770739842
0.15514198797793952 0.9997277276575783 0.0007981531579189418
0.15614628850926238 0.9987630589009414 0.0007974360568077161
0.1565308727522528 0.9994254829107833 0.0007975778249498691
0.15753519027975926 1.0011541827805606 0.0007982519298690373
0.1579197575265688 0.9996420378540053 0.0007976283315075694
0.15892409181788025 0.9992947530628821 0.0007976085962501203
0.15930864230179295 1.000686961263084 0.0007980198857795801
0.1603129935888319 1.0012821569979795 0.0007979526577604221
0.16069752707610624 1.0000997545347197 0.0007979155836709931
0.16170189535978352 1.0009236047443566 0.0007976692269274276
0.1620864118499668 1.0006321349822713 0.0007979937506689022
0.1630907968979045 0.9989766601538179 0.0007974309683141786
0.16347529662428012 0.9995282832226622 0.0007974835952200181
0.16447969866976564 1.0010312032523774 0.000797829424266647
0.16486418139814069 0.9988024154060257 0.0007974225521590191
0.16586860044071727 1.00070637457776 0.0007978370264978645
0.1662530661724567 1.0017352652619917 0.0007979806454794969
0.1672575022116689 1.0003628387791124 0.0007976514978881472
0.16764195094676998 0.9992784232645541 0.0007978538901225864
0.16864640374933515 0.9991949038180254 0.000797660628619075
0.169030835721086 1.0001934294760064 0.0007976587518532522
0.17003530552028678 0.9998926380569133 0.0007977644229666441
0.17041972049539927 0.9999468456276656 0.0007978152340684368
0.17142420705795303 0.9999161123808117 0.0007975765832000743
0.17180860527062342 1.00048029646329 0.0007979096550806964
0.17281310882981415 0.998478227427487 0.0007977295206243617
0.17319749004493942 1.0007306947201318 0.0007981248433895726
0.17420201060167528 1.0002132934740657 0.0007983054836091413
0.1745863748187973 0.9985644709846155 0.0007972878067705841
0.17559091214070577 0.9991097684885689 0.0007974464263255078
0.17597525959311328 0.9998637764876073 0.0007976121334106697
0.17697981391120265 0.9988014471526193 0.0007974137761702706
0.17736414436697387 0.9997326176759321 0.0007975170158093151
0.17836871544932364 1.0015234367971533 0.000797821801707691
0.17875302914128716 0.9994643402822305 0.000797410290069957
0.17975761721982053 1.0000509996527733 0.0007977217176763486
0.18014191391560316 0.9995931740480917 0.0007973196195137491
0.18114651899077217 0.9994204154372539 0.0007980201052220343
0.18153079868991645 1.0010982603984344 0.00079774177160948
0.18253542052889316 1.0005544420243462 0.0007979406916126553
0.18291968323094637 1.0012714358143018 0.0007977784193070591
0.1839243222998448 0.9996120217954144 0.00079755064126178
0.1843085680052597 1.000036708256247 0.000797432198908424
0.18531322383751103 1.000656440853714 0.0007976142774686656
0.18569745277912025 0.9991664332663921 0.0007968330182119255
0.1867021256089174 1.0009473050541524 0.0007980833878567467
0.18708633755343626 0.9989870582055973 0.0007972468078113377
0.1880910271479479 1.000194227279281 0.0007976405449035894
0.18847522232774955 0.9997211089423558 0.0007973551857438281
0.18947992891844478 0.9994225611759257 0.0007975705144548273
0.18986410710206555 1.0008632556764752 0.00079785265541552
0.19086883045656577 1.0001178504881263 0.0007975260785166663
0.1912529916435482 1.000239919249831 0.0007975419737267564
0.19225773199468676 0.9993436025347416 0.0007974289112332503
0.19264187641740876 0.9991997360779762 0.0007976455306632066
0.19364663376518365 1.0005172836613911 0.0007976491101285118
0.19403076119172208 0.9995355945087522 0.0007973736400697436
0.19503553530330464 1.0002920730585423 0.0007980153196810231
0.19541964596558264 1.000974722994166 0.0007983980260950557
0.19642443707425628 0.9996173010662661 0.0007976741718825261
0.19680853050797614 1.000866484820068 0.0007982949178259229
0.19781333861237727 0.9996756405324929 0.0007977311309584667
0.19819741528274487 1.0002088197500576 0.0007977756739159817
0.19920224015049826 1.000684098691335 0.0007980125232563467
0.19958630005660544 1.0001071501957308 0.0007977844418489392
0.20059114192235938 1.0005115520438965 0.0007977751984364357
0.20097518483092144 1.0013910815119416 0.0007980294909973331
0.20198004346048037 0.9992515488268168 0.0007976825318291343
0.2023640693724041 1.0001842686756481 0.0007979868635080143
0.20336894523097726 1.0004519874997393 0.0007977190133701549
0.2037529541467201 1.0007711653297418 0.0007982577544875386
0.20475784676909825 1.000346162806147 0.0007975412568085636
0.20514183892057797 0.9999877235154512 0.000797503876050444
0.2061467483067645 1.000804812478335 0.0007981584961003714
0.20653072346251874 1.0005246675387287 0.0007980284508407255
0.20753565007771613 0.9992398781898544 0.000797319928179124
0.2079196082377429 1.001028269607118 0.0007982017599626357
0.20892455161583712 0.9997638320314306 0.0007979210032146012
0.20930849301160076 1.000059001396009 0.0007976878624935516
0.21031345315441285 0.9986462793952547 0.0007972450769896571
0.2106973775530861 0.9988663026184107 0.0007981348466939806
0.2117023546929886 1.0005942167824835 0.0007975519900587545
0.2120862623269467 0.9996089640389956 0.0007979407276745048
0.21309125646394023 0.9991734870517539 0.0007973529888425221
0.21347514686842933 1.0001269552448788 0.0007975367574734916
0.21448015800206122 0.9996712451254255 0.0007976353098806628
0.21486403164274534 0.999969364191341 0.0007979953084783051
0.21586905953972746 0.9998816773363602 0.0007978002457325197
0.21625291641705863 1.0004422078348214 0.000797748345945108
0.21725796107784845 0.9995244466702866 0.0007976684882967231
0.21764180095808855 1.0001533043890831 0.0007976380341141009
0.21864686284834534 0.9994574746128385 0.0007972152578428461
0.21903068573240186 0.9991768920351652 0.0007972225630045068
0.22003576438646633 1.0001912469887535 0.0007976054389407347
0.2204195702734318 1.0007134543883047 0.0007982876171679992
0.2214246659254968 1.000173372302184 0.000797593404495365
0.22180845504865593 1.0001505760338034 0.0007980390545261689
0.2228135674645273 1.0008750912149136 0.000797731712132227
0.223197339590594 0.9995404667353414 0.000797903849933061
0.22420246900355778 0.998369934927278 0.0007976437303435958
0.22458622436491 1.0020651249959764 0.0007978892506194957
0.22559137077405467 1.0010239105088155 0.0007978965725309166
0.22597510890593994 0.9999340117820265 0.0007977749617311553
0.22698027231217566 1.0006783760109657 0.0007979703710928586
0.22736399368025323 0.998654054595704 0.0007976605718075792
0.2283691738498419 0.9984589144948067 0.0007972959767849979
0.2287528782217386 0.9998504332339381 0.0007979593422880448
0.2297580753879629 1.0005588484052803 0.000798195270513758
0.23014176299605188 1.0000662893499126 0.0007979222004351788
0.23114697692608388 1.0003227913960901 0.000797617302824532
0.2315306475370818 1.0005761635448418 0.0007979587637582519
0.23253587846420487 0.9993862470730265 0.000797683704991601
0.23291953231139512 0.9990786635894646 0.000797451141710482
0.23392478000232586 1.0000520699720334 0.0007974614285650028
0.23430841685242504 1.0002747059817347 0.0007980426643636592
0.23531368154135635 0.9996741195389107 0.0007971761066389595
0.23569730162674105 0.9990528716642596 0.00079838931938423
0.23670258307947734 1.0008347635281496 0.0007979515329091462
0.2370861861682237 1.000093778038769 0.0007977508971474604
0.23809148461714358 1.0007499190387692 0.0007983151001274172
0.2384750709425397 0.9986796922405896 0.0007977682625209543
0.23948038615526457 1.000155013488914 0.0007977292357659251
0.23986395548356693 1.0001421885627813 0.0007975069365922773
0.2408692876929308 1.0021796086665329 0.0007982905498525461
0.24125284002505226 1.0014026320739335 0.0007976304458969867
0.24225818946388245 0.9997250016621433 0.00079762593068484
0.24264172479891286 0.9996798554114958 0.0007980383200888166
0.24364709100200344 1.0002539133153525 0.000798234085709655
0.2440306093403955 1.0001563164266565 0.0007978660841323684
0.24503599254012443 1.0000791171668046 0.0007978408257553425
0.2454194941147115 0.9991716449055029 0.000797956420847493
0.24642489384541477 0.9992473106876759 0.000797386337524261
0.24680837865619415 1.0000881167314177 0.0007982801033143338
0.24781379538444526 1.0004828227927152 0.0007980978210357502
0.2481972631976795 0.9991249309775746 0.000797801767840039
0.24920269692256625 0.9998602311345693 0.0007979394324788288
0.24958614797290365 0.9986550825348526 0.0007976280633663953
0.2505915984602325 0.9993027426646777 0.0007971790325803217
0.2509750325143863 1.0002849744083442 0.0007981578496722437
0.2519804999983535 0.999530335679808 0.0007974298535365848
0.2523639170554162 0.9986044357112793 0.0007976435088211658
0.2533694015360197 0.9989118534572127 0.0007974335355508569
0.2537528015968989 1.00018916258742 0.0007981100079856062
0.2547583030741407 0.9992957835426878 0.0007975102665837613
0.2551416863716703 0.9996802226851959 0.0007976455083657478
0.2561472046122617 0.9999625856776068 0.0007976895834877369
0.2565305709140638 0.9998997271170664 0.0007980874246075497
0.2575361061503827 1.002223156911412 0.0007980153757840277
0.25791945545509104 1.0008365941906514 0.0007981626978967344
0.25892500768895843 0.9994825222885979 0.0007973927751262954
0.2593083399965764 1.0004777649708734 0.0007985309002871002
0.26031390922753417 1.0005240296425864 0.0007974812918632423
0.26069722477043694 0.9984794272879072 0.0007980158896971929
0.2617028105328245 1.0011171867673898 0.0007979199999964254
0.2620861093119196 0.9993397477460806 0.0007978625214485105
0.2630917120709455 1.0010450756336404 0.0007976573019752358
0.26347499385340495 1.000254205327557 0.0007984521585193482
0.26448061360861175 1.000836703421881 0.0007981125831624458
0.2648638783948876 1.0004886752477253 0.0007986183395939447
0.26586951514673274 1.0006636946966265 0.0007978687351674065
0.2662527631687482 0.9999000852315897 0.0007976803061962895
0.267258416684399 1.0002309214277332 0.0007976849434284206
0.26764164771023086 1.0001604790430585 0.0007977210424076602
0.2686473179896893 0.9988523288019893 0.0007969435401089725
0.2690305322512608 0.9995058647045758 0.0007979792721711694
0.2700362195287198 0.9996123770521496 0.000797606403906746
0.2704194167927461 0.9998048241927388 0.0007981514633416435
0.2714251210677503 1.0008253096221855 0.0007982119393448965
0.2718083013342288 0.9991577912240271 0.0007977562434768761
0.27281402260632603 0.9998204213033004 0.0007977382891892373
0.2731971858757141 1.0009503990418156 0.0007981078137526968
0.2742029239116164 1.0000092948198895 0.0007982108701525876
0.2745860704171968 0.9992637064191483 0.0007977582956046457
0.2755918254492826 1.0000660159291432 0.0007977507588517649
0.27597495519242093 0.9995484025604907 0.0007977526924917693
0.2769807269874036 1.0003254254511778 0.0007978141683118665
0.27736383973390627 1.0009602752431386 0.0007974966842451378
0.2783696285255246 0.9997824179655556 0.0007980342986917552
0.2787527242749335 1.000130659191117 0.0007975974171339382
0.27975852983081495 0.9986078231912218 0.0007975145467678643
0.28014160881641886 1.0017100305759832 0.0007981276129316674
0.2811474313684812 0.9991045904381531 0.0007972973828663211
0.2815304933574488 0.9997144825876103 0.0007974590808358507
0.28253633290705693 0.9990440485962916 0.0007974567127390161
0.28291937789893146 1.001048417779673 0.0007989305175816961
0.28392523421325677 1.0006627589863004 0.0007979463368274447
0.2843082624404168 0.9996912389407063 0.0007974594084449548
0.28531413575137776 1.0006193871760878 0.0007978706323217093
0.28569714698189946 1.001189915964383 0.0007982847044976952
0.286703037289044 1.0001363162116677 0.0007975499003239834
0.2870860315229294 0.9990754780858921 0.0007974359367661223
0.28809193859433435 1.0005583833526928 0.0007977830073815694
0.28847491606441206 1.0000356437475384 0.0007976023677961184
0.2894808401320006 1.0004211083729666 0.0007979255059779753
