-0.20571382210227496 1.0010108405913691 0.003205085999359785
-0.2054530186624955 1.0006404879726685 0.003173801374584121
-0.20526249822796672 1.000838807341156 0.0032199939439838854
-0.20522134224619853 0.9962584374406642 0.003145130233131015
-0.20493318557273463 0.9983650057594898 0.0032035185568181058
-0.20432494966571135 0.999352692009701 0.0032047725770731647
-0.20406415833266994 0.9911390798490298 0.003159148302271497
-0.2038736034392059 1.003210947514745 0.003225871603676552
-0.2038324907630266 1.002806442105233 0.0031491553239333743
-0.2035443005633156 1.0040141452763263 0.003205550157522336
-0.20293607722869234 1.0010687583797797 0.0032073779749429636
-0.2026752980028444 1.0047723008405802 0.003177938632853659
-0.20248470911656113 0.9994499985038433 0.0032204378722285785
-0.2024436392807655 1.0029898222618812 0.003147657367825219
-0.20215541555344183 1.0027508257244635 0.0032063669860747197
-0.20154720432601203 0.9957593811776745 0.003206233241506147
-0.20128643813868013 1.003696342982859 0.0031721763306480047
-0.2010958147934616 1.0009740048994098 0.0032203669358268397
-0.20105478779850441 0.9975918233492358 0.00314544069068367
-0.20076653054356805 1.0022464995128015 0.0032042191350184343
-0.20015833188944843 0.9966877317060893 0.003200232998150049
-0.19989757780931003 0.9967794775310805 0.003164853442194137
-0.1997069200047008 1.0038250392910821 0.00322373615685236
-0.19966593631624333 1.0037321331926476 0.0031464793498627076
-0.19937764553369428 0.997481565322715 0.0032035336900147556
-0.1987694594524294 1.0039308366954203 0.003207159354178699
-0.19850871794514577 1.0073094394940245 0.0031724951245373496
-0.19831802568160128 0.9990730560032142 0.003219158350871253
-0.19827708483398224 0.9991913116274925 0.0031478112343023257
-0.1979887609894818 0.9981546598592637 0.003202924447077268
-0.1973805870154104 0.994693536142903 0.003202304561264675
-0.19711985761577563 0.9983259664175431 0.003166478428395867
-0.19692913089284048 1.0002465490877088 0.0032227472258905872
-0.19688823335172115 1.0012804782103704 0.0031468810554707927
-0.19659987598006276 1.0012224073367324 0.003204673001344338
-0.19599171457839137 1.0047901633769543 0.0032060832616179003
-0.19573099775161137 1.007843376075659 0.003174212248724869
-0.1955402365701957 0.9941590286476086 0.0032168271553037644
-0.19549938186991547 0.9997859334320874 0.003146372129325035
-0.19521099097018899 1.0028673806076491 0.0032070269406754472
-0.19460284167571107 1.0017460143948629 0.0032069748093626993
-0.19434213742178583 0.9973799012652159 0.003164965361165399
-0.1941513417814349 1.0006249321827554 0.003219775065104555
-0.19411053038765438 0.9973613309456002 0.0031434650547442974
-0.1938221059603152 1.0005091041697205 0.003203046932817198
-0.1932139692391475 0.9972095755529942 0.0032034630218196634
-0.19295327755762157 1.0021277952719767 0.003164942402138286
-0.19276244745833537 1.0008279098263941 0.0032230676993956365
-0.1927216789053933 0.999361168883457 0.0031434137720190063
-0.19243322095089618 1.0052056537730771 0.003205774962194924
-0.19182509680212576 1.00300470905406 0.0032058765972864723
-0.19156441722779602 1.0114622836976404 0.0031739383721514306
-0.1913735526700293 0.9973107226705411 0.0032210696015667257
-0.19133282742358765 1.00125715263148 0.003147960768952404
-0.1910443359410224 0.9994257706870028 0.003204013416450499
-0.19043622436510946 1.0025346847913483 0.0032087567695503485
-0.19017555736363176 0.9950226150484935 0.0031636374778251405
-0.1899846583469298 0.9997710280067332 0.003221496704279093
-0.1899439759404157 0.9957506331252262 0.003144603813282442
-0.18965545139680992 1.0016331235833056 0.0032017108377143466
-0.18904735192854316 0.9963614187621344 0.0032025900642065376
-0.18878669703289536 1.0034930366374242 0.003169504876288087
-0.18859576402383027 0.9975000210210054 0.003218987980889789
-0.1885551244576992 0.9979518776133235 0.003147126363622716
-0.18826656638693615 1.0016120672089872 0.003201088356123985
-0.18765847949152414 0.9977711853719223 0.003200895107832129
-0.1873978371687311 0.9989352989792427 0.003171450676528401
-0.18720686923506946 1.0037652661459007 0.0032220718234581298
-0.1871662729754408 0.9894269515587494 0.0031425259203685094
-0.18687768137706237 0.9983457158401163 0.003204922597889203
-0.18626960705450513 1.0009316055504078 0.003204376958665178
-0.18600897683890555 1.004395871686523 0.003170760444264072
-0.1858179749124247 0.9949135608878313 0.0032191482287447946
-0.18577742149363244 1.00049712680487 0.00314941317521575
-0.18548879636764334 0.9993692328627594 0.0032036808385908183
-0.1848807346174861 1.0021115856613079 0.003205649966142094
-0.18462011697519673 1.0000465008830697 0.0031673554392619477
-0.18442908058887042 1.0011026034202055 0.0032227953961924223
-0.18438857047703264 1.0022012972807055 0.003148167701744475
-0.18409991135776957 0.9953162866351317 0.003199204941786168
-0.1834918621804671 1.002066400051208 0.003206764071373633
-0.18323125664537118 1.000991271694463 0.0031697541860499358
-0.18304018579920012 1.001025390994795 0.0032244911963071853
-0.18299971899477155 0.998051856750493 0.003141218267231467
-0.1827110263478958 0.998923868715796 0.0032022332814509854
-0.1821029892782422 0.9958399936819393 0.0032010339728928234
-0.18184239678120692 0.9958336599899543 0.0031688909125866882
-0.1816512914761006 0.9988704147533147 0.0032182975218892546
-0.18161086751251046 1.0097102626545675 0.003154437415626982
-0.18132214180322856 1.0033814494697169 0.003204727841763248
-0.18071411684122318 1.0014942642333693 0.003202955382363268
-0.1804535364518368 1.0015436814265093 0.003172572228040698
-0.18026239668779453 1.0030582582363419 0.0032239410950044393
-0.18022201603024937 1.0003214744069793 0.0031501955696793395
-0.17993325679290004 0.9998030702691266 0.003202574820863043
-0.17932524440420416 1.0056379590963875 0.0032078775681078165
-0.17906467658767253 1.0029920906455376 0.003173468264943343
-0.17887350236514976 1.003299757781644 0.0032201178222248565
-0.1788331645484437 0.9984734826521232 0.003146328078508428
-0.17854437178302626 0.9975007863283707 0.0032029135718638605
-0.17793637196764056 1.0051652524714643 0.0032046312831424508
-0.17767581625784698 1.006306098239875 0.003165265581224832
-0.17748460804295974 1.0000410823830572 0.003221865581125811
-0.1774443130661826 1.0013554221712324 0.0031456357451700276
-0.1771554867731525 0.9986425123207345 0.0032026519417524017
-0.17654749952971072 0.9942421014218636 0.003200479542472255
-0.17628695639368272 1.0015622119738743 0.0031746811066397465
-0.17609571325419893 0.9991384144619965 0.0032178677971523555
-0.17605546158392152 1.0022598104032534 0.0031483608511050994
-0.17576660222939475 1.0060567699474607 0.003205537388000686
-0.17515862709223626 0.9966764274383044 0.0031998884674047877
-0.17489809606385717 0.994577217110022 0.0031675120209025062
-0.17470681893155415 1.0013522234416876 0.0032227670627882417
-0.17466661010211587 0.9975216777984555 0.0031449641153206455
-0.17437771721952097 1.002507476143712 0.0032023151570302914
-0.17376975465521996 0.9990284684392396 0.0032035541732469194
-0.1735092361996929 0.9964732995684521 0.003157189396383196
-0.17331792460845463 1.0010409889705252 0.003220934590030402
-0.17327775861985478 1.0079593529873156 0.0031500284086035495
-0.1729888322096472 1.001178319306063 0.0032039219204984186
-0.17238088268431495 1.0050632238032944 0.0032083110667060744
-0.1721203763346178 0.9989254299278794 0.0031665015693515875
-0.1719290302853551 0.9921298285811325 0.0032157528377761073
-0.1718889071375937 0.9982340033427006 0.003145200617509152
-0.17159994719977342 1.0015972632777426 0.003202204685532984
-0.17099201024729593 1.0052152477077185 0.0032063459235509646
-0.17073151600479225 0.9987163486317484 0.0031641441750266033
-0.17054013549704905 0.9970894684934904 0.003217684933935848
-0.17050005565442175 1.003289027359204 0.003147194289761285
-0.17021106265556094 0.9941352341248559 0.003198575603937346
-0.16960313781027692 0.9961977927734449 0.003197998329788554
-0.169342656140628 1.0044651483477534 0.0031710196395809452
-0.16915124117394953 1.0028790481938106 0.003222725143172766
-0.16911120463691381 1.0004338184985353 0.003147404035673412
-0.16882217764659666 1.0010086122812663 0.003202193303563823
-0.1682142653732579 0.9936963338484469 0.0032017955752510546
-0.16795379581125788 1.0005529425507111 0.0031697795914107365
-0.16776234685085 0.9968441869163381 0.0032190741307368074
-0.16772235315419728 1.0036457723466155 0.0031511038352736516
-0.16743329263763237 0.9998361873859045 0.0032018068948312297
-0.16682539293623888 1.0017507842333893 0.0032047174872522383
-0.16656493594709362 1.0040128293271182 0.0031639922198846227
-0.1663734520620892 1.0014843979049601 0.003223455839430592
-0.1663335016719362 0.9946041438650376 0.0031366933885232026
-0.1660444076277586 0.9981724117635705 0.00320134105333336
-0.16543652049967528 1.0092209786386983 0.0032076610504315575
-0.16517607608292936 1.0006071903010674 0.003171845901119864
-0.16498455773898968 1.0015428826408266 0.0032205084691326598
-0.1649446501896751 0.991620238839751 0.003143211019163763
-0.1646555230835461 0.9959959185331788 0.003202364271137193
-0.16404764806265626 0.9970424470061611 0.0032020653697412294
-0.16378721575355923 0.9995842737233341 0.0031665297480726177
-0.1635956634163449 1.0012032645577873 0.0032224332820055706
-0.16355579870786946 0.9990964782964783 0.003143855632491996
-0.16326663807412709 1.0050831582676851 0.0032051711616663055
-0.16265877562563724 1.0017016485760297 0.0032040831844338657
-0.16239835588939497 0.9992016023729536 0.00316890804264044
-0.16220676909324538 0.9981825451009162 0.003219291295864001
-0.16216694722560837 1.006745588169947 0.003150886364364691
-0.1618777530642533 0.9922351825798942 0.0031984309031233087
-0.16126990318907364 0.9936393336865016 0.003198414601417185
-0.1610094960252307 0.9955495164857509 0.003168431398976396
-0.16081787430448458 1.0002151808478792 0.0032183653809988518
-0.16077809574334728 1.0075140016448418 0.00315153269595215
-0.16048886805437954 0.9997875892306906 0.003200339537810606
-0.1598810312177159 1.0047923202674198 0.0032043319435131543
-0.1596206356944943 0.9902056959403751 0.0031617645294980557
-0.1594289799818398 0.9976424408330488 0.0032175044696683883
-0.15938924472674748 0.998598581558932 0.0031455969580065253
-0.1590999835106218 0.9970792312365523 0.0032019207838203385
-0.1584921587806969 0.9955739870072179 0.0031989848643628675
-0.15823177583033005 0.9970398949690134 0.003161055933812719
-0.15804008565874028 1.0051640388373861 0.0032229376689784954
-0.1580003932444864 0.9910492673001892 0.0031419586375949476
-0.15771109850074802 0.9966982879424628 0.003200773207453513
-0.15710328634367787 1.0003453162606875 0.003202714044510741
-0.1568429155005045 1.0006981843392615 0.0031694217848772105
-0.15665119133564076 1.0029506991521686 0.003223650426269709
-0.15661154176268072 0.9986267648965987 0.0031480280385015715
-0.15632221349087425 0.9986217996339494 0.003202494215969967
-0.15571441390620344 0.9997942501778326 0.0032029637129841852
-0.15545405563634024 0.9987168222346116 0.0031706713279682926
-0.15526229701254124 0.9984112595675751 0.0032147472329050087
-0.15522269028041694 1.0047149867528375 0.0031479646206673604
-0.15493332894666176 1.0011749968393884 0.00320384381758749
-0.154325541468729 0.9998217100191575 0.0032026339385592454
-0.15406519577217598 0.9995042835929373 0.0031629070486885657
-0.15387340222378043 0.9989774117539361 0.003220659147015506
-0.15383383879815854 1.0024882209160888 0.0031475524987155667
-0.15354444393678798 0.9990335003182348 0.0032038300092879046
-0.15293666949737128 0.9909900718584433 0.0031914856329623292
-0.15267633590801172 0.9989230328853193 0.0031698915902828918
-0.15248450790113566 0.9969908108172533 0.00321313167251171
-0.15244498731635017 1.0019845819661537 0.003148999009346952
-0.15215555892736896 1.003283087577359 0.003205610335199608
-0.15154779706035226 1.0044284208904402 0.0032102626038650922
-0.1512874755786416 1.0015990179036718 0.0031702618343388365
-0.1510956135775814 1.003750581949864 0.0032212856237942345
-0.15105613629975037 0.994576797451414 0.0031406667377615197
-0.15076667438315647 0.9997437142372043 0.0032021224874820907
-0.15015892462333325 1.000410374545186 0.003201976719384073
-0.14989861571447735 0.9960547329137575 0.003164780998544137
-0.14970671925357237 1.0012249592266296 0.0032199146543897394
-0.14966728481658115 1.0000612339960662 0.0031498507160744003
-0.1493777893732827 0.9998586914807286 0.0032036045858933587
-0.14877005218676964 1.0065341033273183 0.0032055872613251917
-0.1485097558503131 0.998355218449785 0.0031705251969690288
-0.14831782493138235 0.9974826063180318 0.00321682347994798
-0.14827843333386462 0.9968498719325984 0.00314517429972466
-0.14798890436295417 0.999016975580601 0.003202417082783882
-0.1473811802154119 1.0079379671030186 0.003206634427167099
-0.14712089552094296 1.004452218670493 0.0031723123020779165
-0.14692893060919232 1.0008998329426588 0.0032211197591197633
-0.14688958185205897 1.0033501414146804 0.0031466098545466867
-0.14660001981828694 1.0057545855009804 0.0032074100350716417
-0.1459923077783929 0.999381214130856 0.003203699014187893
-0.1457320356567787 0.9945612304644537 0.003161892563183855
-0.1455400362860928 1.0044639573706853 0.003219827281516954
-0.14550073036979788 0.9968699822375452 0.0031430392952326515
-0.14521113480841316 1.0012076403898338 0.0032018237481171953
-0.1446034353418293 0.9965228884208488 0.0032023069684368652
-0.14434317579261444 0.9991576104323241 0.003168494025055396
-0.144151141497332 1.0010044494511947 0.003219958288257681
-0.14411187935319808 1.002182767630241 0.003148704888104125
-0.14382225026420067 1.0040168127248204 0.0032057872153516387
-0.14321456336956073 0.9965759432712964 0.0032014116816160166
-0.14295431592845018 1.002449195003022 0.0031690452105717463
-0.14276224717423247 1.0010507257088523 0.0032178179134457843
-0.142723027870937 0.9944412752303424 0.0031432187106052757
-0.14243336525478165 1.0043196775937373 0.0032046010775477825
-0.14182569093208627 0.9962026022643842 0.003198999451543617
-0.14156545559862463 1.0020694229641325 0.003166248536478826
-0.1413733528515877 0.9970656294336931 0.003218851054152329
-0.1413341763886759 0.9981711989352253 0.0031462482658639723
-0.14104448024490787 1.0060414304249812 0.0032072055232491617
-0.14043681849506998 0.99856464178029 0.003199925013290906
-0.14017659573446037 1.0070448335830147 0.003173284421510242
-0.13998445852848818 1.0027596986718994 0.0032200983575531163
-0.13994532490687023 0.9950065312674827 0.0031445163917870754
-0.13965559570069538 0.9943077525271066 0.0032012355104369195
-0.13904794652416497 0.9969889340719321 0.003201260681937437
-0.13878773586938525 1.0043689613303337 0.003168516551777266
-0.13859556420538865 0.9967537708355338 0.0032151999230257433
-0.13855647389026773 1.0026143516830648 0.0031472796341974114
-0.1382667106908216 0.9974976213515968 0.003202428533118343
-0.13765907408714595 0.9998994512913327 0.0031945520417199064
-0.137398876005221 1.001642268131646 0.0031682473467625283
-0.13720666988274388 0.998289646180948 0.0032238362412666476
-0.13716762240755392 0.9956552543911716 0.0031418195552682447
-0.13687782614706387 1.00512693240412 0.0032080157143726477
-0.13627020211578822 1.00177248954137 0.0032032353037681587
-0.13601001567539545 0.9978685399489706 0.003168438105821473
-0.13581777555964436 1.0007037997317836 0.0032210282092832664
-0.13577877092438198 1.002085820494598 0.003144881732950532
-0.1354889411371901 0.9974032805597742 0.003199733154804029
-0.1348813296787692 1.0005319121036111 0.0032005735102050353
-0.13462115581168663 1.0023269833830346 0.0031695223069657446
-0.13442888123654484 0.9933459764429995 0.003216011534378923
-0.1343899194425763 1.0041378337621265 0.003148122405812909
-0.13410005612731632 0.9988205537537976 0.0032040242433813886
-0.13349245724175018 1.0052534410700622 0.0032049839036700657
-0.13323229594752237 1.0020196980481657 0.0031693992205464477
-0.13303998691344532 0.9999431352199764 0.0032203563108222917
-0.1330010684259765 1.0025474929817069 0.0031458276466991538
-0.13271117158355858 0.9985087257544993 0.0032047861693016507
-0.13210358527084787 0.9999559526243355 0.003204542504823456
-0.1318434360833581 1.0000736970864905 0.0031707816504689098
-0.1316510925903458 0.9979869395460755 0.003220589096313963
-0.13161221694371542 0.99543672988972 0.0031431410187107833
-0.1313222865736848 0.9974909404842285 0.0032038322181643106
-0.13071471283382885 0.9972223046735351 0.0031970724744954247
-0.13045457575398797 1.0044764480540862 0.0031713927580361585
-0.13026219826770102 0.9962288914186581 0.0032196891037940935
-0.13022336546190977 1.0044010978262916 0.0031490923301610834
-0.12993340202947232 0.9989552191562985 0.0032053841319893152
-0.12932584086247112 1.0005626495357367 0.0032001001999700557
-0.12906571588891286 0.990756456804363 0.0031638274109772753
-0.12887330347894022 1.0012386144661514 0.0032178497017436155
-0.12883451397873782 1.0032934270130351 0.0031485489301455137
-0.12854451701959854 1.0067883966993127 0.003206256806414006
-0.12793696842590752 0.9981597857853569 0.0031965102959910807
-0.12767685602429318 0.9962835249750401 0.0031674445244173153
-0.1274844091558407 1.000082380788085 0.0032171959660864165
-0.1274456629616853 0.9917550022409028 0.0031402135460733686
-0.12715563247538605 1.005476915875867 0.003206255077772897
-0.12654809645454979 1.0065456717115338 0.0032039523894526857
-0.12628799616013162 1.000376697404348 0.003170578570867176
-0.12609551483319592 1.0022926304984237 0.0032229565742192927
-0.12605681147942152 1.0053323360990778 0.003144770212176559
-0.12576674746596703 1.0001889108665596 0.0032030072334262904
-0.12515922401753077 1.0057659089367594 0.0032041601742676274
-0.12489913629642009 0.9985528587614124 0.0031652899775525237
-0.1247066205100964 1.0047866473421163 0.0032231886169869616
-0.12466795999761585 1.003840205331969 0.0031469178127377494
-0.12437786245609324 0.9928849083932328 0.003201241667092402
-0.12377035204617304 0.9927702421775766 0.003196617799267536
-0.12351027643225583 1.0023064798630281 0.0031730491013310146
-0.12331772618699688 1.0003429527209897 0.0032169764320451972
-0.12327910898101604 1.000550051466804 0.003147663552671866
-0.12298897791188075 0.9975105986891224 0.0032040387356632445
-0.12238147960915402 1.0007115021492277 0.0032016169579933613
-0.12212141610243028 1.0033221240100199 0.003172007264540845
-0.12192883186389736 1.0020971601748334 0.003222514451397289
-0.12189025749875496 1.000858263255932 0.0031450343364126288
-0.12160009290246172 0.9997206480107707 0.003203087154318307
-0.12099260763824903 0.998281455356698 0.003199963156855357
-0.12073255623826602 0.9950272422199421 0.003163321346326159
-0.12053993754079784 1.0046320986912443 0.00322509615218954
-0.12050140601649387 1.001853549127213 0.003145031194500304
-0.12021120835824924 0.9976561258801749 0.003203861032891558
-0.1196037352012327 0.9975439353081739 0.0031979753695778393
-0.11934369637410176 1.002419839426868 0.003168351070253951
-0.11915104321815306 1.0027265571675903 0.0032254276394173306
-0.11911255499989407 1.0063483224511756 0.0031459473847407463
-0.11882232334837546 0.9980614877463038 0.0032053213877540777
-0.11821486323032769 1.0007393762491799 0.0031995915763464683
-0.11795483651039292 1.003843610965233 0.0031680319081202643
-0.11776214889505354 0.9998243065115096 0.0032185719106234646
-0.1177237035180884 1.005658080877519 0.0031501694558944667
-0.11743343880416297 0.9976022491403836 0.0032025264052909573
-0.11682599125896996 0.9978752779642528 0.0032017275893258153
-0.11656597664622866 1.0022807866080445 0.0031706247535519976
-0.11637325457240877 0.994992828415809 0.0032170627304055495
-0.11633485203582732 0.9974073695469992 0.0031432584735267186
-0.1160445537942892 1.0024416486744416 0.0032047202413187812
-0.11543711882195094 0.9987342111630668 0.003200213993719032
-0.1151771167820644 1.0026058239063809 0.003172482224498705
-0.11498436024930925 1.002094231972649 0.003218271530059258
-0.11494600101968293 0.9975995809051144 0.0031455430611625236
-0.11465566925007671 1.0004694827004121 0.003207350479373136
-0.11404824685059321 1.0002711662221526 0.003199519075903061
-0.11378825691835556 0.9974123391950234 0.0031698524244176494
-0.11359546639187101 1.0004641578057838 0.0032198118056972823
-0.11355714953742184 0.9961013286400348 0.003147045632773216
-0.11326678423929344 1.0020536960925641 0.003205203407455499
-0.1126593744135742 0.9956664941941606 0.00319894310789675
-0.1123993970541913 1.0067939729811115 0.003176270932832402
-0.11220657206877149 1.0023079117226747 0.003219272748370009
-0.11216829805516075 1.0007193954028513 0.003146671900070641
-0.11187789969508095 1.0002853898122575 0.0032064418899214473
-0.11127050244267189 0.9986768450627405 0.0031976804583508348
-0.11101053672436575 1.004886305453536 0.003169194918077684
-0.11081767774567197 0.9992828869408388 0.003221466644449299
-0.11077944703856095 0.9965790229320142 0.0031483491086247346
-0.11048901468520718 0.9977373166052272 0.0032020918054291403
-0.10988163047085873 1.0043711177024128 0.003200812447965368
-0.1096216768602015 0.9982475457377975 0.003167195518230661
-0.1094287834230272 0.9997180241200582 0.0032186091052271494
-0.10939059555538902 1.003405942037982 0.0031487472017533943
-0.10910013014144944 1.0051650963587728 0.003206166952367791
-0.10849275803293157 0.9998661484398308 0.0031997964406659156
-0.10823281699603723 0.9980766803140693 0.003166224213726223
-0.10803988909992768 1.0005008811931275 0.003221568421951142
-0.10800174407312793 0.9895729550002228 0.0031396614123556546
-0.10771124559723695 0.9954418558952772 0.0032024469123469873
-0.10710388606157384 0.9931516751917625 0.0031951123764665636
-0.10684395713187297 1.0044470848803768 0.0031758079000130178
-0.10665099477682816 0.9995858063356604 0.003218783357691411
-0.10661289305652813 1.0010850981717758 0.003146008920574555
-0.10632236058781792 0.9988788068014682 0.003204815838830296
-0.10571501409067154 1.003154002246729 0.003200877386404608
-0.10545509726679787 0.9948046976682831 0.003165534043764089
-0.10526210045418338 0.9976913909587132 0.0032179254608317946
-0.10522404157426704 1.004102260908274 0.0031490461333370033
-0.10493347604451493 0.9928963215655314 0.0032021290299026283
-0.10432614165364983 1.001832655304903 0.0032001984174754457
-0.10406623740263361 0.9997194555934958 0.0031692858132655382
-0.10387320613108386 0.9983660784553081 0.0032209185434888565
-0.1038351900910978 0.9989045094200394 0.003148559854071218
-0.1035445910350959 1.0101955578963422 0.0032084180815620785
-0.10293726968229479 0.9961621187774179 0.0031970187965149415
-0.10267737753846935 0.9988792109320371 0.003167829457107055
-0.10248431180798434 1.0011659503843413 0.0032222286911102174
-0.102446339074498 1.0013652696979594 0.00314651279259673
-0.10215570649088342 1.0019793064432478 0.003206368312582085
-0.10154839771138978 0.9977639063665439 0.0032006006454886357
-0.1012885176747605 0.9957776623768427 0.0031658763544916233
-0.10109541748488482 1.0001179647983023 0.0032202704685176525
-0.10105748759223691 0.99912974554396 0.003145701972120996
-0.10076682148100964 0.9942318655430682 0.0032017857766201115
-0.10015952574003205 1.0052203154525103 0.0032028193851931074
-0.09989965781059625 0.9960749586995574 0.0031729846323865288
-0.0997065231617853 1.0013722694691365 0.0032186028182993914
-0.09966863610997583 0.9993045974970752 0.0031471962747498827
-0.0993779369372519 1.0010088838055846 0.0032043559502532406
-0.09877065330301303 1.0004617329574472 0.003200077138992228
-0.09851079794597657 0.9951175044617019 0.003169400699168539
-0.09831762930480181 1.0019649301860811 0.0032214026632065526
-0.09827978509337602 0.999607966828989 0.003144843886492932
-0.09798905192737813 1.000463960488834 0.0032068229117604625
-0.0973817813316553 1.0034601276043476 0.0032015003927818716
-0.09712193808090416 0.9947877693370261 0.0031686982374698283
-0.09692873498170229 0.9922438239840294 0.003216494729395113
-0.09689093361157036 0.9999410154705101 0.0031455827707261804
-0.09660016738316564 1.0012163016738174 0.0032037453849874118
-0.09599290935984216 1.000373770644988 0.0031987236729920437
-0.09573307821719532 1.0022194121246422 0.0031701916093014666
-0.09553984065860277 1.0053542415476617 0.0032285273809971875
-0.09550208259496785 1.0006165461001673 0.003149134429497048
-0.09521128283895315 1.0045001530735287 0.0032072937896862126
-0.09460403738803169 1.0011582577172287 0.0031985546223010737
-0.09434421835302836 1.0041151177804828 0.0031781629361581115
-0.094150946335958 0.9991696165431043 0.003218926093367049
-0.09411323111270947 1.003162973135165 0.003147105222838089
-0.09382239782907938 1.0117478433410563 0.003212260157973317
-0.09321516541667396 1.0017237966051111 0.0032042955340104485
-0.0929553584888668 0.9960481824277214 0.003166995000006565
-0.09276205201285848 1.0033369406970638 0.0032248091213550006
-0.09272438009656239 1.0009474881137967 0.003144397230250694
-0.09243351328532164 0.9995316878874754 0.0032035065562503362
-0.09182629297965494 0.9980374152688174 0.0031959423737227825
-0.09156649862515527 0.997281262659214 0.003171190463308058
-0.09137315768975895 0.9993207722126755 0.0032217861194259742
-0.0913355286143013 0.996042678251676 0.0031441572821339935
-0.09104462827544786 1.0010157378252909 0.003205218022561697
-0.09043742100829721 1.0004015389824747 0.0031997311765640446
-0.09017763876099101 1.000117110766371 0.0031733736630301843
-0.08998426383232072 0.9997088727936376 0.0032208692367849726
-0.08994667713204021 1.0002080701174845 0.003146464678965446
-0.08965574373123537 1.0001438019739504 0.003204336689621921
-0.08904854903739491 1.0026477246194767 0.0031996919398030303
-0.08878877889682675 1.0013972731445748 0.003171439070313139
-0.0885953695092212 0.9969958285240041 0.0032192636265173215
-0.08855782611453226 1.0010000872335385 0.003146239107948286
-0.08826685918747763 0.9999469985088636 0.0032059472110961156
-0.08765967706603449 0.9967962714702253 0.0031964602587636515
-0.08739991903266249 1.0034801464981753 0.0031756925815524836
-0.08720647518657643 0.999587135229202 0.003224748587280567
-0.08716897463227118 0.9991384355696509 0.0031462131993142523
-0.08687797417760386 0.9983525475506418 0.0032057986802733174
-0.08627080509467945 0.9988810784744432 0.003198402687527219
-0.08601105916849823 0.9986408075446643 0.0031692844843148726
-0.08581758086393165 1.001045932610914 0.003223601886649425
-0.08578012361567137 1.0039849881855434 0.0031482516393921767
-0.08548908963339137 1.0019222884646535 0.0032052826084643053
-0.08488193312377444 1.0055788783532058 0.0032029662678867542
-0.08462219930478938 0.9989377539199764 0.003170197080438171
-0.08442868654083213 1.0006355250823868 0.0032220914423543366
-0.08439127213341029 0.9946597173491881 0.003143696942564685
-0.08410020508917888 1.001780089492154 0.0032044418518010214
-0.08349306115241671 1.0019770663639012 0.0032038427357709443
-0.08323333944062512 1.008413225883873 0.0031732295209044047
-0.0830397926833939 0.9962612541733148 0.003218698891793275
-0.08300242111681048 0.9969676553880712 0.003143173669348524
-0.08271132007930511 0.9914591555677442 0.0032005418549608308
-0.08210418918105898 0.9973922546285559 0.003196789314447645
-0.08184447957646086 0.9961451555171581 0.0031698091937360268
-0.08165089836029438 0.9996874875803614 0.0032225067038449233
-0.0816135696345494 1.0019456402997942 0.003147838088968857
-0.08132243553509262 0.9968325627029355 0.0032040594307794017
-0.08071531674403996 1.002140954238906 0.003200049708012959
-0.08045561971275203 1.0052534627863947 0.0031731611115111587
-0.08026200403719486 1.0011025912984206 0.0032253143393740926
-0.08022471815274373 1.0035357066324118 0.0031525172117796026
-0.07993355098997064 0.99685446233585 0.0032035377905241945
-0.07932644477268223 1.0082975702390669 0.0032041849088790485
-0.07906675984858777 0.9952203344834363 0.0031715722525088824
-0.07887310971409534 0.9958635182433163 0.003218735488430521
-0.07883586713614123 1.0024627400763362 0.0031473981665232063
-0.07854466598009686 1.003018948868763 0.003205799482362856
-0.07793757280177993 1.0028205703666455 0.0032023502631270944
-0.07767789998442351 0.9981542285096157 0.003166497295535723
-0.0774842158566571 0.998456175976482 0.0032213637134837604
-0.07744701565388284 0.9898996911832889 0.003141941024321551
-0.07715578143588438 1.0016860177258107 0.003204015546599483
-0.07654870082996677 0.9937519397806278 0.0031952075440124603
-0.07628904012025925 1.0083119326407877 0.003174911259334114
-0.07609532153401233 1.0032570840234567 0.0032212733802617246
-0.07605816463773576 0.9967629646492879 0.003147968615724446
-0.07576689689212664 1.0033265209970132 0.003206661583123887
-0.0751598288577009 1.0015421752573301 0.003201657011906418
-0.07490018072175628 0.9990438784541981 0.0031747153996871734
-0.0747064272109128 0.9993428174543864 0.0032236044753265855
-0.07466931315547468 1.0028249890610788 0.0031461189658932125
-0.07437801188225286 0.9904877314926732 0.0031982525547380202
-0.07377095688634316 0.9947011156524596 0.003195456073776756
-0.07351132085759202 1.0085326627127478 0.0031811556853949268
-0.07331753288781329 0.9988903681459907 0.0032221314943593465
-0.07328046213887487 1.0021799606441355 0.0031481751746894756
-0.07298912733804037 0.9997577839839712 0.0032051460765118844
-0.07238208491544086 0.9950903667159473 0.0031980084769600513
-0.07212246099251692 0.996938549708252 0.0031681146839628036
-0.0719286390308298 1.0025724334138397 0.003222417569692756
-0.07189161065661379 0.9993477508370054 0.0031450775287885997
-0.07160024279428263 1.0022631443810763 0.0032050507851256395
-0.07099321294408044 1.0004461262877085 0.0032002650014582835
-0.07073360112835266 1.002190275249567 0.003169646428904633
-0.07053974470773028 0.9970747714424525 0.0032239344428573596
-0.07050275963955856 0.9995810119627938 0.0031481099951771677
-0.07021135778440886 0.9987411342275093 0.003204138975782706
-0.0696043409727254 0.9992542875338067 0.0032011198790447585
-0.06934474126373297 0.9992395462699748 0.0031685930634595683
-0.06915085038463076 0.9991809905262252 0.0032215469993703096
-0.0691139081559339 0.9987126726320364 0.0031491758495800375
-0.06882247324019637 1.003323435556051 0.0032069504438500345
-0.06821546900182039 0.9946917265738585 0.0031968877269508583
-0.06795588139911599 0.9961527906723632 0.0031710073987873443
-0.06776195652719252 0.999066901457856 0.0032195590333199413
-0.06772505713888138 1.0024319017445418 0.0031458497507214286
-0.06743358869598388 1.0027586877023285 0.003206884755772055
-0.06682659703046266 1.0014555634778002 0.003200776811429797
-0.06656702153495173 1.0010653803884104 0.003176561565369008
-0.066373062204093 0.9995773095162561 0.0032216595573130737
-0.06633620565661759 0.9999632244602519 0.0031484334171402385
-0.0660447041517714 1.0003548688597717 0.0032081370410929557
-0.06543772552476622 1.0033253355550709 0.0032020652627198646
-0.06517816167078747 1.00104130155645 0.003174499069280726
-0.06498416788144823 0.9997162382144361 0.0032230549296265397
-0.06494735464047321 0.9980283231478164 0.0031482320161005275
-0.06465581914235237 0.9971571511805423 0.0032028217476414607
-0.06404885355340849 1.0005354133243065 0.0031999665813644694
-0.06378930227228449 0.9922540430131528 0.003168761632378136
-0.06359527402401 1.0062801777158197 0.003226745191182813
-0.06355850315821213 1.0050705391287222 0.0031488536035536633
-0.06326693459813988 1.0037093642446424 0.0032065342333808685
-0.06265998158205076 0.9988723970013332 0.0032006312206254474
-0.06240044240857565 1.001936015186261 0.0031770738594955133
-0.062206379700910475 0.9937243294750022 0.0032189566610402237
-0.062169652141612325 1.0009075393506308 0.0031450258476007848
-0.0618780500539274 1.0046997298317901 0.003206711359719903
-0.061271109611148455 1.0045141063483611 0.003200019660065888
-0.06101158254440869 0.9986467308751388 0.003172584478989299
-0.0608174853782657 1.0033102262470341 0.0032274836440845302
-0.060780801125012524 0.9963293584654052 0.0031469099494575306
-0.06048916551016966 1.0036707425431977 0.0032043275814046175
-0.059882237639790725 1.0017642904248907 0.0032015598548015304
-0.05962272268024713 1.0093532330839357 0.00317768419729756
-0.05942859152082747 0.9974518332053058 0.0032226388996589657
-0.059391949642751435 1.0000554270161575 0.003148501287466615
-0.059100280500295886 0.9987913097806546 0.003202752967827381
-0.058493365668432995 0.9967196522570301 0.003200107891437315
-0.05823386281653559 1.004424392562679 0.003172489369414169
-0.058039697197727946 1.0055317496207752 0.003227846267053425
-0.058003098626607054 0.9845211208197883 0.003133877345472964
-0.0577113959560834 1.0014095054451249 0.0032046643742072328
-0.057104493697530685 1.0036127742789787 0.0032010181344720896
-0.05684500295237133 1.0005233899488253 0.0031716341680046887
-0.05665080334028971 1.0046160488802713 0.003227121385797564
-0.056614247144345965 1.005717299100606 0.0031476985624393806
-0.05632251141187091 1.0006815554665638 0.003202162784193581
-0.055715621726172955 1.0042388562546982 0.0032014073747472904
-0.05545614355386836 0.9959426870520396 0.0031695093537243467
-0.055261909018099686 1.0077497649569926 0.00322772953991538
-0.055225396127746164 1.0003420155651788 0.00315059292240467
-0.05493362686811317 1.0019797436852582 0.003204620687356475
-0.05432675022047651 0.9990833034720353 0.003198993950245666
-0.0540672836897041 1.0048400718832573 0.003177058637743329
-0.05387301469590966 1.001136090076842 0.003225396010340706
-0.053836544645940496 1.0029386878964484 0.0031482277171531636
-0.053544741858239396 1.0035104066991103 0.0032057648425503514
-0.05293787824911878 1.0028969042388622 0.003202116482235224
-0.05267842382553984 1.0043331624803926 0.0031724741727393708
-0.052484120838471426 1.0002578395172383 0.003220214255654941
-0.052447693629340694 0.9954418571964544 0.0031417363692193626
-0.05215585731402691 0.9943106751450767 0.0032015622897288236
-0.05154900627776105 0.9948944786492342 0.003196919943491442
-0.051289563961831 0.9967054192544333 0.0031694633841850652
-0.05109522651446241 1.0026347230736197 0.003227621053801564
-0.051058842147079606 1.000878473964514 0.003147377153671096
-0.05076697277026917 1.00221366621451 0.0032047136118114
-0.05016013430685605 1.0040500202384162 0.0032007725353897436
-0.04990070409766674 1.0016461536441024 0.0031738074119591272
-0.04970633265702418 1.0047583615079938 0.003225696741217638
-0.049669991130479804 0.9963431080536728 0.003146279212260523
-0.04937808822605668 0.9992736110911838 0.003203631953453355
-0.04877126233550101 1.0028078694107572 0.0032001886755979336
-0.04851184469916377 1.004289812546763 0.0031758385026959286
-0.048317438333924656 1.005228906538977 0.0032263183925707256
-0.04828114011342458 1.0073862394375415 0.003154387014586025
-0.0479892036809347 1.0007506215714608 0.0032048054434124
-0.047382390829801876 1.0007565144476924 0.003198549070296318
-0.047122984835454934 1.0078844870913857 0.0031734278940289775
-0.046928544010825135 0.9948372980523399 0.003223850535847606
-0.04689228863070807 0.9991755756088758 0.003147616260153899
-0.046600318670606176 0.9977737961755734 0.0032037778084881203
-0.04599351885889957 0.9949639775727465 0.0031972621547150496
-0.045734124971290674 1.000136979454717 0.0031738018957528204
-0.0455396501533869 0.999070947729276 0.003221419618653168
-0.04550343761410827 0.9959245670143019 0.003142468854490109
-0.045211434126848436 0.9957424407363247 0.0032014536740080815
-0.044604646887541836 0.9991448808866353 0.003198848682752643
-0.044345265107126414 0.995721727766009 0.003164061544951392
-0.04415075583074213 1.001687160051332 0.0032209356523379175
-0.04411458613184718 1.001450617022844 0.003149763313276266
-0.04382254958354544 0.999490024811237 0.003204368403470626
-0.04321577491527596 1.0053691802020188 0.003202499912212019
-0.04295640570862344 1.0017694384884515 0.003169410197751806
-0.042761861973303894 1.0051059012306407 0.0032270778588894935
-0.04272573511524738 0.9957007919799865 0.0031417637834462177
-0.0424336650397877 0.996890716211909 0.003204815400531058
-0.041826903409124094 0.9993315163837729 0.003197541744691936
-0.04156754584445918 1.0010866281845106 0.0031686920066750068
-0.04137296765020437 0.9983140949330145 0.0032202455196454955
-0.041336884099103 0.989244542401351 0.0031371555452479843
-0.041044780495575216 0.9962460549545621 0.003204297940324776
-0.040438031438221785 1.0032395931102658 0.0031988577615079607
-0.04017868598029492 1.0048671046978788 0.0031736043352084803
-0.03998407379322089 1.003438139075692 0.0032271437794252843
-0.03994803261684191 0.9940625921291033 0.0031413955408944446
-0.039655895951817476 0.9991311424246653 0.00320156586712022
-0.039049159466864054 1.0049077876163361 0.0032024063309766364
-0.03878982657997296 1.0017411485133458 0.0031725499990218494
-0.038595179470121366 1.0060415407839367 0.0032259354374651454
-0.03855918160024211 1.0030166439580155 0.0031524758353392926
-0.0382670109419437 0.9956893904286648 0.0032014731256431966
-0.03766028796116761 1.0008393135757205 0.0031983556115157004
-0.03740096671535327 0.9985456461029734 0.003170379103777471
-0.03720628561268313 0.9945126009179337 0.0032204471464677463
-0.0371703301175256 0.9975768824837876 0.0031456009164439916
-0.03687812639773121 1.0004225849155268 0.0032054186520218504
-0.03627141598889904 0.9931816759634675 0.0031965812083995264
-0.03601210685164444 1.0014542491659413 0.003171510897275968
-0.03581739128958361 1.0009605455714194 0.003228763263667766
-0.03578147910047038 0.989937686472695 0.0031383319890053592
-0.035489241853518726 0.9988628679539836 0.003203026310749809
-0.03488254401754131 0.9969359969189143 0.0031981032553185657
-0.03462324698748018 1.000699333704794 0.0031735910369421316
-0.03442849743214538 0.9983241995658801 0.0032210918334369307
-0.03439262808387327 1.0009875173044482 0.0031484464082254327
-0.03410035730930624 1.0006749816535507 0.003201429611877289
-0.03349367251184487 0.9982089450060548 0.0031973680713261064
-0.033234387588977204 0.9915229107751892 0.0031648799278706434
-0.033039603109500604 0.9959049971512853 0.003222896590778705
-0.03300377660160949 0.9972863528345158 0.003143527702910549
-0.0327114727655485 0.9919432743828018 0.0032005356469045035
-0.03210480054048714 0.99262675884436 0.003195045187579205
-0.031845527724812944 0.9970956990731522 0.0031680076260594886
-0.03165070925206237 1.002388433987009 0.0032236312455131374
-0.03161492558546511 0.9986653676910746 0.0031420217267564415
-0.03132258822133601 0.9891505099140352 0.0031972175241547964
-0.030715929034790694 0.9981304335389812 0.0031969408807164903
-0.03045666786064868 0.9994643363846104 0.0031752040835497687
-0.03026181492896285 0.9992507396831378 0.0032232326678888804
-0.030226074568865308 0.9914243458779585 0.003140912077323142
-0.02993370367712352 0.9938603771784758 0.003197891549520421
-0.029327057063432964 0.9974899635319316 0.0031979654354409065
-0.029067808462601128 0.9933730919267546 0.0031657654357142477
-0.028872921071979363 1.0013129680305495 0.0032217655075855774
-0.02883722308569607 0.9943728425489861 0.003144181435137068
-0.02854481913336578 0.9970871753087753 0.0032028001009402327
-0.027938185092530654 0.9994325459190521 0.0031983099800360223
-0.027678948598434176 0.989814075263975 0.003171484900433865
-0.027484026748879842 0.9955489029181035 0.0032211450097071725
-0.02744837206864085 0.9965928645846523 0.00314472410672405
-0.027155934123492004 0.9968720593625071 0.003200259923082858
-0.02654931358683421 0.9978264253909376 0.0031944440885230273
-0.026290088734272608 0.9986459409149739 0.0031584827594623712
-0.026095132891441608 0.9952429360476037 0.0032190409575916725
-0.026059521052496468 0.989805080255058 0.003136281861230895
-0.025767049579279517 0.9954058849653785 0.0032040538314573874
-0.02516044161547648 0.9977722105631172 0.00319710407027605
-0.024901229336222363 1.0021243987201913 0.0031686490624325157
-0.024706239034003374 0.9992998655888988 0.003225039501174394
-0.02467066957023538 0.9925026278979983 0.003141173039755484
-0.02437816503506703 0.9952673084856745 0.0032014747730810264
-0.02377157011023546 0.9886216348427422 0.0031941917280283194
-0.023512369472058103 0.9974044129858892 0.00316844105161862
-0.023317344711813348 0.9987293125818013 0.0032221196690721946
-0.023281818553635578 0.9975461004781071 0.003142693282983094
-0.022989280490854542 0.9969958982398415 0.0032017347921315968
-0.022382698138877728 0.9909186406981826 0.0031952339766778554
-0.022123509607893842 1.0002263307324302 0.00316926174811712
-0.02192845085528461 0.9959681675360713 0.0032224989317862947
-0.021892967537035776 0.9954358067927506 0.0031432287225907868
-0.0216003959470968 0.9949608293330858 0.0032013763766713505
-0.020993826633181285 0.9907446325618887 0.003195460024985853
-0.02073465020939087 0.9930886871267404 0.0031627322788576485
-0.020539556532185088 0.9910698494095797 0.0032178367687484624
-0.020504116054774688 0.9963995356597632 0.003142453546080924
-0.020211511402884314 0.9923682514794163 0.0031988173552035953
-0.019604954661823555 1.0008285455073545 0.00319891665812036
-0.01934579034568203 0.9953898693863404 0.003168510398434743
-0.019150662674746854 1.002255946928116 0.0032226650182641675
-0.019115265038627614 0.9924405838269668 0.0031390805886418872
-0.018822626858671827 0.9913960621457214 0.0031977427173361206
-0.018216083156127112 0.9968066498091973 0.0031972428154134784
-0.017956930947179057 0.9911460990116646 0.0031660766416217647
-0.017761768351192586 1.0024255519950258 0.003225818042923987
-0.01772641402203051 0.9925961693248856 0.0031422880395234744
-0.017433742314914086 0.9953490949481151 0.0032029802299261994
-0.016827211185222107 0.9936360370479245 0.00319404947536849
-0.016568071083014797 0.9979816233307303 0.003165647443076874
-0.016372874493299605 0.9947324912059126 0.003217185229346757
-0.016337562539766724 0.9960459797670853 0.0031395777332958695
-0.0160448577707016 0.989328838706894 0.0031958728608213523
-0.01543833967952836 0.9955323779358746 0.003193517754098168
-0.015179211219305957 0.9934137086759577 0.0031651190282486487
-0.014983980635861371 1.00104400892443 0.003224497375924651
-0.014948711523622343 0.9968180818889076 0.003144362418782931
-0.014655973225579617 0.9927985054831442 0.0031984960052974156
-0.014049467708167935 0.9978777857972444 0.0031976194861478425
-0.013790351820802984 0.9972870262866496 0.003169186770152427
-0.01359508631276185 0.9990161548886041 0.0032203053395016795
-0.013559860507022542 0.9980810009515846 0.0031424958008991863
-0.013267088680912382 0.9900258708038598 0.0031988649959787886
-0.012660596202926913 0.9946082974610757 0.0031923870304218834
-0.012401491956638724 1.003030338860502 0.003169321517904324
-0.012206192455323617 0.9877425970656644 0.003213486731493514
-0.01217100949042274 0.9928238454755052 0.003138566556286152
-0.011878204137154642 0.9942314438597807 0.0032003632702397064
-0.011271724231569183 0.989695410525027 0.0031956183189522738
-0.01101263255813575 0.9964356499819972 0.0031698874690133244
-0.01081729859834013 0.9904728547452711 0.003215284802069919
-0.010782158008161652 0.9927268940620971 0.00314000413613933
-0.010489319592942154 0.9922483752787695 0.0031971916642134024
-0.009882852724964593 0.9953702835255076 0.0031989546040431774
-0.00962377269351607 0.9884763935465767 0.0031585101072742787
-0.00942840427524061 1.0014928740948699 0.003223479679190722
-0.00939330699156185 0.9972332529351814 0.00314237746930382
-0.009100435048729667 0.9989043980259498 0.0032019811529740657
-0.008493981218812728 0.9931408829248412 0.003195018850213514
-0.008234913294557677 0.9874929324486723 0.0031635753195968877
-0.008039510417802376 0.9996290259072749 0.0032203497458313172
-0.00800445597496205 0.9924049495334067 0.003138647419361801
-0.00771155050451718 0.9910195423156604 0.0031957204466517104
-0.00710510924791042 0.9951857452485602 0.0031937538007729333
-0.006846053429485269 1.0010177445974244 0.0031746336051196966
-0.006650616560818889 0.996439258871118 0.003218451144277878
-0.0066156049574541 0.9924268472235249 0.0031377730820348077
-0.006322665960304692 0.9997100674250687 0.0032052703611102178
-0.005716237742213977 0.9953412522264152 0.0031971725014650226
-0.005457193564865587 0.9868445325312307 0.0031603027960578583
-0.005261722237719368 1.0057912726401717 0.003224336263630678
-0.0052267534751930115 0.9913667648699198 0.0031406283310051867
-0.004933781416546952 0.995807469845485 0.0032042849063473188
-0.004327366236517534 0.9970397369909411 0.0031947213231764784
-0.0040683341663626145 0.9871936012373727 0.003160499643210335
-0.0038728283802811347 0.9924735718948433 0.003216409304033949
-0.0038379024581377897 0.9932448180219489 0.003141894020822772
-0.0035448968723344647 0.9938284048263049 0.0032023473691151403
-0.0029384942651598032 0.9903749112153628 0.0031921698048312432
-0.002679474302653775 1.0028032947182353 0.003167409065902405
-0.002483934522842901 0.9966710688248881 0.003223785280068916
-0.002449051441082567 0.988377093530877 0.00313790865140022
-0.002156012328121977 0.9935028453786011 0.003202366858558608
-0.0015496227594633603 0.9945503265479206 0.0031942422113382936
-0.0012906149041508022 0.9925159413656947 0.0031645172423480075
-0.00109504019974338 0.9970138969027127 0.0032197314702958955
-0.0010602004244827656 0.9960035882160154 0.0031390306479132557
-0.000767127784364237 0.992185843026495 0.0032009478627556434
-0.00016075125421964373 0.9963623464585826 0.00319797054593065
9.824496001345795e-05 0.9922712142935217 0.00316486430250762
0.00029385365724010626 0.992340489257075 0.0032157931824115015
0.000328651057778323 0.9940653087799335 0.0031376686127041597
0.0006217567598482505 0.9951913614324522 0.0032010108948299742
0.0012281207171353917 0.9979079669418577 0.003194123011940435
0.001487104358516431 0.9920857064512871 0.003160613632998211
0.00168274751467834 0.9910724591539901 0.0032184744828776006
0.0017175020743781244 0.9967788063015343 0.0031378981809026406
0.002010641304060738 0.9931236710848297 0.003198196031814882
0.0026169922228345293 0.9999275086304379 0.0032019933806689896
0.0028759642222279647 0.9911957357167638 0.003163733443590278
0.0030716413721165736 0.9904700987870103 0.0032178638535672877
0.0031063530905225045 1.0021356209822416 0.0031455666249338597
0.0033995258482732256 0.9921069729969523 0.003198332644162657
0.004005863728075551 0.9878104433314466 0.0031923280956258683
0.004264823620728243 0.9924838052135664 0.003159614782019818
0.004460535694761347 0.9952461641423479 0.0032182941024028015
0.004495204107122306 0.9982755350395085 0.0031425331121451056
0.004788410392485713 0.9902435635167237 0.003197927207356342
0.005394735699433282 0.9987820811899994 0.0031977805763998635
0.005653683484895198 0.9990781069674554 0.003163903633499483
0.005849429552199581 0.9917367381096622 0.003217639451036574
0.0058840555893833945 0.9912282568077547 0.00313709190705716
0.006177294936243453 0.9928808795560211 0.0032014339251429905
0.0067836072051297245 0.9931491690359249 0.0031967618285352454
0.00704254288294275 0.9912939616278756 0.003157054116021443
0.00723832340872832 0.993058310015676 0.0032187105854265164
0.0072729066055277755 0.9964532270438836 0.0031401175099523733
0.007566179480455941 0.9952468600885434 0.0031998123712191377
0.008172478710826167 0.9853398641966156 0.003189305134442915
0.00843140274710701 1.0008345447918883 0.003169545781302854
0.008627217265711806 0.995900045094006 0.0032186269212145613
0.008661757622127576 0.9936257389105878 0.0031396237444384816
0.00895506402466843 0.9942645572728519 0.003199221362201179
0.00956135021606719 0.9930195769294803 0.0031909019293756744
0.009820262145609982 0.9984175020640307 0.00316210323374492
0.01001611158835658 0.9918332832671959 0.0032165185655429885
0.010050608638727377 0.9859970350884344 0.003133298116714624
0.01034394856842617 0.9927055046615457 0.003199812238957452
0.01095022218742492 0.9936095511807944 0.0031945222546590894
0.011209121544112955 0.9947705457020461 0.003161348951301524
0.011405005445794814 0.9924940036896871 0.0032154065365111555
0.011439459656238021 1.0002152115522114 0.0031434888987905665
0.011732833112638657 0.991444070455629 0.0031981483163007604
0.012339093693121363 0.9980756443807123 0.0031964242589267223
0.012597981408277215 0.9895669309369513 0.003163533565389959
0.012793899303233047 0.995178633426001 0.0032162163992807643
0.01282831113849911 0.9981336182235895 0.00314215336514734
0.013121717656851144 0.9929364512440823 0.0031972639364969886
0.013727965198362384 0.9938673448476733 0.0031938112677500395
0.013986840806324768 0.9893807936898298 0.0031547413630930075
0.014182793160671281 0.9973894937846216 0.003218379915286594
0.014217162155098911 0.9882015687127493 0.003134953770833635
0.014510602201063632 0.9958838170540647 0.003200270496448542
0.015116836704058827 0.9960126440692758 0.0031952548824646827
0.015375700670489028 1.0119195725791197 0.0031619152173623607
0.015571687018109515 0.9960639180818858 0.0032193334713777754
0.015606013171698713 0.996589115975602 0.00314078024425743
0.015899486279614832 0.9924441949602089 0.0032015738492730938
0.01650570820975527 0.9965825957875795 0.0031958115151465324
0.016764560068992 0.9858137975070095 0.003161110811958632
0.01696058134211853 1.0020698083158488 0.0032212927214055175
0.016994864188298514 0.9922648713428414 0.003136128343594509
0.017288370823372572 0.9913359547417223 0.0032012929804033545
0.017894580181113 0.9895724757965915 0.0031920202986507546
0.01815341993270084 0.9905686595282797 0.0031622828648448205
0.018349475199556764 0.9950251524023908 0.0032192285906878855
0.018383715204898315 0.9925150062508011 0.00313892849336214
0.018677255368039807 0.990155474631594 0.003198808784320214
0.019283451686809443 0.9910537363781495 0.003192894940967245
0.019542279331203814 0.996838722592289 0.003163267465368493
0.019738369056994998 0.9945681642843851 0.003216069133435757
0.019772566221042696 0.9898581856446709 0.003137917520253349
0.020066139912252295 0.9959599822044279 0.003198804994006126
0.020672323192505886 1.0000305672493395 0.0031991392156642973
0.020931138730617627 0.9877067599381438 0.0031515048919439283
0.02112726291443323 0.9952813011069802 0.0032198558368614714
0.021161417703303785 0.9965974364547175 0.0031388721061078677
0.021455024455555288 0.9982941611107441 0.003200929553316609
0.02206119469911317 0.9989546652362152 0.0031975857117458985
0.022319998595237308 1.0016666610087308 0.0031652778107394437
0.022516156771416718 0.9908360935152453 0.0032148142603240174
0.022550268719903586 0.9951347251256295 0.003138798712492967
0.022843908999767775 0.9963455366716618 0.003202364216722708
0.02345006620571776 0.9924270987012167 0.00319350697581804
0.02370885799328486 0.9968574697950264 0.0031620583351821656
0.02390505109451624 0.9908223366913855 0.0032171133627603723
0.023939119736047967 0.9855897781147569 0.003135502676209985
0.024232793543980263 0.9994576839094036 0.0032023289894866367
0.024838937711869624 0.9897251210409722 0.0031944975570138913
0.02509771785744912 0.9906420745515387 0.003160523998453641
0.025293944951499725 0.9921374646623998 0.003215447692648822
0.02532797075264777 0.999434845910466 0.0031421133855316736
0.02562167808819275 0.9958147711190536 0.0032006266658372554
0.026227809217110647 0.992441076890705 0.003195190614635507
0.026486577256860242 0.9938173037569569 0.003159297859609445
0.02668283880893796 0.9946303197751531 0.003219742519403333
0.02671682176924757 0.9885651435869508 0.003134077069277006
0.027010562166289203 0.997695340410819 0.003203945187879804
0.02761668072280709 1.000032988809938 0.00319804456726835
0.027875436655818635 0.9952252526009906 0.0031631270379895767
0.028071732666376192 1.001026443132813 0.0032215507286841106
0.02810567278584737 0.9949749864203946 0.0031388260932520766
0.02839944671050169 0.9986705566446535 0.0032027350777521398
0.029005552228503532 0.9984465078537667 0.0031979863655384974
0.029264296519527475 0.9953245258381892 0.003164979051680741
0.029460626523814426 0.9930199525146498 0.0032171563517550913
0.029494523802902593 0.9943701596006724 0.0031380107580786898
0.029788331254714178 0.9964491886601623 0.003202430694279941
0.030394423734199975 0.9968017385823409 0.003194900534336306
0.030653155918030448 0.9950332877718133 0.0031615498073733848
0.03084952038125266 1.0033839175913308 0.00322068719931034
0.030883375285619102 0.9912272777733324 0.0031354248738723065
0.031177215798471918 0.9947010332286926 0.0031995616493952247
0.031783295239441 1.0003345540133592 0.003197488859925011
0.03204201531653342 0.9944414574812372 0.0031623728178115226
0.032238414238236146 0.991398730038189 0.0032107362868922093
0.03227222630312705 0.9936208339278183 0.003141098434483089
0.0325661003426844 0.9944947526595737 0.0031995895235619343
0.03317216674514013 0.9960383820844165 0.0031930045647715764
0.03343087518069768 0.9935652150444388 0.0031563896724252213
0.03362730809567438 0.99715109564959 0.003220045522869635
0.033661077320182274 0.9919603725450161 0.0031370423148880428
0.03395498488689689 0.9971802814239547 0.0032015636491354014
0.034561038250833884 0.9980202771966898 0.0031992381577348964
0.03481973457920065 0.9961655650785358 0.0031589124846940152
0.03501620195311261 0.997200442378619 0.003219206116694978
0.035049928336326655 0.9924582171867328 0.003134952973204823
0.03534386896544809 1.007263225191363 0.0032068444611032254
0.0359499097560776 1.0023910483652663 0.003199647895327661
0.0362085939772509 0.991721993250523 0.003162399391871487
0.0364050958100961 0.9907966536577401 0.003215776190397811
0.036438779352926456 0.9939339611386151 0.003136163132496091
0.03673275350966058 1.0030413931555608 0.0032045698459571325
0.03733878126177404 0.9998892548517941 0.0031960512827622564
0.03759745384141246 1.000805611017479 0.003168923263927123
0.03779399013319562 1.0004422047883779 0.003220841238049829
0.03782763036952626 1.005893640110527 0.0031475884069158094
0.03812163805341832 0.9979107133349895 0.0032024756811744573
0.038727652767470484 0.9965627982523005 0.003195439468171393
0.038986313239918136 1.0048335801695634 0.0031668148727584736
0.03918288398972436 1.0037904536089701 0.00322436487093269
0.03921648138612606 0.9959281285033844 0.0031387256451968232
0.039510522597630805 0.9992660210175333 0.0032019836379846398
0.04011652427316693 1.0030809597744976 0.003204057702300295
0.04037517263796569 0.9966559827535617 0.0031591175533823104
0.040571777846707846 1.0017985969100474 0.0032200363169528237
0.04060533240272586 0.9983428194776661 0.0031411796187337505
0.04089940714184329 1.0053735055862558 0.00320356379783747
0.04150539577886337 0.999381595125816 0.003196717801788821
0.04176403250212995 0.9968842736565668 0.0031596771619013912
0.04196067170369133 0.9932521820126491 0.003216304031633965
0.04199418341887024 0.9966175143836427 0.0031389982410155153
0.042288291219939746 1.003260753362155 0.0032031853762467385
0.04289426728410439 1.0028563156593575 0.0031981449011566953
0.04315289190063292 1.0000214721054104 0.0031610954835191727
0.043349565561129566 1.0058324143608737 0.00322155621376832
0.043383034435472735 1.0023785744121119 0.0031421199189831613
0.04367717576415223 1.003211046328083 0.0032040747209986535
0.044283138789800836 1.0007733144788982 0.003196371617043097
0.044541751299135894 0.9854644758318926 0.0031506426622036495
0.0447384594185678 1.0012828952317319 0.003219797251158581
0.044771885452069844 0.9932342341506867 0.0031349083573402525
0.04506606030836472 0.9996050848275178 0.0032003933613466073
0.04567201029549728 0.9949527782462927 0.003196388145051556
0.045930611163300154 0.9943682160683566 0.0031567464900814526
0.04612735327600603 1.005606619363448 0.0032222549090891416
0.04616073646821692 1.0064596326193735 0.0031452407995825014
0.04645494485257721 1.0018766247748052 0.0032037614215262547
0.0470608818007383 1.000220519263587 0.0031948744375914504
0.04731947056134771 0.992162794528767 0.0031562377394880633
0.04751624713344427 1.000092223912712 0.0032222965384155738
0.047549587950478006 0.9946856012594197 0.003135967411380229
0.04784382893112841 0.9989902195864635 0.003203545051378232
0.048449753306434744 1.0000122422949076 0.0031969489731115625
0.04870832995985068 0.9987337407356162 0.003162774570686532
0.0489051409908825 0.9996608404573533 0.003221263219458422
0.04893843896707781 1.0029455482199454 0.003142813739161365
0.04923271347488615 0.9983843484063564 0.0032026560358247172
0.04983862481213119 0.9974187754923703 0.003196466131550865
0.05009718935880907 1.0014347595487065 0.003162135626994869
0.05029403484923023 1.0037462622326294 0.003221364958970036
0.05032728998367761 0.9986759589513244 0.0031379454079175388
0.050621598019098636 0.9992620325149708 0.0032023788989356825
0.05122749631782763 0.9975595654049385 0.003197583601829055
0.051486049223881475 1.0033491182475598 0.0031660436910365577
0.05168292870666846 1.0003505563762634 0.0032197324026163056
0.05171614100073283 0.9996257185374087 0.0031398469720944288
0.05201048256376587 1.0018375442515666 0.0032018931475031984
0.052616367357862785 0.9988634798474204 0.003198815381151122
0.05287490862193173 1.0049816945987797 0.003166876839653343
0.053071822564106697 0.9936312185893144 0.0032155963392377063
0.05310499201778536 0.9948374932294431 0.0031373860644996377
0.053399366643226566 1.0015236731817165 0.003204493548118392
0.0540052388631065 0.9971303139293233 0.0031980142929339994
0.054263768020432 0.9945898866964241 0.0031577135576289694
0.05446071642109018 0.9980201919348987 0.0032198856188814934
0.05449384303438516 1.0066974713033008 0.003145683280539584
0.054788251186984306 0.9979753808518926 0.003200160530377045
0.05539411036880025 1.0053667333804297 0.0032001472688759094
0.05565262741893767 0.99333834133294 0.00315437168334975
0.055849610278528417 1.000937264720042 0.0032197724067877503
0.05588269405098496 0.9975163158388488 0.0031396614653172337
0.056177135731196794 1.0056742772499718 0.0032051211107736667
0.056782981874952114 0.9987645434164689 0.0031955551519746933
0.057041486816985225 0.9962198076948695 0.003160442372652885
0.05723850413596665 1.00123860917925 0.0032179795330675135
0.057271545067584764 0.9928304242270745 0.0031372028750099186
0.05756602027540928 1.0034883584197496 0.003204267955240551
0.0581718533815594 0.9984283069636011 0.0031984894506179216
0.05826561532548887 0.9990221823928465 0.003234885045992129
0.058430346681149485 0.9971096824524729 0.0031575817907704027
0.05862739799295014 1.0023972922196023 0.003222835629317524
0.058660396083729145 0.9982596943235742 0.003138496682182763
0.058954904353505734 1.0042722731655276 0.003204143786465037
0.05956072442113913 1.0044515424864549 0.003200564460576647
0.059654527342807816 0.9979071601793571 0.0032330406423595756
0.0598192060805606 0.9920241211212277 0.0031603627211429304
0.06001629185038837 0.9922138464219559 0.0032154829784837896
0.06004924710033164 0.9956462112189248 0.003136227762270328
0.06034378889771822 1.0044345171762659 0.003209373260628726
0.060949595926835576 0.9987227618414003 0.003197257899569515
0.061043439361036254 0.9950319156643406 0.0032364460306578435
0.061208065479519 0.997021555428651 0.003159459196240841
0.06140518524216532 0.9983915410267837 0.0032173603314538095
0.06143809811692875 1.003545560937148 0.003143284006591198
0.06173267344193071 0.9998243402530821 0.003202755759018245
0.06233846743253202 0.992592221449259 0.0031923859389297706
0.06243235137926469 1.0020615891149234 0.0032370153102524385
0.06259692487756655 0.9975301094433402 0.0031594021074097083
0.06279407909960355 1.0020849773903795 0.0032230170500490247
0.06282694913398397 0.9939688544600341 0.003139100113370795
0.06312155752048192 0.9984686597375289 0.0032016038929611516
0.06372733893777305 1.0021243365024353 0.003199696788943557
0.06382126339749312 1.0044505413219724 0.0032420395700922294
0.06398578427606952 1.0009976164284404 0.0031641579877904123
0.06418297295704178 0.9988833218263397 0.0032204238826824385
0.06421580015103918 0.9966018311165702 0.0031357704828421837
0.0645104420646944 0.9976809629150761 0.0032026306914070754
0.0651162099778082 0.9987188579860992 0.0031980535831568208
0.06521017541572156 0.9996715247304616 0.0032390545414020056
0.06537464414023378 0.9974026830097703 0.003165134282561531
0.06557186681402527 1.0001423042267634 0.0032214558538396685
0.06560465116763899 0.9951889422354447 0.003138541716327351
0.06589932660845214 0.9991009713002835 0.0032016288338585067
0.06650508148350465 0.9997784688136299 0.003198872178218949
0.06659908743349525 1.0026521200282839 0.0032434311959401896
0.06676350353873675 1.0022217174276722 0.0031627704085111378
0.0669607606714635 0.999916537438801 0.003218200853607383
0.06699350218423879 1.005795923889814 0.0031360207016368383
0.06728821068700334 0.992954250281982 0.003201029604919442
0.06789395298920109 0.9990930101466287 0.0031973962107366906
0.0679879994517237 1.004693087600938 0.0032434025420881277
0.06815236293723972 0.9962811575994013 0.0031621320007724357
0.06834965452890174 0.9983846481962769 0.0032221019213153883
0.06838235320038318 0.9952835589559292 0.003129881919024243
0.06867709523121583 1.0003880409938188 0.0032044179670460806
0.06928282402923625 0.9976420992504448 0.0031967156847275357
0.06937691146949738 1.0000729196060156 0.0032448858186152115
0.06954122233528998 1.008527710775696 0.0031692131548650177
0.06973854838588522 0.9957301496042357 0.0032182474178681403
0.06977120421698298 1.006222644246884 0.0031462678514291667
0.07006597977497357 0.997181276446396 0.003201389590312885
0.07067169553447995 0.9999149501537572 0.0032007142734323353
0.07076582348772582 1.0013771488326904 0.0032422129705491146
0.07093008173379026 0.997991888048934 0.0031561248612114656
0.07112744224241396 0.9998209750048199 0.0032203924839101063
0.07116005523449362 1.0054432101491488 0.0031417045426642824
0.07145486385352477 1.001169990122918 0.0032053001877360857
0.0720605670401737 1.0038268454927821 0.0032015639257618913
0.07215473504029297 0.9954507712770445 0.0032438399153366868
0.07231894113229592 0.9984930301603451 0.003158441295916101
0.07251633609939745 1.0037603435977671 0.0032223105229945994
0.07254890625154885 0.9954857581335251 0.003137912780139429
0.07284374839773726 1.0031577768368858 0.0032049332286672133
0.07344943808021155 1.003277938137694 0.0031986654916817806
0.07354364705852141 1.0034893010535053 0.0032464886059476307
0.07370780099600475 0.9987210000601112 0.003159694138085571
0.07390522995683568 1.004276830732565 0.003221619737116883
0.07393775726769322 0.9994846177300063 0.0031394261921812204
0.07423263294194975 1.0012483988180894 0.0032037998012355707
0.07483830958545258 0.9970763172158272 0.0031968537592097436
0.07493255907674985 0.9895735383101066 0.00323862149548681
0.07509666039450773 0.9958082616278987 0.0031592156760277754
0.07529412334815788 0.9933164266284179 0.0032135845239862387
0.07532660828429302 0.9961675499088415 0.0031402521081329592
0.07562151702050095 1.0004136328474673 0.003204993503791515
0.07622718109114902 1.0023477057747125 0.003198937002677064
0.07632147062886226 0.9974500755227107 0.003246172922825219
0.0764855197930107 1.002031890490293 0.003159502780352495
0.07668301720559612 1.0015071103524191 0.003220816093608835
0.07671545930089282 1.0021959467093147 0.003143236516467995
0.07701040156425869 1.000330539258258 0.003203245864593237
0.07761605213118418 0.9994346768336229 0.003196165911308096
0.0777103826470907 0.999482406088579 0.0032457671429791334
0.07787437919151367 1.00342494293746 0.0031695495087776067
0.07807191106303435 1.001886845205666 0.00322300978360924
0.07810430985183134 1.0057799535986276 0.0031431538281875494
0.07839928610847118 1.0024132815610005 0.003203019200234771
0.07900492363778877 0.9994882569086211 0.003198302124216606
0.07909929466531913 0.9990457109453457 0.003248347512725044
0.07926323859046938 1.0024036017355271 0.0031639047349870737
0.07946080492047258 0.9964721742430448 0.0032163373380248205
0.07949316086843114 1.0057573232585726 0.003144760024709583
0.07978817018702238 0.9998339234039956 0.0032049428040191253
0.08039379514348521 1.0022821701656168 0.0031965545969278616
0.08048820621743154 1.003017578845417 0.003247319844052296
0.08065209798942777 0.9981190268162062 0.003161578736900461
0.08084969877791082 0.9987975356007496 0.0032224155778604194
0.08088201188457551 0.9992681778067457 0.003142447567907343
0.08117705473078078 1.0009040673971932 0.003202491078697976
0.08178266618352037 1.000158661701068 0.003198801839298584
0.08187711823565998 0.9990219719511362 0.0032489986366011706
0.08204095738793074 1.002946974347189 0.0031672721386997423
0.08223859263534905 0.9963577502607036 0.0032177005443046495
0.08227086290117532 1.0029520106476486 0.003141444600290931
0.08256593880933198 0.9967767330089818 0.0032039024862630682
0.08317153768921681 0.9906961502548668 0.003193233870741348
0.08326602978822713 0.996575470469578 0.0032472572178456212
0.08342981678643371 0.9949717426596351 0.0031584586150443916
0.08362748602803549 0.9989928987859107 0.003220859629724282
0.08365971391777512 0.9956531927079214 0.0031383771977428884
0.08395482335354447 1.0036780603876712 0.003203924005713572
0.08456040872925197 0.9982949431806668 0.0031960136894927447
0.08465494180645557 1.00479703703104 0.003250880634860604
0.08481867618493669 1.0065557668300111 0.003158309331744071
0.08501637988547373 1.0010553825463668 0.003219250411029296
0.0850485649339195 0.9897038441170635 0.003129914243530095
0.08534370789775696 1.0036312179107496 0.0032044322397891444
0.08594928023494841 0.997829022789658 0.0031986477115334895
0.08604385335902272 0.9982291080055965 0.0032499701286269438
0.08620753558298694 0.99821454580663 0.003159921511010281
0.08640527374291196 0.9998048291142979 0.003216457617649624
0.0864374159505193 1.000163323122367 0.0031461435621397494
0.08673259197630816 0.9956168217045298 0.003200304021593508
0.08733815127453083 1.0002955119730033 0.003198091372549405
0.08743276537679641 1.0037038656007875 0.0032523910997170856
0.08759639498148722 0.9985771724218344 0.0031608594603146456
0.08779416759989545 1.0071734773052103 0.0032235814944303258
0.08782626696711911 0.9954301943465524 0.003142480688019509
0.08812147652006523 0.9992217589404429 0.003204935366126204
0.08872702278022458 1.0031274981183276 0.003200125758614388
0.08882167692936356 1.0023881903528402 0.0032541091769731608
0.08898525484565417 1.0025807883958378 0.003165763463680537
0.08918306099167239 1.0028997543637894 0.003224052341075947
0.08921511798371891 0.9989983472730004 0.0031381005481342316
0.08951036059861643 1.0002603876986842 0.0032031877515426837
0.09011589382071516 1.000607476635514 0.0031978400981815037
0.09021058848193071 1.0022578062259164 0.003254357127612104
0.09037411424370172 0.9958518701156696 0.0031590157400359954
0.09057195484911063 0.9992281509583644 0.0032173542482188547
0.09060396900031871 1.0004849008005503 0.003142746026484197
0.09089924514282892 1.0031223889679484 0.003207647333221222
0.09150476532732245 0.9997752953108363 0.00319625843149213
0.0915995004997044 0.9950481692652213 0.003252762797234678
0.09176297364220469 1.0033354115381583 0.003169578919183006
0.09196084870609411 0.9998749358435184 0.003221614277671041
0.09199282001691851 1.0032832935819807 0.003141560698667695
0.09228812922092469 1.0007090322264507 0.00320665286416471
0.09289363636690218 1.0024215684334477 0.00319815884163939
0.09298841205227155 1.0040385446077884 0.0032542277731649545
0.09315183304161581 0.9926005438450178 0.003153490079450404
0.09334974256353235 1.0041160074108162 0.0032224161767651356
0.09338167103442915 1.002475096748158 0.0031434542080779
0.09367701376513718 1.001983786341001 0.0032019503440746796
0.09428250787259862 0.9957509861398036 0.003195397081082805
0.0943773236048387 1.0034071615244915 0.0032544584282184503
0.09454069244057421 0.997483049779338 0.0031631922279482735
0.09473863595530929 0.998888920085045 0.00322075731244856
0.09477052158536767 0.9957704735161291 0.003140617697866694
0.09506589830934967 1.0004789860446657 0.0032035968744655373
0.09567137891263378 1.0037547843758627 0.003197834962635735
0.09576623562306714 0.9999700124379822 0.003255088516292934
0.09592955183862176 1.001002274148487 0.003162906570012477
0.09612752981274753 0.9994855046861635 0.0032171844620239452
0.09615937260242019 1.0005246982360503 0.0031448212826944407
0.09645478238790087 0.9965832008797347 0.0032035833302235576
0.0970602504178748 0.9986460455840857 0.0032009194262269483
0.0971551471756343 0.9998930289583847 0.0032527228609578
0.09731841123712473 0.9945457497939488 0.003155036889727536
0.09751642366973101 1.0007436922663873 0.0032181061802818304
0.09754822361947542 0.9964260591952872 0.003142090553695196
0.09784366693211335 1.008374611261794 0.0032085423136198176
0.09844912145790996 1.0021528807594924 0.0031975410307214652
0.0985440587277467 1.003579742329639 0.003255587273782243
0.0987072706356277 1.0064068600369038 0.003167928305664675
0.09890531752716925 0.9980953574277692 0.00321611851464346
0.09893707463607522 0.9992934611242987 0.003139571602057268
0.09923255101021049 0.9938577667980573 0.0032008051230363165
0.0998379929636064 1.001447889622794 0.0032009131399142257
0.0999329702798591 0.99980567441446 0.003256461707824265
0.10009613003413068 0.996660906205118 0.0031607031657527136
0.10029421091894619 0.9998787549817605 0.0032170792373896985
0.10032592565267502 0.999797599200487 0.00314043044877588
0.10062143555442297 0.9953569676840468 0.0032016984931784002
0.10122686400364156 0.9954508196916733 0.003195431030945083
0.10132188183151676 1.0004524199366147 0.0032551150066213543
0.10148498943263365 1.002966692566742 0.003158984772629431
0.10168310477547493 0.9992990600167715 0.003218559937312992
0.10171477666927482 0.9825909727294232 0.0031272988954399415
0.10201031963297418 1.0057937459352513 0.003208314307378752
0.10261573504367671 1.0031324023822803 0.0031974097786278298
0.10271079338408391 0.9978924603490912 0.003254573402881227
0.1028738488306839 1.0033955400172898 0.0031670962236741685
0.10307199863200367 1.002163131299012 0.003221322283748416
0.1031036276854219 1.0079011057621312 0.003149953064501581
0.10339920417673258 1.001753040220494 0.0032020797211552514
0.10400460654892042 1.009402562495105 0.003192062209649273
0.1040997054018576 1.0039029876520755 0.0032575954228656312
0.10426270822918418 1.003674032128715 0.003166220838963783
0.10446089202378062 0.9990085384433213 0.003220538421877294
0.10449247823635771 1.004000993852442 0.0031429685430589666
0.10478808825528378 1.005327220782593 0.0032074525947422615
0.10539347758895289 1.0033745049641272 0.003198499908091588
0.10565156762768985 0.996397930111717 0.003159321252197445
0.10584978588121885 0.9994098833100873 0.003216311057779398
0.10588132925296022 0.9853864166834723 0.003134391630059631
0.10617697279949627 0.9962189865424677 0.003202015454487904
0.10678234909465202 0.9958040472544457 0.003197147739461601
0.10704042702573739 1.0009332320216682 0.003166093731677382
0.10723867973820234 1.0043092559651787 0.0032218145402339686
0.10727018026910459 1.0018730422454325 0.003144391563452995
0.10756585687804747 0.9978179276858159 0.003201885137074867
0.10817122013423176 0.9983042890936166 0.0031967323989827165
0.10826644005910431 1.000887194417443 0.00325731918236554
0.10842928595948723 0.9977598569511887 0.003165614612732455
0.10862757312997928 0.997002363239305 0.003216776128615605
0.1086590312857044 0.9970450032035324 0.0031409866097226492
0.10895474142180454 1.0034218048679473 0.0032043771558401906
0.10956009117426692 0.9967729103517202 0.0031982084628657307
0.10965535161167146 0.9943484601723599 0.0032541846361123644
0.10981814535844563 0.997975021410594 0.003169507810561471
0.11001646698741752 0.9950661198591805 0.0032153836460029517
0.1100478823023042 1.0062781059934223 0.003147847508801011
0.11034362550035574 1.0033469636359484 0.0032059301391008555
0.11094896267996336 1.0019322083237423 0.0031995983960906665
0.11104426269857733 1.0016989093312505 0.0032547679299404653
0.1112070047569486 0.9976245584260182 0.0031602132996749873
0.11140536084485575 1.0031145465513007 0.0032194016548040263
0.11143673331981215 0.9933444240755824 0.00313408309148946
0.11173251004456823 0.9995187249895999 0.003201337174393523
0.11233783371999852 0.9980899089233385 0.0031949473368990114
0.11259586415499614 1.0041572389830784 0.003165699904495539
0.1127942542366327 1.0005720376754492 0.0032173452085094314
0.11282558387075066 1.000615166734106 0.003144267194826601
0.113121394122664 1.0066381131554976 0.0032098605655879364
0.11372670476003367 1.0007945032060261 0.0031973548124364488
0.11398472355349912 1.0025244525048933 0.003165420488283108
0.11418314809361618 1.001680994238771 0.003218345515231708
0.11421443488735046 1.0084061696658098 0.003150449387972484
0.11451027866687649 1.0037171907046032 0.0032043570976603908
0.1151155757996134 0.9991648502815919 0.0031956040072673286
0.11521099735718827 0.9905744556925328 0.003248249884044139
0.11537358295200209 1.0081039836818977 0.003166294677843704
0.11557204195150916 0.9983826749402533 0.003215338296626023
0.11560328590395026 0.9977807611216342 0.0031436623258418476
0.11589916274542769 1.0032944792096015 0.0032039697044678518
0.11650444730530984 1.002202899960448 0.0031981256545819486
0.11659990890975543 0.9965470446212831 0.003255904235375483
0.11676244235050506 1.0116475929239668 0.0031712261534759603
0.1169609353441956 1.007043608479033 0.0032249001114369766
0.11699213692055006 0.9996698410642972 0.0031430870882564587
0.11728804728964018 0.9954892608502091 0.003200969468124744
0.117893318345345 0.9951895768861282 0.0031940935548740125
0.11798882046232258 0.9949201949228224 0.0032585132432208903
0.11815130174900804 1.0010408280662173 0.0031636071582080115
0.11834982920163384 1.0031592672674305 0.0032239074517348074
0.11838098793714986 1.0047811023981923 0.0031479445046066167
0.1186769313686468 0.9949678446548981 0.003200306534649429
0.11928218938492474 0.999211825196847 0.0031963049470902496
0.11937773154922844 1.0028360634903648 0.0032604586317277677
0.11954016114705829 1.0010130812522395 0.003161505994108776
0.11973872259295604 0.997792867104374 0.003214204566485244
0.11976983848763566 0.9993177526543909 0.0031408262812669422
0.12006581544765342 0.9962635775220047 0.0032004287065432574
0.1206710604249599 0.9980264120931177 0.0031968065222273455
0.1207666431008861 0.9932337420921209 0.003256052104426561
0.12092902054555857 0.9994082167339309 0.0031658436488376336
0.12112761645039427 0.9997333935090349 0.0032204741562616825
0.12115868950423275 1.0002142482973508 0.0031445691735294563
0.12145469999186591 0.9991220542476303 0.0032050700830776285
0.12205993193065634 0.9974767766299749 0.00319511969054738
0.12215555465254375 0.9973237587656711 0.0032548397821350996
0.12231787994406423 1.0010339910552741 0.0031650591070007893
0.1225165103078325 0.9958923930476088 0.0032158834058693075
0.12254754052083526 0.9932404452505108 0.003138455936559408
0.12284358407041711 1.0049424045724453 0.0032031297122529245
0.12344880297160234 0.9946150419549918 0.003193254324595139
0.12354446573944962 1.0024962549604302 0.003262317433054655
0.12370673887645049 0.9988020742747328 0.003167424890778237
0.1239054036991547 1.0018507823149323 0.003220389660321366
0.12393639153697963 1.0003603089300908 0.0031423469161685983
0.1242324686146296 0.9987182885943241 0.0032056965899592738
0.12483767401163749 1.0029540541001238 0.003197798327413782
0.12493337729201677 0.9983084613079867 0.0032572266073665245
0.12509559827495348 0.9950255644952527 0.0031589278156097115
0.12529429755659294 1.0003645274065485 0.0032189055916930667
0.12532524255357944 0.9976334844629048 0.003142430255209554
0.12562135269272537 1.0000483948697148 0.0032010631893214453
0.12622654505167263 1.0007199739855757 0.0031969142372412027
0.1263222888441292 0.9980872495732713 0.0032552738395932946
0.1264844576743646 1.0022025261904273 0.003170863842636594
0.12668319094836988 1.00036667046529 0.003219487667651011
0.12671409310451795 1.000425316737767 0.0031425788266632526
0.12701023677127657 0.9985057458933639 0.0032013871443905277
0.1276154160917078 0.9956472794423712 0.003196490512515085
0.12771119993103505 1.0026812740090902 0.0032613350463612067
0.12787331707332297 1.0006866817712814 0.003166530332468424
0.12807208480580812 1.0014976639232143 0.003217448985301103
0.12810294412111775 0.996802624942549 0.003142600591431059
0.12839912131548906 0.9997676297447277 0.003204346299680987
0.12900428759740423 1.0029423253453245 0.0031969340377479218
0.12910011148314746 1.0071372808487387 0.0032637337592888154
0.12926217647137053 1.0021291681854503 0.0031668505288943425
0.12946097819758506 1.006951498880813 0.0032245465085546455
0.12949179513817027 1.0008473316255757 0.0031423740350859336
0.12978800539358484 1.0026627600139264 0.0032033123463683423
0.1303931586374394 1.0004094486199198 0.0031996407941378164
0.13048902257005332 0.9985224967396679 0.0032600479899459497
0.1306510358698735 0.9907100483077965 0.003162761888284048
0.13084987205456855 0.9992571985819365 0.0032151355127588645
0.13088064615613634 0.9953426890646463 0.003136358681376744
0.13117688993779733 1.0013107331488191 0.003205153084144253
0.13178202967701913 1.004379464423005 0.0031968432314203837
0.13187793412262047 0.9955780852518054 0.003258299050250862
0.13203989526837648 0.9957504108371349 0.0031676218565474994
0.1322387654463455 1.0022426319396847 0.003219842590592127
0.13226949670753027 1.0017263880835177 0.0031456509758788992
0.13256577401634853 0.9945629010066106 0.00320006475647415
0.13317090071705429 1.0052017799527881 0.0031964650618349078
0.13326684520952634 1.0018049831616989 0.0032623809228270032
0.13342875420121816 0.9974514864709472 0.0031554153561561367
0.13362765930332898 1.000023005459446 0.003218054867096984
0.13365834772412738 0.9927710609582768 0.00313762356575378
0.13395465809489973 1.0016125049340505 0.003205594008516243
0.13455977175754485 1.0041385759665815 0.003196872557756871
0.1346557567620935 0.9969950381339003 0.003261381906487007
0.13481761359972114 1.0007002660438689 0.0031661671109921383
0.13501655269419643 0.9996208565720857 0.00322220062577739
0.13504719874027446 1.0064366073875448 0.0031487043681774664
0.13534354263911222 1.0002045227902867 0.0032034498929741535
0.13594864279848817 1.0005479946411415 0.0031977158732255278
0.1362064729977714 0.9913688489739934 0.003157728808635038
0.13640544655117992 0.9982577433562384 0.0032163337104249056
0.13643604975687426 0.9973033852866101 0.0031382470278873606
0.13673242671720934 0.9925380418576636 0.0031996013412020747
0.1373375138380706 0.997989233005372 0.0031942739757774797
0.13743357893545047 0.9946444434441954 0.0032551071113552754
0.13759533239672708 1.0037426584194853 0.0031700402689718685
0.13779433994295687 0.9972278690122212 0.0032205713101907166
0.13782490030781278 1.0045182567934283 0.0031464911122495716
0.13812131126142183 1.0039877852696169 0.0032040001252999152
0.13872638487810304 1.0026207810501955 0.0031964548218867575
0.13882249048801762 0.9966138457691484 0.0032566615818310843
0.1389841917961409 0.9924143854409807 0.003163392407839591
0.1391832338003951 1.0011172510451058 0.0032190079612629883
0.13921375132441258 0.9972846848245766 0.003144806165986285
0.13951019533997303 1.0043861970320043 0.003203612262724239
0.14011525591814092 0.9992504363665227 0.0031978035894349366
0.14021140157446874 0.9965949387323313 0.003257953040266154
0.1403730507289826 0.9968367070038239 0.0031582507304343567
0.1405721271917173 0.9989023964294953 0.003218403776554973
0.14060260234101238 0.9996598322759995 0.0031440957384616225
0.14089907941807017 1.0003093345361818 0.0032035781523722323
0.14150412695772063 1.002566826640936 0.003197834838167283
0.1416003126604651 1.0010710705558536 0.0032636887425295715
0.14176191012703013 0.9979076016435922 0.0031710484192036216
0.14196102104915553 0.9999695416597971 0.0032167107198724397
0.14199145289149548 0.9936904704490501 0.0031424507788074354
0.14228796396228266 0.9989619116083648 0.003201473522830852
0.14289299846341708 0.9984810790357325 0.003196069535027843
0.14298922374691622 0.9933210044987334 0.0032567193893371124
0.1431507695255331 1.0039248953596682 0.003168076394535343
0.14334991444093248 0.9965221877413077 0.003214410115834297
0.14338030390809528 1.0001719393954116 0.0031418789114277543
0.14367684804083386 0.9955893907004152 0.003198748775956399
0.14428186950345223 1.0019599552282634 0.0031963717887052425
0.14437813529948337 0.9987105894729921 0.003258897349568274
0.14453962892403607 1.002511008163459 0.003167382744460868
0.1447388082983707 1.0001309900691888 0.003217505264707211
0.14476915492469508 1.0037868075683283 0.003147871422570073
0.14506573211938506 1.002591820355122 0.0032038806490176327
0.1456707405434874 1.0009192500835764 0.0031957398183637873
0.14576704638684398 1.006701116506125 0.00326083306791048
0.14592848785642235 1.0025008105058004 0.0031670883897182505
0.14612770169014766 0.9954793178373825 0.0032144512365923006
0.14615800594083944 1.0023189215567891 0.003144469572892351
0.14645461666359755 0.9961289580585975 0.003201307171626462
0.14705961158352254 1.0058592074280974 0.0031988563850704013
0.1471559574742046 0.99964924789102 0.0032594966383766074
0.14731734725492532 1.0037543704462006 0.0031706702648459546
0.14751659554713115 1.0031984267835852 0.0032216684355577136
0.14754685649177796 1.0026448521241755 0.0031454424724866193
0.1478435007416933 0.9960522894230602 0.00319539932597658
0.14844848262310228 1.000071500344155 0.0031955880165214653
0.14854486856111046 1.0038522384232933 0.0032642248928555846
0.1487062066534283 0.9969182325675998 0.00316299918289676
0.14890548893936284 1.0000866499588383 0.0032174440044009122
0.14893570750837776 1.0079347829323266 0.003151617298198968
0.1492323848202445 0.9993513979771959 0.0032032047531713272
0.14983735366313744 0.9898052185697501 0.003189988975788385
0.14993377964801632 0.9988217463658611 0.0032593271403556622
0.15009506605193126 1.00220363362913 0.003161177392894584
0.15029438279771057 0.9960744219796136 0.0032141756701825554
0.1503245585258884 0.9995972413773392 0.003138983547602032
0.1506212688983403 0.9979827751136872 0.0032017894726202867
0.15122622470271718 0.9980352109361361 0.0031968448801506675
0.15132269073446744 1.0023002860045966 0.003260418885594875
0.15148392498477295 1.0021984264635049 0.0031689376224650723
0.15168327618948751 1.0013690812208687 0.0032220737278278212
0.15171340907682693 1.0060088168532677 0.0031449758506486647
0.1520101534420987 1.0013776154704752 0.0032004844573939556
0.15261509527709105 1.0015776334211888 0.0031972263465496224
0.1527116018213733 0.9964432952419311 0.003259765929623032
0.1528727843828232 1.0039639428297742 0.003168180174278071
0.1530721695808097 1.0010942966640641 0.003219032272364241
0.15310226009342673 1.0023539601637876 0.0031321583987075547
0.15339903752110398 1.0018200356213611 0.0032036996170661976
0.1540039663171262 0.996327787766355 0.0031930947288861945
0.15410051290827917 1.0032275251664498 0.00325913220320453
0.15426164378132348 1.0041654250767005 0.0031705571950337197
0.15446106343824795 0.9982689748432689 0.0032191616083804744
0.15478792159965518 0.9992858501213465 0.0032019561638009716
0.15539283735716136 0.9912990119850171 0.0031895559775955086
0.15548942399518503 1.003725678519501 0.0032612636450637554
0.15565050317982915 1.0042099054368647 0.0031670121824526
0.1558499568300249 0.995945438176873 0.003217896149030539
0.15587996166096504 1.0062737121531236 0.0031469165896551255
0.15617680614386767 0.9979625522318637 0.003197684919294384
0.15678170839810734 1.0014407714240565 0.003197310708226745
0.1568783350820909 0.9966461325280561 0.003259243419650942
0.15703936211221542 1.001225514737646 0.003159794662210423
0.1572388502213471 1.0002227992671584 0.0032181412451838583
0.15726881267756485 0.997335785440905 0.0031445612705359345
0.15756569022241887 0.9968855122079368 0.003199221177003913
0.1581705794381425 0.997392124224692 0.0031954915911081017
0.15826724616854201 0.9985423119475142 0.0032570355152946985
0.1584282215107184 0.9927770856160069 0.0031589963683958736
0.15862774407878533 0.9902432785692542 0.0032131397484786895
0.15865766369370923 1.0004081087931374 0.0031419100668641257
0.158954574300516 0.9973581090902159 0.0032017605103908777
0.15955945047817766 1.001580173017089 0.0031973599278084593
0.15965615725544788 1.0011845853655388 0.0032625048132558336
0.1598170809101295 0.9988060623494018 0.003164703485813951
0.16001663747056227 1.0056200225849816 0.003220643701399916
0.16004651424464775 0.9950006780941304 0.0031418892377442077
0.1603434583790672 1.001133697158466 0.0032003961272167617
0.1609483215182128 0.9985061526608299 0.003195029680309519
0.16104506834235374 0.9998496795155317 0.0032579674619656303
0.1612059398434266 0.9944895615154695 0.0031659526810464515
0.1614055313280005 1.007480413081855 0.0032235627168005717
0.16143536526124755 0.9991392436775073 0.003143017276194426
0.16173234292327968 1.0014027836726749 0.0031990758484303915
0.16233719255824797 1.0011345515708456 0.0031958581664233046
0.16243397942880486 0.9999267265592376 0.0032604598658474465
0.16259479924147416 0.9950928750942268 0.0031615910204471583
0.16279442471977745 0.9938360870666408 0.003211512836891584
0.16282421581264148 0.9966358800560637 0.0031433874369015398
0.16312122700137682 1.004784898741403 0.0032040881770784195
0.1637260635978277 0.9941307735801203 0.003193208326102751
0.16382289051480123 1.0007436195464787 0.003252021917339005
0.16398365863997713 1.0019271545589161 0.003167107570592704
0.16418331811109965 0.9995834799197993 0.0032216963712073435
0.164213066829694 0.9982094059064597 0.0031444738160446807
0.16451011107992802 0.9939853836819228 0.0031973363293259713
0.16511493463786286 1.0023789500410956 0.003198233267587476
0.16521180113559106 0.9988404610790875 0.0032628502661795175
0.16537251757281882 1.0022221536151596 0.0031650711538844358
0.16557221196808314 0.9987011029124779 0.0032142631427076623
0.1656019178462965 0.9969628550853272 0.0031428091220575462
0.16589899515847922 1.0085934682447462 0.0032024229567242986
0.16650380521223673 0.9987543276683255 0.003194404045770889
0.16660071222249692 1.004138367925474 0.00325763872787901
0.16676137697223264 0.9992655101521375 0.003162746304005598
0.1669611053589506 1.0030895098602963 0.003224442779295612
0.16699076839723231 0.999649688965 0.0031439153967891646
0.1672878797026917 0.999990709746762 0.0031987417107566603
0.16789267625181648 1.0012445545522393 0.0032002111489507303
0.16798962330894804 1.00034993129507 0.0032578690187688737
0.16815023637073562 1.0050820585275297 0.0031730423588863074
0.1683499987502728 1.005149356238111 0.0032185143051378204
0.1683796194133794 1.0013638098095488 0.0031431547228388435
0.1686767637812429 0.9967133107639162 0.0032002530526083445
0.16928154729185163 1.0041518367621396 0.003199093683223701
0.1693785343958539 1.0058748343153596 0.0032561982904726157
0.1695390953035773 0.9970632170905687 0.003165568132052302
0.16973889260771102 0.995258057423162 0.003212966990366905
0.1697684704299792 0.9960985641930407 0.003140059154884174
0.17006564785933867 1.0002518816992048 0.0031992704433409683
0.1706704183318868 1.00329379354447 0.0031957199002396086
0.17076744501709848 1.0024402397487622 0.003258134341538122
0.17092795470208028 0.9988597532895834 0.0031646261895421947
0.17112778599948797 1.0000518454661855 0.0032169092177842104
0.17115732098182584 0.9991813154175238 0.0031455059034052207
0.17145453193788987 1.000152692994655 0.00320437060881091
0.17205928937192194 0.9997390792412231 0.003195880874100041
0.17215635610400434 1.0046297780997073 0.0032605643369551605
0.17231681363492196 1.002872947062756 0.0031700903251117908
0.17251667939081017 1.0035324979682774 0.003220411392848217
0.1725461719988811 1.000438072983745 0.0031428556472567035
0.17284341601644107 0.997480653390212 0.003197809371583528
0.1734481599462958 1.0025416017694642 0.003197034050554722
0.17354526672524892 1.0024792587948956 0.0032561032071641133
0.17370567303342493 0.9990904425066932 0.0031627664498526426
0.17390557278258711 0.9986805023136944 0.0032183561335458227
0.17393502254936416 0.9991805648363488 0.0031423860298836646
0.17423230056019814 1.0039633089056312 0.003200655896065082
0.17483703098587552 0.993866523215274 0.0031934042339030505
0.17493417781170004 0.9974339303035072 0.0032563642453800118
0.17509453243147247 1.0049889545530661 0.003171251133000053
0.17529446664002535 0.9994035738370584 0.003219811499490344
0.17532387356596396 0.997150769691672 0.0031414662614147526
0.17562118463874934 0.9968502114169059 0.003199033568276401
0.1762259020259134 1.00463190138348 0.0031973052516664035
0.1763230888986059 0.9998583884486049 0.0032564793963849414
0.17648339136431415 1.0071836770304814 0.003162031699922157
0.1766833600318023 0.9993395331318121 0.0032140659660058026
0.17671272458256376 1.0055658059399633 0.003144002171188775
0.17701006871730054 0.9983190203160851 0.0032000491252052402
0.17761477306594584 1.0019592865522433 0.003195478669398433
0.17771199951985048 1.0036262430754697 0.00325738425049415
0.17787225076281712 0.9981357417889442 0.003156162693911222
0.17807225342357924 0.9969095924852464 0.0032173674681856843
0.17810157513350228 0.995429441636936 0.003141798921952086
0.17839895279585175 0.9978094540604588 0.0031994087490845435
0.17900364363986698 1.002927036706368 0.0031968729492925065
0.1791009106072111 1.001120319804179 0.0032536999197230482
0.1792611096952034 0.9955611300840025 0.0031624043285477703
0.17946114728056273 0.9983057697627518 0.0032171821517105407
0.17949042615010208 1.0084417266673555 0.003150570297614172
0.17978783687440295 1.0081882242429503 0.003205305080541931
0.18039251467990214 0.9993874677778494 0.003195507975000891
0.1804898212289104 1.0023441636151476 0.003257166360395608
0.18064996909370637 0.997428500257442 0.003164134477231879
0.18085004067233967 0.9964417684937396 0.003214867155031577
0.18087927670058518 1.0021573725847583 0.0031443494823329772
0.18117672095250006 0.9974619370935227 0.0032000762339419835
0.1817813857199373 1.0030648670603781 0.003201087362402176
0.18187873231581628 0.9961711813059879 0.0032507909385529384
0.18203882849220934 1.0021452078141015 0.0031680174223934093
0.18223893406457137 1.004891476583282 0.0032200377039898055
0.18226812771718767 0.9967230358395074 0.0031415155687645174
0.18256560549671255 0.9959698433599276 0.0031955880464295526
0.18317025629431116 0.9874739552223258 0.0031859722668750924
0.18326764293706085 0.9975054777855393 0.0032532580813561932
0.18342768742505103 0.9993364470395573 0.0031666656279715497
0.1836278274572578 0.9995054543044902 0.003220015658801132
0.1836569782681235 0.995974548698054 0.003145485699032651
0.18395448957526375 1.001045670800259 0.003200438440536715
0.18455912733434632 1.0038438165289116 0.003196347024948338
0.18465655355739594 1.0045152862228188 0.0032576302115079623
0.1848165468230986 1.000630677761334 0.003166104872738216
0.18501672084858 1.0044371184365364 0.0032209326139973917
0.18504582928427057 0.9920616947616413 0.003135990691727648
0.18534337365426903 1.0034610965015605 0.003199184840721708
0.18594799837392606 1.0028949281369162 0.0031972349746716136
0.1860454646433923 1.0019319201321855 0.00325671882685943
0.18620540575594297 1.0023534135583827 0.0031678322489605273
0.18640561470601824 1.0023659951750432 0.003219995349519143
0.1864346798352091 0.9977487820015903 0.0031427400448177933
0.18673225773327565 1.0010952248031935 0.003197604229221112
0.18733686894829993 0.9934541737933336 0.0031938818278187332
0.18743437526463688 0.9932050447143946 0.0032468983884843985
0.18759426515444325 1.0018775517307101 0.0031703436356515036
0.1877945080977952 1.0066046624483587 0.0032185427905586698
0.1878235308518089 1.0134912264701548 0.003152824741169023
0.18812114181182685 0.9979331147653382 0.003194141958585638
0.18872573998833508 1.0024477773530895 0.0031977507939365485
0.18882328588588146 1.0034655691409684 0.0032597755673288245
0.1889831240868322 0.9965515342558722 0.003156761630682996
0.1891834014891174 0.9977646992651797 0.0032156558068097427
0.1892123818684087 1.0022540132830928 0.0031433991659013784
0.18951002589037805 1.0025370502297617 0.003198299131690571
0.19011461102882565 1.0031277504894263 0.003197003950423963
0.19021219697233258 1.000162841240114 0.0032540300708219167
0.19037198348533518 0.9985841541338397 0.0031632296464782854
0.19057229488089433 0.9987475549075432 0.003217321960532427
0.1906012324193472 0.996182350916556 0.0031449335204001027
0.19089890996847383 1.0030334266185625 0.003198679843899714
0.19150348160410768 0.9998716823663559 0.003194301179142502
0.19160110759357715 0.9953483640971504 0.0032494362568679046
0.19176084241817687 1.0009013184418953 0.0031641638869658725
0.19196118827267128 1.0005761561232918 0.0032199019882034594
0.19199008343685514 1.0018052146598428 0.003143563266970714
0.19228779451268632 0.9882920682784645 0.0031947202831653773
0.19289235264505367 0.9985997818730522 0.003196252020800499
0.19299001821482173 0.9941431389560464 0.003251957658697677
0.19314970181758798 1.0028745580341698 0.0031627171876458
0.1933500821301095 1.0014884682747178 0.003220099553906523
0.19337893398779366 1.0044581572124978 0.0031439498107839153
0.19367667859123752 1.0007843166196562 0.003201472897718399
0.19428122368508882 0.9967337297433905 0.00319666377261695
0.1943789288360663 0.9996186934591937 0.003255193301041902
0.19453856075042966 1.005435545500455 0.0031673683340687577
0.19473897552188646 1.0011504831480975 0.003219173097611815
0.19476778500439346 1.0044147845775304 0.003145998939697775
0.19506556266978872 1.0042239789729555 0.0032000094338387334
0.1956700942594627 0.9988727693965505 0.0031975995858704617
0.19576783945685614 1.001400876418835 0.003255148515423005
0.1959274201498435 0.9940846446723192 0.0031595071362710107
0.19612786891320866 0.9975560399229213 0.0032155686567349635
0.1961566355557874 0.999266377637229 0.00313969635298697
0.19645444674833992 1.0000563046239666 0.003198214982719956
0.19705896529904243 1.0014997239797412 0.003195812424446085
0.1971567500781007 0.9971827228238468 0.0032493416703411643
0.1973162790831379 1.002510406999109 0.0031667626104723273
0.19751676230453086 0.9974407128982039 0.0032167645790803206
0.19754548657284263 1.0014539445565809 0.00314242857420003
0.19784333082643704 1.0006984054880124 0.003197708008801552
0.1984478358734163 1.0014467173464807 0.0032003375208110914
0.1985456606993453 1.0011665417801816 0.003254303846804997
0.19870513848164356 1.001309514190257 0.0031608212739864076
0.1989056556953983 0.9999971394036539 0.003218463513883249
0.19893433712378114 0.9963120405970723 0.0031411586372600787
0.19923221490498824 0.9998620416948326 0.003199217638257969
0.19983670691345146 0.9951033252618281 0.0031919525000195237
0.1999345717857964 0.9996903978042225 0.0032540501757335467
0.20009399741402983 0.9966640843990401 0.0031660341909601807
0.20029454908717526 0.9966286868039672 0.003215443304161648
0.20032318814038094 0.9911827798547944 0.0031369816591436226
0.2006210989830854 0.9960772429022856 0.0031961011813325564
0.2012255774873699 1.0003315333791396 0.0031988794595815143
0.20132348240704098 0.9968783678256739 0.003250298707199312
0.2014828568125328 0.999702559171118 0.0031672900864688084
0.20168344247849745 0.9989147687982591 0.003220643690755053
0.20171203869131946 1.0019358115132524 0.00314481340165048
0.2020099830616366 0.9979743155399328 0.003195336074820937
0.20261444852740507 1.0057957410385572 0.0031999923775939505
0.20271239302828556 1.001845061482464 0.0032528195406870027
0.2028717157453745 0.9931913434455351 0.00315978422982641
0.2030723363359357 1.008627953625956 0.0032198819120868214
0.20310088970746384 0.9982451511051775 0.0031417752973358407
0.2033988671401878 1.005353988268339 0.0032011016052709983
0.20400331910177893 1.0021650465129435 0.003198523476099874
0.20410130364953014 0.9975409932390139 0.003248087166605851
0.20426057514387747 1.0040192411545885 0.00316828517840165
0.20446122972771263 1.0050888814506065 0.003219819280197821
0.20448974025840236 1.0033246438736094 0.003142664430462042
0.204787751218739 0.9961292619723783 0.0031990461452970453
0.2053921901418141 0.9981220658396349 0.0031921320222703226
0.20549021380420393 1.0036929573023845 0.003252596145523908
0.20564943407671915 1.0038706190773496 0.0031701729476171373
0.20585012311903483 1.0020984310742251 0.003216217674583865
0.20587859127500216 1.0004303729231976 0.0031442287091449305
