-0.25250573499732465 1.000511068837773 0.0003238838522174595
-0.2523299750310731 0.999837224931972 0.00032708586813387264
-0.2522176387778927 1.000290686348284 0.00032796545059079736
-0.25111686932421906 1.000489709269492 0.00032380909573314465
-0.2509411081938116 0.9991926769686184 0.000327026038327771
-0.25082875727139253 0.999595144498688 0.00032790138825274437
-0.2497280036511108 1.0003468568069942 0.000323798173678176
-0.24955224112372215 0.9992938429417633 0.0003270653732256151
-0.24943987576580184 0.9993690936895556 0.0003277945953921885
-0.24833913797800522 1.0000339856946472 0.00032382794501913207
-0.24816337428600793 0.999503140390881 0.00032706654994150785
-0.2480509944930418 0.9989948858679454 0.0003277959522868111
-0.24695027253681945 1.0000523287456613 0.00032374920060118325
-0.24677450744874646 0.9993485223335816 0.0003270198470237654
-0.24666211298699636 1.000376221841387 0.00032798609138099386
-0.2455614068637112 1.0004945262031772 0.0003237627877199571
-0.245385640378657 0.9999529109482508 0.000327051818057768
-0.24527323148140567 0.9999696065777796 0.0003278980603559732
-0.2441725411906056 0.9996655776442457 0.00032378900786301693
-0.24399677354048738 1.0000921076657352 0.00032714770620979953
-0.24388434997581498 0.9993743248281972 0.0003279261202107801
-0.2427836755165892 0.9995034693761887 0.00032376551098000804
-0.2426079067032259 1.000062967403757 0.00032704133567576786
-0.2424954687026002 0.9998593322637521 0.00032789382210227894
-0.24139481007631158 0.9998471849357399 0.0003237383173206451
-0.2412190398659671 0.9997044255785474 0.00032707077446837994
-0.2411065871970095 0.9998931965460417 0.00032794907941604943
-0.240005944403206 0.999809192800291 0.00032385960538353005
-0.23983017279541957 0.9997005001158313 0.00032702599256838197
-0.23971770569141881 1.0001103061807246 0.00032793903376494024
-0.2386170787296423 0.9999032455162673 0.0003237575159037978
-0.23844130595816077 1.0000008806297007 0.00032696668670343965
-0.23832882418491863 0.9999493680526694 0.0003279392562425981
-0.23722821328936738 1.0000236476665365 0.0003238256230470427
-0.2370524391208993 1.0000207989102519 0.0003269553477794474
-0.23693994291215859 0.9997616221960474 0.0003278355756840192
-0.2358393476162618 1.0000915895957645 0.0003238429069894764
-0.23566357205035443 0.9998960451948316 0.00032704299886713586
-0.2355510614065679 0.9999218996136762 0.0003278821938261001
-0.23445048194269813 0.9994780243139185 0.0003237250406478761
-0.23427470521309562 0.9997756429774924 0.0003270282836273788
-0.23416217990052246 1.0001842845881603 0.0003279092356201465
-0.23306161626959254 1.0003723952778747 0.00032387345794916537
-0.23288583837583415 0.999816007285774 0.0003270624085010773
-0.23277329862730767 0.9995235318294892 0.0003278850239981692
-0.23167275082931493 0.999857371684813 0.0003238197756008794
-0.23149697130483388 0.9995870563988145 0.0003269656721483002
-0.23138441712171698 0.9991070863577308 0.00032770809925053885
-0.23028388515529852 1.0001922058034518 0.00032383976664866006
-0.23010810446757507 0.9999072867502141 0.00032704543545303494
-0.2299955356161263 0.9999721680210852 0.00032792177103329207
-0.22889501948173752 0.9991898962947096 0.0003236906085745924
-0.2287192376303136 0.9997620870561125 0.00032694215022925275
-0.22860665434245675 1.0006296391553446 0.0003279659167232151
-0.22750615404191532 0.9995699179033912 0.00032372727873291864
-0.22733037055931332 0.9999201798697677 0.0003270114353168594
-0.22721777283686606 0.9996113308110984 0.00032786546485549323
-0.2261172883697179 1.0000697641561176 0.00032380478808296593
-0.2259415037215991 0.999654330823706 0.0003269495681396652
-0.22582889133127537 0.9997431326224913 0.00032786103320587515
-0.22472842269570148 0.9998645542844669 0.0003238008228836184
-0.22455263688433763 0.9996132687297539 0.00032693758888673155
-0.2244400098247752 0.9997727077125264 0.00032787044755450145
-0.2233395570225959 1.0002735489927297 0.0003238407823747725
-0.22316377004753424 0.9995474091443362 0.00032694100678044364
-0.22305112855292464 1.0001941521147635 0.0003279428379424012
-0.22195069158231828 0.9993845643712709 0.0003237135427390359
-0.22177490297653396 0.9989480457802347 0.00032688397123443807
-0.22166224704824344 1.0002844914551428 0.00032796734910377234
-0.22056182590875728 0.9995683367342844 0.00032368672733395717
-0.2203860361392725 0.9995287093372371 0.0003269518010007823
-0.22027336554174326 0.9995491527836541 0.00032785340021617505
-0.219172960235649 0.9999137233821754 0.00032376970920129503
-0.21899716930201368 0.9994797192137577 0.00032693338929531404
-0.21888448426898321 0.9998171379630579 0.0003277941372077685
-0.21778409479537408 0.9997353991329003 0.0003237750878173901
-0.2176083022310134 0.9998519883886506 0.0003269938843077079
-0.21749560276339253 0.9997718897147305 0.00032789884467882056
-0.21639522912181308 0.9999314523407398 0.00032364321973062907
-0.21621943539375194 0.9998090784073461 0.00032689994220079787
-0.2161067212573471 0.9999397927747324 0.0003278860065224517
-0.21500636344870483 1.0002202655081267 0.00032364050613407566
-0.21483056855649313 0.9997819052978393 0.0003269667823442399
-0.21471783998458704 0.9996619724570064 0.0003278509740168125
-0.21361749777559924 0.9998028282057962 0.0003237664814225849
-0.2134417014859456 1.0005465230981645 0.00032704215057540435
-0.21332895847899636 0.9994328230140836 0.00032775482704912816
-0.21222863233441347 0.999786893097302 0.00032374857319926963
-0.2120528346486868 0.9993879646755944 0.000326833122869327
-0.21194007697295092 0.9995835095640746 0.0003277962094062079
-0.21083976666130522 0.999857756464419 0.00032375270014896134
-0.21066396757859468 0.9992858626547387 0.0003268136342490092
-0.21055119570019087 0.9999662321790769 0.00032785056514685995
-0.20945090098819963 1.0000691905530308 0.00032385605823977425
-0.20927510074088046 0.99982688575102 0.00032692090278422365
-0.20916231419460019 0.9999873480117385 0.0003278619284239316
-0.20806203554746927 0.9997620392454132 0.0003237116441108855
-0.20788623390362165 0.9990892886385963 0.00032677282332884653
-0.2077734326881 0.9993349932513044 0.0003277683993473003
-0.20667316987436102 0.9997877149567106 0.0003237401931647666
-0.20649736683352954 0.999937597776395 0.0003269582999922892
-0.20638455141533996 0.9999580923149968 0.0003278442222654666
-0.20528430420125274 0.9999521134548408 0.00032380320682809534
-0.2051084999953599 0.999636817867776 0.0003268420335346174
-0.20499566990974927 1.0005175082100914 0.00032797359675482986
-0.2038954387605224 0.9994778625015227 0.0003237414610045324
-0.2037196331581011 0.9991764638345569 0.00032683977573846846
-0.20360678840370383 1.0003682458288699 0.0003279109885144065
-0.202506573086506 1.000098192446158 0.0003237816535481286
-0.20233076608800898 0.9998323539565933 0.000326934703253235
-0.20221790713094379 0.9990979416393511 0.000327758381048112
-0.2011177074134004 1.0000402887960484 0.0003237935234160787
-0.20094189925029476 1.000035451647481 0.0003269939466658513
-0.2008290256253531 1.0001658715185515 0.00032787070983398734
-0.1997288419731228 1.000041641926538 0.0003238146498415063
-0.1995530324130333 0.9996540800039339 0.00032690658259710735
-0.19944014411930766 1.0000977472567028 0.00032784024413458443
-0.19833997629910638 1.0006641784323052 0.00032383231235125226
-0.19816416534294384 1.0001139149811669 0.0003269007156406934
-0.19805126284654762 1.0001409050949457 0.0003279519330223358
-0.1969511106264535 0.9998385587723039 0.0003237846550269691
-0.19677529850522962 0.9997784425387519 0.0003268148359970311
-0.19666238134095693 1.0002099175749333 0.0003279393275540049
-0.19556224495334795 0.9999792906951839 0.0003237725102546341
-0.1953864314351375 1.0005118841677063 0.00032700595916731014
-0.19527349983445674 0.9998628730335525 0.0003279027533033064
-0.1941733795126176 1.000370940514639 0.00032379593628778774
-0.1939975645978787 1.0004513894440068 0.00032696597985293146
-0.1938846185616967 0.9995575294175338 0.00032784174484647236
-0.19278451383950934 1.0004157528092337 0.00032384745222798313
-0.19260869775970907 1.0000545194588646 0.0003269623540645814
-0.192495737056106 0.9996255886760282 0.000327818900263585
-0.19139564816640375 1.0003037786612354 0.0003238306791804543
-0.19121983068961695 1.0003722457400035 0.00032697482395043414
-0.19110685554960583 1.0001377044475592 0.0003279309673782484
-0.19000678272521798 1.0003029261424377 0.00032385625930216424
-0.18983096385235815 0.9997577422750621 0.00032689269901167847
-0.18971797427730053 0.9992070237791141 0.00032779976873277913
-0.18861791705210973 0.999798091211142 0.00032374470823726733
-0.18844209701464126 1.0000916226562262 0.0003269408820820661
-0.18832909277170984 0.9997471984894059 0.00032789001961873557
-0.18722905137900414 1.0002113221517857 0.0003238958634299592
-0.1870532299445518 0.9999585238593094 0.00032683174669581014
-0.1869402112656644 1.0001290880585185 0.00032786010656069985
-0.18584018593781837 1.0000130256827569 0.00032378326438789896
-0.18566436310729034 0.9999015461298972 0.0003266806985437898
-0.18555132999290436 0.9997476099862753 0.00032783444039350714
-0.18445132026471012 1.0000018597158455 0.0003237820353651301
-0.18427549603674548 1.0000770445968188 0.00032684227895814634
-0.18416244848731367 0.999312277849825 0.00032771220087136237
-0.18306245459160453 0.9993148413202909 0.000323718630020209
-0.18288662919948667 0.9998656788407937 0.0003268333849747117
-0.18277356698081348 0.9997987776497713 0.00032788552815894256
-0.18167358915087417 0.9999183033901354 0.0003238188741627105
-0.1814977623622252 0.9996532401393472 0.000326875863242103
-0.18138468570805344 1.0004389758646783 0.00032790273823594805
-0.18028472347776592 0.9995777656620148 0.00032377398197413007
-0.18010889529122492 1.0001599873084577 0.0003269568488610842
-0.17999580420246275 0.9997983551402075 0.00032786214972595716
-0.17889585780511308 0.9999926665846995 0.0003238212190890878
-0.17872002845396612 0.9991567124617486 0.00032676135574528177
-0.1786069229287932 1.0003321561797236 0.00032796921379396187
-0.1775069923639273 0.9993294931849317 0.0003237287339759026
-0.177331161383874 0.9993942045569675 0.0003268439130905016
-0.17721804142320252 0.9996843864922944 0.00032784013843310876
-0.1761181266899109 1.0000619626178853 0.00032379730786831566
-0.17594229454570437 0.9999323061334475 0.00032699876994168224
-0.17582915991761183 0.9998272695877581 0.0003278942907601968
-0.1747292610168053 1.0000097816094387 0.00032372997270812176
-0.17455342770799015 0.9996924472237771 0.0003268625659450666
-0.17444027864439704 0.9996678792343149 0.0003278252537823095
-0.1733403955765277 1.000292457412578 0.00032381362502346907
-0.17316456063789804 1.0002431858924739 0.00032709216719740817
-0.17305139713880635 1.000207876161695 0.0003278431038102254
-0.1719515299029667 0.9997387958070371 0.00032376212503408
-0.17177569380109464 1.0001708885997138 0.0003269146907881134
-0.1716625156336704 0.9992300118908923 0.0003277562647063555
-0.1705626642298584 1.000256175698579 0.00032388638426803586
-0.17038682673009437 0.9996767366569623 0.00032682523117904925
-0.17027363436000087 0.9997959231861036 0.0003278329023861961
-0.1691737987895835 0.9999974288746569 0.0003237925308719111
-0.1689979598928329 1.000091148896196 0.0003269543291134004
-0.16888475285350069 1.000158392673168 0.0003279234734341877
-0.1677849331160225 0.9992643851516408 0.000323727669849976
-0.1676090930555741 0.9994132217108668 0.00032684635804721394
-0.16749587158074064 1.0002388433953056 0.0003279411489564439
-0.16639606744291424 0.999962160378141 0.0003237834068875362
-0.1662202259845738 0.9999851811432104 0.00032693485299367626
-0.16610699007514995 1.0003700503964088 0.00032793546648827223
-0.1650072020026393 0.9997649954993907 0.00032375760995309306
-0.16483135914731234 0.9996572198637077 0.00032677035794600844
-0.16471810856910452 0.9997481345781564 0.00032789115460038357
-0.16361833632862288 0.9993037358882579 0.00032374732804648835
-0.16344249207813105 0.9999083027180486 0.00032689575938581823
-0.16332922729634447 0.9999441570646826 0.00032786845539667625
-0.16222947065551463 1.0002788410693106 0.00032377322851172497
-0.16205362524087225 0.9997226883197193 0.00032687321465967587
-0.16194034579075378 0.9995909156646573 0.00032786352921445195
-0.16084060521523968 0.9994987002883726 0.00032370199251895046
-0.16066475817078013 0.9996509275658995 0.0003267754889611497
-0.160551464517539 0.9998597365193123 0.0003278488584067393
-0.15945173954167868 1.0001050868400272 0.00032373918725228976
-0.15927589133352132 0.9991332898160222 0.0003268275721989975
-0.1591625830119483 0.9993883019468829 0.000327808793391668
-0.15806287386857043 1.0000270922889476 0.0003237838047912695
-0.15788702426252105 1.0000295828650374 0.00032691437896761134
-0.1577737015063576 0.9998641990226143 0.0003278574190137935
-0.1566740084282928 1.0003487575483168 0.0003238356122718149
-0.15649815742525958 0.9997581312229671 0.00032691060765636145
-0.15638482023268807 1.0001215819940459 0.00032789246034737603
-0.15528514275473182 1.0002811360639936 0.00032383022067643567
-0.15510929058800077 0.9999764289267794 0.00032701234582197393
-0.15499593872709738 1.000026649494242 0.0003278653105915659
-0.1538962770807154 0.9998019313636795 0.00032375368674909496
-0.15372042351790866 0.9999566474119704 0.00032692891121717467
-0.15360705745433734 0.9991429684854167 0.000327746939444735
-0.15250741164044046 1.0001027315559199 0.0003238474694245161
-0.15233155668064985 0.9998144285820715 0.0003269646659345836
-0.1522181759482919 1.0008121161351116 0.00032795910038301056
-0.1511185459673322 0.9997258857949324 0.00032373716902023503
-0.15094268961055773 0.999264244354908 0.0003268334974055198
-0.1508292944427012 0.9997625832898527 0.0003278346497272002
-0.14972968052614644 0.9992574707753554 0.0003237017368940487
-0.1495538227723881 1.0006822368755919 0.0003270782627162645
-0.14944041316994117 0.9999763588710316 0.00032782594203322336
-0.14834081485304085 0.9999091068723696 0.0003237911532956316
-0.14816495570229865 0.9998784751200885 0.0003268824205403916
-0.14805153166389573 0.9999296805587989 0.00032785219867554173
-0.1469519491799326 0.9997194526298617 0.00032373971120177464
-0.14677608886503718 0.9999522204465872 0.00032691960144951655
-0.14666265039113568 0.9999207716364176 0.0003278738593468751
-0.14556308373920224 1.0002589529532127 0.0003238969808296998
-0.1453872217940369 0.9998587619743632 0.00032692168045600766
-0.145273768885545 0.9998677785431658 0.00032791756908993007
-0.14417421806609396 1.000104054430518 0.0003237813824093499
-0.1439983549567781 1.0000663895389108 0.0003270100880084666
-0.14388488761187546 0.9995923390716053 0.00032781508014021794
-0.1427853523934438 1.0002052632914904 0.0003238000930736265
-0.14260948811951663 0.9995400491423206 0.00032688541016608855
-0.14249600610628477 0.9993481158856572 0.00032780986305525306
-0.14139648695225804 1.00006264540892 0.0003238101292503323
-0.14122062104897176 0.9995749888911745 0.00032693196321484385
-0.14110712460069408 1.000140585916245 0.00032789749642728866
-0.14000762127914979 0.9994963409397336 0.00032380549446200225
-0.1398317542117103 0.9996284670922707 0.0003270179840575011
-0.13971824332702454 1.000102486132924 0.0003279668622508573
-0.1386187556060442 0.9991872765282678 0.00032367994054778956
-0.13844288714162084 1.0000632056004304 0.0003270385162908056
-0.13832936182143385 1.0000658160963403 0.00032790157743738644
-0.13722989016485843 0.9998264547497225 0.00032381473825772233
-0.13705402030390662 1.0002323255737304 0.0003269489112544415
-0.1369404805486738 0.9996908891204386 0.00032779940838393494
-0.13584102449175017 1.0004082237381695 0.0003238707086141794
-0.1356651532338145 1.0000797944295943 0.00032703886139874333
-0.13555159904308312 0.9998067265620438 0.0003279116215937087
-0.13445215905147523 0.9999707476232644 0.00032385495415981387
-0.1342762863965557 0.999532590983296 0.00032686027920637503
-0.13416271777032307 0.9998951603332643 0.00032787493074961196
-0.13306329337791423 0.9995877597590368 0.00032372110399243626
-0.13288741932555542 0.9990958433799221 0.0003268828197602002
-0.13277383626473238 0.9997814024221721 0.0003278552275875725
-0.13167442770480597 0.9997609842427752 0.0003237749202984663
-0.13149855248829395 0.9997580503759909 0.0003269535890155543
-0.1313849547582322 0.9998435048225015 0.00032780527235971483
-0.13028556226452834 1.0001057823093034 0.0003238126392864033
-0.1301096854182045 0.9997374939702978 0.0003270193520255438
-0.12999607348547215 0.999443616328888 0.0003278084909382687
-0.12889669659096736 1.0006888043070314 0.00032390426844629473
-0.12872081858048762 0.9993708467933679 0.00032690425013141394
-0.12860719197988146 0.9996318353844974 0.00032788443083725007
-0.12750783091695095 0.9997984877506098 0.00032375461183983616
-0.12733195151039817 0.9993151210078287 0.0003269875931810742
-0.12721831070621192 0.9993764120285424 0.00032769304714894186
-0.126118965476676 1.0005797914599415 0.0003239359555043462
-0.1259430846731367 1.0002449133425844 0.0003270325162608291
-0.12582942920062123 0.9998166858561757 0.0003277973192876045
-0.12473009980356774 0.9999015865682861 0.00032382804137101416
-0.12455421760259183 0.9995558403075128 0.00032700423767079905
-0.12444054792786119 0.999791096363738 0.00032779102591411777
-0.12334123436283739 0.9996786060960002 0.0003237973829541528
-0.1231653507644222 0.9994576131998251 0.0003269497345520378
-0.12305166642181575 0.9998554626068769 0.00032781990058946664
-0.12195236868972913 1.0004744567772474 0.00032392050841857477
-0.12177648369433276 1.0002745652773952 0.0003271369569925913
-0.12166278514905571 1.000286681548684 0.00032793470284716555
-0.12056350301662355 0.9992696064070793 0.00032371097391930594
-0.12038761685707128 0.9999093488044101 0.0003270899341211681
-0.12027390364346502 0.9999210473909876 0.00032785030672537603
-0.1191746375758932 1.0003040394474325 0.00032391112243277504
-0.118998749786071 0.9997727930185549 0.00032704101936296693
-0.11888502213741958 0.9993640634751328 0.000327775160740212
-0.11778577190278493 0.9996763278096532 0.0003238025968139111
-0.11760988294926493 0.999895477370739 0.0003270385869276818
-0.11749614086465954 1.0001664246579987 0.00032796172452372724
-0.11639690622967935 1.0000962428284228 0.00032384223714918193
-0.1162210158791755 0.9995532104882159 0.00032703714409735603
-0.11610725935906885 0.9997742205933807 0.0003278706379986731
-0.11500804078849358 0.9993881686729896 0.0003237467523767942
-0.11483214904146129 0.9999342407999334 0.0003271078550896238
-0.11471837808539931 0.9996506924120613 0.0003278099780915324
-0.11361917511538532 1.0000814221502863 0.0003238173649716455
-0.11344328197136916 0.999178644277582 0.0003269351815516673
-0.11332949657980862 0.9995598104182438 0.00032781136409623115
-0.11223030967511038 1.0003248154017361 0.00032387901195961934
-0.11205441513411037 0.9998231468886402 0.00032704381768153257
-0.11194061530704857 0.9997380810616834 0.0003278757850516497
-0.11084144400109397 1.0001783810826685 0.00032380244813367035
-0.11066554806311009 0.9998021732304423 0.0003270713644422741
-0.11055173380100314 0.9990549797042165 0.00032772849931824306
-0.1094525783279857 0.9995585374115593 0.0003237203826001421
-0.1092766812258486 0.9999992497203233 0.00032712528124855537
-0.10916285252824309 0.9996807063351393 0.0003278336443026534
-0.10806371288771077 1.000341215653876 0.00032383652222495814
-0.10788781415575917 0.9991469077582299 0.0003269982459718798
-0.1077739710226524 1.0001056110977493 0.0003278751725680152
-0.1066748472146025 0.9995034160190513 0.00032372083539595803
-0.10649894731758953 0.9996844714967351 0.00032710851201303033
-0.10638508974943761 0.9996317910041274 0.0003278478190505601
-0.10528598177432757 1.0001043855598775 0.000323787110837464
-0.1051100802474974 0.9997629258399956 0.00032712153486629637
-0.10499620824384692 0.999957803951869 0.0003278722432332828
-0.10389711610167474 1.0005122595951104 0.0003238377546147397
-0.10372121341023861 1.000421615191328 0.00032712457435760014
-0.10360732697108688 1.0001806357592493 0.0003279655201496311
-0.10250825042856647 0.9996080470247257 0.00032372852994133714
-0.10233234633969106 1.0001340100015128 0.00032712391738580227
-0.1022184454645867 0.9998658766347924 0.00032781488911014467
-0.10111938498783611 0.999524685783511 0.0003237295714040559
-0.10094347950243227 0.9996056436953529 0.0003270812313432345
-0.10082956419182665 0.999711370077114 0.00032780644316623275
-0.09973051931473054 0.9999671969131462 0.000323753813025762
-0.09955461243279556 0.9996569162794915 0.0003271550857420436
-0.09944068268714545 1.0002609029535212 0.0003279042870267691
-0.09834165387445291 0.9994975241527552 0.0003237328187063465
-0.09816574536179529 0.9991812444883498 0.00032701338108418994
-0.09805180141438541 0.9998610727496416 0.0003278307989360965
-0.0969527882004365 0.9995085945418487 0.0003237899248330418
-0.0967768785245365 0.9982465231542675 0.00032688914004093205
-0.09666291990788523 1.0001095213130688 0.00032784483849841343
-0.09556392252733092 1.0006683465229804 0.0003238969535982365
-0.09538801145444437 0.999306262309423 0.00032714444123485136
-0.09527403863512518 1.000101327250954 0.00032794826742440857
-0.0941750570870533 0.9995927360304006 0.0003237519532728251
-0.09399914461627473 0.9991675607523116 0.00032704924798290563
-0.09388515712953449 1.000128877300074 0.0003278627947906822
-0.09278619141303689 0.9996628263687236 0.0003237408561227729
-0.0926102775461853 1.0009165595391558 0.00032734346385916436
-0.0924962758563197 1.000158452857293 0.0003279185474712547
-0.09139732597276196 0.9994508134331933 0.00032369756394968905
-0.09122141070892381 0.9997859032726125 0.00032717745572247
-0.09110739435072901 0.9994900648273901 0.0003277632911545278
-0.09000846029965369 0.9996158722290096 0.0003237836922602504
-0.08983254363837895 0.999679748266361 0.0003271794182876434
-0.08971851307796896 0.9997105139502392 0.00032782544333916867
-0.08861959462654811 1.000554033072165 0.00032384120605273125
-0.08844367680111746 1.0001004778442848 0.0003272022498484622
-0.08832963157192353 1.000082399120793 0.00032789963824356145
-0.08723072918627049 1.0003613358550256 0.0003238156706322328
-0.08705480973102803 0.9993221113799937 0.0003271448652987046
-0.08694075029916348 0.9998180387127348 0.00032780677702176235
-0.08584186351316492 0.9999696397398461 0.00032376035622010103
-0.08566594289331382 1.0002755075323149 0.0003271598091360881
-0.0855518687935728 0.9995406911880576 0.00032777081319106983
-0.08445299807197915 1.000243140781666 0.0003237287368762546
-0.08427707582322169 0.9997108396231211 0.00032711654099800786
-0.08416298751990325 0.9994006606925674 0.00032770936768028295
-0.08306413239887088 0.999804764869354 0.00032373606599060077
-0.08288820875313226 0.9995414990459064 0.0003272285824029031
-0.08277410601431257 1.000529785967823 0.0003279238281688937
-0.0816752667257653 0.9996148690986675 0.00032374665537240974
-0.08149934191496262 0.9993527259339157 0.0003271673267676114
-0.08138522474155252 0.9998423337557526 0.0003277391339575591
-0.08028640128457953 1.0004549631246522 0.00032386719132910537
-0.0801104748448705 0.9991792723675411 0.00032717444109150876
-0.07999634323550708 0.9996842524392038 0.0003277741464669725
-0.07889753561101855 1.0000319678349128 0.0003236767505125754
-0.0787216080076117 1.0001373177904855 0.00032721441606728863
-0.07860746196274704 0.9991863035829004 0.0003277257617384625
-0.07750867017074092 0.9999977896947653 0.000323772601657739
-0.07733274093706415 0.9997427742496597 0.00032725412908518283
-0.07721858045715635 1.0000849986971672 0.00032783692843390297
-0.07611980449763266 0.999167733802639 0.00032369673577408776
-0.07594387409980535 0.9996593899540807 0.00032722264887663835
-0.07582969918394156 0.9997792938769385 0.000327804717011736
-0.0747309390569023 0.999933248789959 0.00032380478388670004
-0.07455500702971322 0.9996305479386587 0.00032718293167991396
-0.07444081767835087 0.9995055204408567 0.0003277284362092561
-0.07334207338379672 0.9998928108647802 0.0003238514400406657
-0.07316613995916837 0.9997958525598704 0.00032725844504275474
-0.07305193640559082 1.0000387316327684 0.0003278380030754566
-0.07195320771068846 0.999838064983323 0.0003238382469798561
-0.07177727312099874 0.9996158420301589 0.0003272652974060859
-0.07166305489909064 0.9997987959946026 0.0003278056752845169
-0.07056434226950269 0.9998937882357996 0.0003237844460661023
-0.0703884060509093 0.9992832920084376 0.0003272029357669085
-0.0702741736263306 0.9995723239358394 0.0003277123193780383
-0.06917547659639711 0.9992393012275775 0.00032367833520872806
-0.06899953921364782 0.9998956643318123 0.0003272982993892181
-0.0688852921207399 0.999495500893694 0.00032777828231264606
-0.06778661115611949 0.9998253720827214 0.00032379575678507925
-0.06761067214264754 0.999144360929555 0.0003272582329271166
-0.06749641084707036 0.999620513484603 0.00032770188509566664
-0.0663977454825585 1.000305027970991 0.00032378902601757015
-0.06622180530538875 0.9994027152166463 0.0003272498337619772
-0.06610752934147968 0.9995790772029896 0.0003277242731467014
-0.06500888004228357 1.0001365339093182 0.00032371368390620987
-0.06483293823529662 0.999585008369373 0.00032732889802625
-0.06471864806871963 0.9997229151336448 0.0003277629508893995
-0.0636200143691753 0.9997038194427742 0.00032373414148666386
-0.06344407116520719 0.9993453888894831 0.000327161463866905
-0.06332976656312894 1.0001130308413393 0.0003277382443057801
-0.06223114869561431 0.9994302211522015 0.0003236897719463799
-0.062055204327945694 0.9992626007466601 0.0003272820041253092
-0.0619408852903689 0.9999379111790835 0.00032775135306645366
-0.06084228325533668 1.0000321510651056 0.0003237986646030551
-0.06066633725785626 0.9998916037979095 0.0003273630766872448
-0.06055200378477821 0.9993373754473596 0.00032771707627970504
-0.05945341758223111 0.9996628681337764 0.0003237779903053058
-0.059277470419686625 0.9995862356045669 0.0003273080788764345
-0.05916312251110867 0.9994509499666557 0.00032761377190183844
-0.05806455214104534 0.9996827619370035 0.00032378523215221265
-0.057888603349594496 0.9990670499459904 0.00032725328481292846
-0.05777424123834862 0.9988469587106418 0.00032761806676041746
-0.05667568646793707 0.9983996755019385 0.0003235009116049787
-0.05649973627950506 0.9989670348329669 0.0003272623492254446
-0.056385359732757934 0.9992758570918293 0.00032769351270020634
-0.05528682102766214 0.9989081866500202 0.0003236146074417218
-0.055110869441335426 0.9984753290066262 0.00032722964659035435
-0.054996478459088394 0.999005478726393 0.000327634103202173
-0.05389795535364573 0.9989737465583209 0.00032368920904981576
-0.0537220023712433 0.9982637855049624 0.0003271705157519939
-0.053607596953497705 0.9985048476404477 0.00032750595695289146
-0.052509089680537455 0.9984824273504894 0.0003235417619619285
-0.052333135533984505 0.9993235825971833 0.0003272947524230382
-0.05221871568073766 0.9991277184004038 0.00032751985108958435
-0.05112022424026253 0.9989183855528804 0.0003236148498913335
-0.050944268463436956 0.9981286099808783 0.00032723335132316947
-0.05082983417469222 0.9988740205566894 0.0003275537873901007
-0.04973135856715426 0.9988707334294784 0.0003235357231765054
-0.04955540139334752 0.9989699996492314 0.0003272594136091693
-0.04944095290193218 0.9984787157128 0.00032756634345441996
-0.048342493125968486 0.9988756035989338 0.00032355676296740634
-0.048166534556086035 0.9986583130748882 0.000327208607082593
-0.04805207139634149 0.9984792191478052 0.00032751728949808104
-0.04695362745286292 0.9993139470485811 0.00032357655105407185
-0.04677766748554118 0.9981326899050037 0.00032718146369609065
-0.0466631901231267 0.9983374007297358 0.0003274765840068843
-0.04556476201258529 0.9988028939759539 0.00032358478258597326
-0.045388800648282386 0.9985701094115874 0.00032725584185031205
-0.04527430885036665 0.9983166362877675 0.0003274259883175703
-0.044175896338568874 0.9984585886759776 0.0003235571217974971
-0.04399993357819026 0.9981056451063551 0.00032721199165229207
-0.04388542734477596 0.9983601520090722 0.00032748339928047077
-0.04278703089829395 0.9991986530315741 0.0003236304136494233
-0.04261106650718998 0.998715572930006 0.00032732589566738065
-0.04249654607110642 0.997912957982085 0.00032736557938022943
-0.041398165225185676 0.999293425478583 0.0003236201313922639
-0.041222199670839337 0.9982048521059937 0.0003272534925420672
-0.041107664565515734 0.9985631142090898 0.00032749102904432403
-0.04000929978445533 0.9989830419738763 0.0003234842695238001
-0.03983333260165805 0.9984169496348891 0.00032728875229467443
-0.03971878329275569 0.9981527963018242 0.00032735124706674866
-0.03862043411134976 0.9985730384919143 0.00032347911053357865
-0.03844446553065777 0.998446107240112 0.00032731100168935785
-0.03832990178671025 0.9985528616431495 0.00032746561393101457
-0.03723156843824149 0.9986542181751951 0.00032360261686857275
-0.03705559869339898 0.9982118528559851 0.000327355575335178
-0.03694102051349546 0.9982597254359805 0.0003274256356108124
-0.03584270299751114 0.9988065208711477 0.00032355239592486696
-0.03566673162330685 0.9989784924623094 0.00032736813244779316
-0.035552139240735414 0.9988307083960701 0.00032749506030368654
-0.03445383732440287 0.9982164738226863 0.0003233417798242366
-0.03427786478513722 0.9982600345565386 0.0003272997168516587
-0.034163257735144725 0.9990781456872982 0.00032750976895208026
-0.03306497188412794 0.998108310075457 0.0003234203697668098
-0.03288899771504778 0.9983576828463585 0.0003273703985124238
-0.032774376461475185 0.9986521000441966 0.00032748503316313833
-0.03167610621011153 0.9984469157327898 0.0003234847832695294
-0.03150013064495565 0.9985695418669638 0.0003274527516442133
-0.031385494955884496 0.9992015175550364 0.00032759247699010424
-0.030287240769381173 0.9982444975488508 0.000323497847036501
-0.030111263807241443 0.998863243944851 0.0003274127143352142
-0.02999661368312445 0.9981304649371425 0.00032739582622210074
-0.028898375096272907 0.9986460590321585 0.00032348878731708894
-0.02872239673714931 0.9988372632474615 0.0003274044607033882
-0.02860773240945491 0.9984844800351543 0.00032738546028965423
-0.027509509655995284 0.998341337975374 0.0003235302041097162
-0.0273335296675153 0.9985839340669991 0.0003274582900131342
-0.02721885090431897 0.9981799053213547 0.0003273453655614694
-0.02612064398243429 0.9984996026310774 0.0003234910156672879
-0.025944662829345665 0.998122271688101 0.0003273415003862951
-0.025829969631558924 0.9989135257362959 0.0003274814910295763
-0.02473177854215936 0.9984492076893104 0.0003235610766224108
-0.024555795759253533 0.998430339481328 0.00032739285569028623
-0.024441088125513488 0.9989223695902768 0.00032740474435676535
-0.023342912869051092 0.9985481534957662 0.00032344608597966427
-0.0231669286891641 0.9987704172374985 0.0003275301025643666
-0.023052206852753443 0.9983458992218777 0.0003274106390872875
-0.02195404742786532 0.9989143628244475 0.0003235118969200221
-0.021778061850994467 0.9987096845482469 0.0003274938781392177
-0.021663325579993398 0.9983681471399407 0.00032734832045388786
-0.020565181754759746 0.9989888062200958 0.00032346100622967074
-0.020389194780446915 0.9982765153215153 0.00032747785322544473
-0.020274444073493214 0.9987449198453201 0.00032739226340616924
-0.019176316314482123 0.9982385061576361 0.0003234446689933278
-0.019000327710357482 0.9977222208158352 0.0003274482940617175
-0.01888556280073317 0.998118526191936 0.0003272710979804067
-0.017787450640465708 0.9985048570117016 0.000323487861575888
-0.017611460873095994 0.9983949162888633 0.00032748722112112624
-0.01749668129514248 0.9981010382273647 0.0003272895881747072
-0.016398584967815554 0.9981083246216447 0.0003234170013989882
-0.016222593802551137 0.9984691978184231 0.0003275279818491809
-0.01610780002147294 0.9981881622200374 0.0003272991480906111
-0.015009719527537931 0.9989727553658914 0.00032356172954575306
-0.014833726732461704 0.9986694329666447 0.00032762654691619687
-0.014718918748712895 0.9981212278245908 0.0003272481449683288
-0.013620853853976937 0.9980867058673546 0.0003234803606462821
-0.013444859895200218 0.9983560181456548 0.00032757050137149083
-0.013330037243122206 0.9992352293644486 0.0003273992513749758
-0.012231988413699314 0.9989470832191522 0.00032352463036892736
-0.01205599282419994 0.9991599126464914 0.0003277267543399043
-0.011941155969907413 0.998586495061089 0.0003272242423354104
-0.01084312274059374 0.9976215942786408 0.00032344416381128793
-0.010667125754110506 0.997871475045078 0.00032754438915289625
-0.010552274464316724 0.9984721397544816 0.00032723962002522127
-0.009454257299407968 0.9987504286747216 0.00032347708065146307
-0.00927825891684902 0.9983696354530879 0.0003276322432252416
-0.009163393192011426 0.9981538028534395 0.0003272150295797625
-0.008065391626299701 0.99867672324788 0.000323571215866164
-0.007889391846304163 0.9986840215885117 0.000327745943332768
-0.0077745119183418865 0.9980700685183448 0.00032726127059330056
-0.0066765261860247714 0.9978245943999478 0.0003233427830085442
-0.006500524776212034 0.9986166723506695 0.00032769912436782754
-0.006385630412751198 0.9977115785412946 0.0003270237784695625
-0.005287660512008356 0.9986487257800817 0.0003234885594353429
-0.005111657938953242 0.9979249796216838 0.00032755293785624096
-0.004996749139991152 0.9983398139489652 0.0003272275649853143
-0.0038987950712780057 0.9994500242702831 0.00032359428054585154
-0.003722790868408386 0.9979465072775149 0.00032764422640660335
-0.0036078676334909687 0.9985628861620119 0.00032727275882019584
-0.002509929398169738 0.9982767955941938 0.00032341571297909066
-0.0023339237983162563 0.9977032522754375 0.0003275782557720313
-0.0022189863607309235 0.9991114713094148 0.00032733613324005496
-0.0011210639578921136 0.9987723764607674 0.0003235651283366956
-0.0009450569610574652 0.9985904200868654 0.0003277309577568962
-0.0008301050879708782 0.9980244495291805 0.0003271504192643255
0.00026780171566888046 0.9990119604494081 0.00032355176028517205
0.00044381010994281196 0.9980724277656484 0.0003276794527552634
0.000558776418074558 0.9983268745151402 0.00032719654395329807
0.0016566671559438099 0.9981380099943528 0.0003234680040517174
0.0018326771800349416 0.9988847863320116 0.0003278463875021855
0.0019476576908346033 0.9984462283073641 0.00032714783875180403
0.0030455328290520775 0.998383674911559 0.0003234423223902039
0.003221544017293733 0.998523207724177 0.00032778335656601933
0.0033365389635946485 0.9976917487601956 0.0003271509409236817
0.0044343982702378494 0.9980508715500377 0.00032342386001590667
0.00461041108829401 0.9983948786507125 0.00032778267045739266
0.004725420469640085 0.9978772297911332 0.00032712233615612827
0.005823263943343422 0.998554561162192 0.00032343942734698887
0.005999278157930719 0.9978038655861543 0.00032764550682716975
0.00611430174240013 0.9976145345470521 0.0003270396550400898
0.007212129383621047 0.9986515403655094 0.0003234693750875635
0.007388144995192205 0.9985627548524061 0.0003278509195274532
0.007503183015160175 0.9985146672268709 0.000327185962071796
0.00860099505718204 0.9983439549772455 0.0003233728684473022
0.00877701206573706 1.0000120338367167 0.00032809198691936234
0.008892064521660359 0.9976107752369802 0.0003269945755390103
0.00998986049745697 0.9991220052355475 0.00032362981705014415
0.010165879135826495 0.9982461302454111 0.000327854407986617
0.010280945794420404 0.9979995234529454 0.00032705105591970444
0.011378726170565238 0.9988132870640121 0.000323547836363153
0.011554746205918625 0.9980075248422916 0.00032782985504900244
0.01166982706718045 0.9979434909197638 0.00032710523828928344
0.012767591611295589 0.9987103686562994 0.0003234232383478844
0.012943613044088259 0.9991026078525266 0.0003280369558393479
0.013058708573225886 0.9980237641247013 0.0003270769825574922
0.014156457284403855 0.9983478750369217 0.00032337650994937315
0.014332480114177693 0.9982981356546856 0.00032794508099021725
0.014447589845985931 0.9986172691042013 0.00032708180097162475
0.015545322724678786 0.9985959850998842 0.0003234371398578905
0.015721347184269825 0.998209446525489 0.0003278959335828216
0.01583647135157662 0.9983979437249509 0.0003270766418704219
0.016934188397787053 0.9981460320792299 0.00032332150761612866
0.01711021402243946 0.9985060093380683 0.000327948685862433
0.017225352624791412 0.9984750595978887 0.0003271263445733771
0.018323053837609255 0.9985358534826195 0.000323468769497616
0.01849908109252889 0.9989146963427545 0.00032811707578763485
0.018614233897551458 0.9981192495767979 0.00032709448179478814
0.01971191951025941 0.9981846270579672 0.00032330871501017966
0.019887948162621023 0.9988512813413071 0.00032809511326711073
0.020003115403142147 0.9989431284916694 0.0003271189643667346
0.02110078495144518 0.998767252467914 0.00032341382539143596
0.021276815000335233 0.9988447331709757 0.0003281143937729215
0.021391996675902192 0.9983578980149468 0.0003272056392003306
0.022489650625461596 0.9996175619581947 0.0003235254856454368
0.022665682070427365 0.9986894609758298 0.00032815119601229656
0.02278087794820749 0.9988945101510607 0.0003270052929812289
0.02387851606573922 0.9984650727498756 0.0003233518074227756
0.024054549140061377 0.9985410438113337 0.00032808324621643343
0.02416975945334343 0.9986959760377481 0.00032697901525347635
0.025267381738844793 0.9987463309325717 0.00032334824937057724
0.025443416211061654 0.9986610451864134 0.00032815549940332095
0.02555864072701297 0.9983412976999976 0.0003270421571037131
0.026656247179577836 0.9984116777334028 0.0003233624776834217
0.026832283048323143 0.9986305938907729 0.0003281090588509977
0.026947521999773016 0.9987285573478577 0.0003270308602107954
0.02804511285268341 0.9981974523196979 0.00032333114843711427
0.028221150118412575 0.9982561997315388 0.00032808281777512804
0.028336403505363705 0.9990456981705897 0.00032706805469158993
0.02943397829295834 0.9984379320897776 0.00032337143045219264
0.029610017189412852 0.9985999129767994 0.0003281872620383304
0.029725284779033245 0.9981889275455257 0.00032706097570599045
0.030822843733691384 0.9989405517914846 0.00032346818645220176
0.030998884259960405 0.9986799764220018 0.00032819295009405697
0.031114166052248038 0.9979813378892695 0.00032692061084284134
0.032211709406796955 0.9989342139175604 0.00032341298676609594
0.0323877510972192 0.9986786738380313 0.0003282137149860383
0.03250304755783873 0.9983232020827258 0.00032699765728282397
0.033600574847074585 0.9989276375676371 0.0003234233434542419
0.033776618167311326 0.998131056569301 0.0003282414070708526
0.03389192883059877 0.9993461796230176 0.0003270651334559675
0.034989440521091 0.9980191015600397 0.0003232800267856324
0.03516548523785618 0.998856444900953 0.0003282881343850585
0.035280810103813565 0.9984254852817405 0.00032697605249116276
0.036378305961365924 0.9988326294096296 0.00032333241874777676
0.036554352075114975 0.9975777853860667 0.00032803102564111933
0.03666969137657361 0.9988288899848138 0.0003270225554874212
0.0377671716344742 0.9986276444148546 0.00032332932644350414
0.037943219145207104 0.9983372699025155 0.00032828306567433187
0.0380585728821643 0.998715963912833 0.0003269419103114198
0.03915603707520454 0.9985181673009218 0.0003234085873080256
0.03933208621620738 0.9992712292743025 0.00032845331822877795
0.03944745415583384 0.9987139056897083 0.00032696060419172286
0.040544902748312815 0.9993945335320631 0.0003235196367358465
0.04072095328629682 0.9987584832559372 0.00032826289102655073
0.040836335428593884 0.9981622739248192 0.0003268697196386398
0.04193376818858774 0.9988110932608564 0.00032344004244880676
0.0421098201235583 0.9985403239071681 0.0003284329689295922
0.04222521693418457 0.9981746326192271 0.00032689068245983505
0.043322633862148734 0.9988169174081104 0.0003234146807389448
0.04349868719455858 0.9990266211705561 0.00032847489375441703
0.043614098207399365 0.9992696961907079 0.00032699739982184977
0.044711499303334505 0.9990063056002426 0.0003234898662860765
0.04488755426419529 0.9983286111567153 0.0003284069730997831
0.04500297948015941 0.9988950002145136 0.000326967776793466
0.04610036497644278 0.9985176573679287 0.00032339862774935914
0.04627642133428472 0.9989644668011352 0.0003285278620867531
0.0463918609857501 0.9978842282338268 0.00032675841243185225
0.0474892304167177 0.9991299168528162 0.0003234125359373483
0.047665288171998936 0.9991922407190887 0.00032848936744696885
0.04778074225896489 0.9981808759848362 0.00032685329057068323
0.04887809609073412 0.9993855410888418 0.00032345069311129506
0.049054155242091065 0.9990660577362052 0.0003284642906055698
0.04916962353172494 0.9987976171805566 0.0003269097420728804
0.05026696153101175 0.9988075844954398 0.00032326758196431275
0.0504430223121805 0.9984308158942437 0.0003284797582065236
0.050558505037315626 0.9980568360525857 0.0003268084435299759
0.05165582697128667 0.9992705011809417 0.00032345458077282104
0.05183188938318078 0.9991057747533869 0.0003285929923287802
0.051947386310985166 0.9990966154897319 0.00032690180908554346
0.053044692644850365 0.9989725111884572 0.0003233738218295762
0.05322075622044226 0.9977681629415374 0.0003282715889248282
0.05333626758374521 0.9984278596940434 0.00032684731484955193
0.05443355808512529 0.998398130958545 0.00032332971289493234
0.0546096232905317 0.9989317943646828 0.00032853329193048184
0.05472514885650526 0.998835554524999 0.00032697532554336176
0.05582242375777814 0.9994678423535994 0.0003234667001355773
0.055998490361531976 0.999033972567831 0.00032859579455807997
0.05611403036300544 0.9989846367294796 0.00032689136405050794
0.05721128919896391 0.999408325137962 0.00032342378473200327
0.057387357431624104 0.9993280313334104 0.0003286882470845208
0.057502911635765486 0.9987704338464557 0.0003269290531397663
0.05860015487206948 0.9994213633209633 0.0003234545770477537
0.0587762242688829 0.9998451460078811 0.00032865027635726356
0.05889179290852553 0.999120699106801 0.0003268862817839825
0.05998902031234711 0.999659400953904 0.0003234647009329106
0.060165091339430446 0.9992148518783927 0.00032862429723706126
0.06028067441411622 0.9996730411381739 0.00032702650998298283
0.061377885986363526 0.9995802693173894 0.0003234912722602617
0.06155395840951988 0.999900122769857 0.0003286970451000072
0.061669555686876265 0.999427323352263 0.00032689318422801124
0.06276675142663846 0.9993779065298666 0.00032343889588939945
0.06294282547915658 1.0001538263146261 0.0003288308278811387
0.06305843695963631 1.0000354273284986 0.00032699187321317825
0.06415561686691608 1.0001092862753111 0.0003235340807328047
0.06433169255015686 0.9999030610933487 0.00032878106929378663
0.06444731823330585 0.9998784159775785 0.0003269800235750492
0.06554448254047707 0.9999592088448506 0.00032353331731879595
0.06572055938741565 0.998960059671386 0.0003286846831765247
0.06583619973889654 0.9993809957483512 0.0003268421889407028
0.06693334798075469 0.9996909080347925 0.00032344708534557965
0.06710942645750778 0.9995547251655386 0.0003288689063336259
0.06722508101165658 0.9997748103889611 0.0003269571387839731
0.06832221365386026 1.0002545224110133 0.00032354133875104533
0.06849829352850806 1.00051544779653 0.00032894145042485873
0.06861396228532612 0.9990133556297496 0.0003268673302624818
0.06971107909459062 1.0000841149903335 0.00032349629817043045
0.0698871605985975 1.000488572978057 0.0003288669809985877
0.07000284355808617 0.9999247540267854 0.00032695118385665746
0.07109994476860704 0.9997634093266027 0.0003234497146988029
0.07127602743585898 0.9998634054224015 0.0003288266818139295
0.07139172506367686 0.9999749428619636 0.0003270216273817051
0.07248881020888466 0.999797612233492 0.00032351331475617896
0.07266489450640384 1.0006503684761052 0.00032894192413370014
0.07278060633689165 0.9996003650422898 0.00032681732395746407
0.07387767588199023 1.000425913480386 0.0003235239626863883
0.07405376157649597 0.9996829873392181 0.0003288269394198451
0.0741694876096517 0.999554043030494 0.00032692273264034265
0.07526654132272327 1.0002535980938483 0.00032353542572072073
0.07544262864658541 1.000047086114671 0.0003288620825202876
0.07555836888241174 0.9998640961748627 0.0003268856335934262
0.0766554067629982 0.9999863102609402 0.00032348453382823815
0.07683149571713026 1.00020028923854 0.0003289120113712926
0.07694725038845718 0.9994731351613239 0.0003268673552204213
0.07804427243610378 1.00021391588952 0.00032353494687138067
0.07822036255439174 1.0004554828437593 0.00032897198172296497
0.07833613166121722 0.9993620555173667 0.00032678574973743084
0.07943313787683683 0.9998512977562513 0.0003234761659624805
0.07960922962448118 1.000153096610191 0.0003289845387003452
0.07972501293397727 0.9991769245988228 0.00032683967065392117
0.0808220035499424 0.999945000123237 0.000323471559921018
0.08099809669457331 1.0001243143426697 0.00032897593575200373
0.08111389420764681 0.9995210545521548 0.0003268563574485438
0.08221086899022002 0.9991674956901511 0.00032334614466528915
0.08238696376466274 0.999873608897412 0.00032893447234582713
0.0825027757132375 0.9995014219219088 0.00032683569374827675
0.08359973466423644 0.9997212749192927 0.0003235004245761133
0.08377583083475487 0.9996251686080474 0.00032898314963071475
0.08389165698599754 0.9999580289391856 0.00032689933048135286
0.08498860010451137 0.9995282115905205 0.0003234074967561179
0.08516469767201366 1.0001444286805259 0.00032905595562411605
0.08528053825921234 0.9995777314580633 0.0003266949104136457
0.08637746554478899 0.9999012274846205 0.0003234943273401906
0.08655356474301394 1.0004667415937978 0.0003291046328978722
0.08666941953197238 0.9997561249808906 0.0003268601265858952
0.08776633121880541 0.9996794874916844 0.0003234558655613054
0.08794243181310607 1.000222295094092 0.0003290175606996776
0.08805830103756307 0.9997938032000817 0.00032683178332759195
0.08915519665908034 0.9999264697182457 0.0003234019459731242
0.0893312988831955 0.999984226748261 0.00032907968485091575
0.08944718231077786 0.9998619836625778 0.00032683645629793927
0.0905440623321886 1.0001392905749658 0.00032341911470853214
0.09072016595374306 1.0001486362291026 0.00032912914797264846
0.09083606358353791 0.9998297212325201 0.000326794993798768
0.09193292777246354 0.9998529833201302 0.0003235061783003149
0.09210903279100185 0.9999685671532287 0.00032902283685339343
0.09222494485629795 1.0001927964352317 0.0003268731460945449
0.0933217932136493 1.0000314638791745 0.00032339817093349286
0.09349789986109398 1.000328195022901 0.0003290689528062772
0.09361382636279814 0.9995394082363749 0.00032676797822242667
0.09471065888675757 0.9995001231244737 0.00032338029035140954
0.09488676693163883 1.0006066358472063 0.0003291467940720931
0.09500270763646768 1.0005202732177816 0.0003268955821984622
0.0960995243270325 0.9996929718206374 0.000323401709272588
0.09627563400172827 1.0004843871826363 0.0003291189521901445
0.09639158890877297 0.9996853011412306 0.0003268112421781011
0.09748839000104892 0.9996746507141389 0.00032336173361115705
0.0976645010718204 1.0001660260255711 0.00032906212094117643
0.09778047018153302 0.9994604931513689 0.000326700692744894
0.09887725544132654 0.9997452213168072 0.000323452610842448
0.09905336790999003 1.0003449203516392 0.00032905258660925085
0.09916935168757846 1.000053407887238 0.00032683673264241597
0.10026612088160147 0.9999485035969686 0.00032346727610863533
0.10044223498007947 1.0001215754349857 0.00032900570954964164
0.1005582329603385 0.9997410250144695 0.0003267406987061653
0.10165498655516515 1.000486009576829 0.00032345946785359355
0.1018311020501716 0.9997214908789285 0.00032882436375155055
0.10194711423309855 0.9998428057184671 0.0003267690793949138
0.10304385199544008 1.0004077716984585 0.0003234863014471478
0.10321996912071646 0.999751005918427 0.00032893410494871456
0.10333599550676809 0.9996745936417635 0.0003267355872825626
0.10443271766854566 1.0001091821575234 0.00032342006779458005
0.10460883619080859 1.0003698716671183 0.0003290705070343436
0.10472487677952813 0.9999392517823481 0.00032673703134046116
0.10582158310927871 1.0000778642212498 0.00032343688727042247
0.10599770326089802 1.0009080868549205 0.00032915559560865574
0.10611375828511882 0.999051138065162 0.00032666220339423605
0.10721044854955364 0.9995466410957713 0.00032327007563398184
0.10738657009861223 1.0003620207738337 0.0003291326726148615
0.10750263955878836 0.9994571671585033 0.00032670495417802184
0.1085993142226619 0.9998888956181802 0.00032331868410887356
0.10877543716870436 1.000376991266621 0.00032912028591618354
0.1088915208315484 0.9999504138696329 0.00032676629300831497
0.10998817966384768 0.9997829345584087 0.0003233762005371946
0.1101643042387938 1.0003846895041923 0.00032909378291561155
0.11028040210430845 1.0003239749454862 0.00032679243385273435
0.11137704533695325 1.000224753195783 0.00032340644012790394
0.11155317130979407 1.000129513665956 0.00032909624016706356
0.11166928337752324 0.9993898094355348 0.0003267505640064981
0.11276591077723087 1.0002368975428448 0.0003234637528490157
0.1129420383798862 0.9998576474370663 0.00032907267685386145
0.11305816488311393 0.9994943306490057 0.0003267235005853637
0.11415477621796122 1.000046575489838 0.00032340147811105293
0.11433090544997564 1.0000917392679922 0.00032915441823793985
0.11444704615541923 0.9994779745644136 0.00032666068644088606
0.11554364189106948 0.9999057967829871 0.0003233461899445466
0.11571977228769255 1.0005884666755236 0.0003291801601049574
0.11583592742908877 0.9997193987990142 0.00032677284427535397
0.11693250733134442 1.0002064975953333 0.00032337445002489807
0.11710863935778199 0.9998067679236812 0.00032905600724202397
0.11722480870184881 0.9999448570453 0.00032672719279528507
0.11832137300490542 0.9992538849567928 0.0003232164002979708
0.11849750642787411 1.0005613025707505 0.00032920099545446086
0.11861368997460886 0.9994209232513139 0.0003267277641755216
0.11971023844609119 1.0002415177680164 0.00032327752658242796
0.11988637349841896 0.9999930623522776 0.00032909605241085975
0.12000257148110904 0.9999788688365729 0.000326772027668194
0.12109910388636881 0.9994660330927033 0.0003232754821899495
0.1212752405685084 1.0005862363988887 0.0003291726711578172
0.12139145275386909 1.0000586070807487 0.0003268144876376131
0.12248796955947439 1.0009730691630605 0.00032341823561194305
0.12266410763860053 1.000238786526677 0.00032917390596206886
0.12278033402662913 0.9990322185226395 0.00032659584208393774
0.12387683500066016 0.9996337055747206 0.0003232466782043403
0.1240529747096008 0.9997206176407848 0.0003290859024910283
0.12416921529984393 0.9989566449128259 0.0003265657242318177
0.1252657006737684 0.9998130817424947 0.0003233336842254518
0.1254418415468596 0.9998336443097794 0.0003290587009687152
0.12555809657260397 0.999461986120714 0.0003266356444946883
0.12665456611404335 1.0006752774855059 0.0003234805715703776
0.12683070861695173 1.001762229719464 0.0003293038129578166
0.12694697807819466 0.9995338604481604 0.0003267393083780645
0.12804343155432096 1.0000201033600342 0.00032330534602568615
0.128219575687952 1.000326446086656 0.000329155968050106
0.12833585935140945 0.9997677785691713 0.0003267332183076045
0.12943229722742655 1.0005164160752154 0.0003233400105962707
0.12960844275804145 1.000381473545251 0.0003291946328609319
0.1297247406241695 1.000178634286126 0.00032682568284777994
0.13082116266770416 1.0001967194022865 0.00032330894255376444
0.13099730982813357 1.0005085081765908 0.0003291905995215835
0.13111362189692954 0.9998862676045603 0.0003267413715982223
0.13221002810888993 0.9997970133484778 0.00032323912773680005
0.13238617689822302 1.000473884303506 0.00032913763940679
0.13250250317059908 0.9999035713887094 0.0003266948182709767
0.13359889378199552 0.9995480844029591 0.0003232936460352895
0.1337750439692233 1.0001480128862674 0.000329006617663732
0.13389138444335913 0.9994673310742065 0.00032664009082792206
0.13498775922227313 1.000418211191807 0.0003234099961965175
0.13516391080648477 0.9999755143843119 0.00032910803447786766
0.13528026594894982 0.9988431316335435 0.00032649460464083673
0.1363766246634589 1.0001491905477142 0.00032331072097131953
0.13655277787657422 1.0005438313223867 0.0003291189323943003
0.1366691472221646 1.0002264297289694 0.00032676396149124685
0.1377654903365645 0.9996846179970197 0.0003232516771481827
0.1379416449475745 1.0002865098139284 0.00032910497399904774
0.13805802849492466 0.999932513891235 0.00032670047814162685
0.1391543557768421 1.000093708525542 0.0003232573180573982
0.1393305120176666 0.9998207967599108 0.0003289767755419246
0.1394469097676847 1.0004590646757516 0.00032676443520995944
0.1405432214499477 1.0000905307072436 0.0003232913131512936
0.14071937908775606 1.000312993475089 0.0003291614638794756
0.1408357910408995 0.9997739793703281 0.0003266748296029201
0.1419320868902253 0.9992724140947025 0.0003231500595756845
0.14210824615830359 0.9998065082072144 0.00032915740143771007
0.14222467231365954 1.0002061634801094 0.00032671347894546306
0.14332095233004752 0.9997422571797984 0.00032326300392793855
0.14349711322839304 1.0001337083677424 0.0003290650903800416
0.14361355381879548 1.0000075674870634 0.00032670802882739055
0.14470981800315308 1.0005498452175188 0.0003233002595014171
0.1448859800656545 1.0000763140592703 0.0003290637929891495
0.14500243509155553 0.9997538049665474 0.00032677643660718306
0.14609868344388344 0.9998352274652509 0.0003232029926693395
0.14627484713619937 1.0005682722270752 0.00032913429946194333
0.14639131636431557 0.9993749943846335 0.00032664799664062697
0.14748754888416105 0.9994260402834707 0.00032316042556201
0.14766371420628882 0.9997297673981449 0.00032902493245605695
0.14778019763707562 1.0003255410974337 0.0003268015199405232
0.14887641455726663 1.0010153014817407 0.00032331138920437116
0.14905258127638094 0.99997923794429 0.00032893628874692757
0.1491690789102904 0.9997531711604757 0.00032672750616713985
0.1502652799984524 0.9995473893833291 0.00032318806780858657
0.1504414483473812 1.0001110411895373 0.0003290365121726851
0.15055796018305045 0.9996227288197689 0.0003267377061350161
0.15165414543873001 1.0001906670247107 0.0003231730689097028
0.15183031541747066 0.9991715000265807 0.0003289479557891905
0.15194684168864114 0.9999472016332454 0.00032672428552368057
0.1530430111118356 1.000373621779412 0.00032328461620279605
0.15321918248756278 1.0006519465810553 0.0003291140745854912
0.15333572296231068 1.0000003696583117 0.0003267487974745403
0.15443187655302137 1.000372530733835 0.0003232189347838964
0.15460804955810764 1.0011796696933157 0.0003292275702008512
0.15472460423507073 0.9990104971651361 0.0003266382182800715
0.15582074199329898 0.999983494356231 0.0003232058863290981
0.15599691662819976 1.0004174640162558 0.00032907209974594324
0.15611348550783077 0.9996270071255426 0.0003266918778040234
0.15720960766640457 0.999933693873105 0.00032321208036024593
0.15738578346545856 0.99993464361436 0.00032902737660707947
0.15750236678104557 0.9998652153855863 0.00032675065707876466
0.15859847310713493 0.9998717309307995 0.00032321597461100726
0.15877465053600343 1.0006487625580849 0.0003290442120872335
0.1588912480538056 0.9997207132213302 0.00032671111417092525
0.15998733854741254 1.0000842572848707 0.00032315655198905983
0.16016351760609554 0.9996379298554264 0.00032896523151436033
0.16028012932656566 1.0001040465491076 0.0003268002919016987
0.16137620422052082 0.9999440732103991 0.0003231771851733677
0.161552384676185 1.0008787496653024 0.0003291274791976691
0.16166901059978045 0.9991241819684821 0.0003266580924379386
0.16276506966125115 1.0000955490658505 0.0003232017483872985
0.16294125174718527 1.00048754763588 0.00032910278080281233
0.16305789210628063 0.9996570489079003 0.000326713468279872
0.16415393533435674 0.9995628876722031 0.0003230686451598237
0.16433011881727738 1.0000713100684542 0.00032904411603294054
0.16444677337904068 0.9996384884807183 0.000326753106758942
0.16554280077463435 1.00023788525526 0.00032321696026293566
0.16571898588736683 0.9998750875742403 0.00032898996265571124
0.16583565465180072 0.99917907192641 0.0003266079691935285
0.16693166621582012 0.999982098146845 0.0003231519481791447
0.1671078529583671 1.0008336012043413 0.0003291651332439861
0.16722453592547026 1.0001647103257918 0.0003267971855370364
0.16832053188938112 1.0001815682193242 0.0003231666135873234
0.1684967200280038 1.0000711574597794 0.00032900835310613915
0.16861341719777556 0.9994329756165644 0.00032671726645559736
0.16970939732965876 0.9998805294185805 0.0003231155748548762
0.16988558709809592 0.99945451619955 0.00032882817198854686
0.1700022984705356 0.999957204589914 0.0003267613556430693
0.17109826276993367 0.9996741072169567 0.00032305155245412025
0.17127445393581014 1.0005714094983573 0.0003290160617555853
0.1713911797437504 0.9996125296225619 0.0003267782171215139
0.17248712821066403 0.9996256777010744 0.00032298298864768177
0.1726633210058996 1.00005389721155 0.0003290026272861509
0.17278006101651044 0.9992173943641346 0.0003266749100838418
0.17387599388377228 0.9999525557664702 0.0003231101692158914
0.1740521880759917 0.9999928668500985 0.00032891022902252113
0.17416894252210113 0.9995595617129864 0.0003266792921783889
0.17526485932404723 1.0005295398483443 0.00032310320492709964
0.175441055146992 1.0005974845509074 0.0003290257619613622
0.17555782379577067 0.9995340905251827 0.0003267079057937705
0.176653724765233 1.0002341049340293 0.00032308031673840265
0.17682992221708144 1.00041574697316 0.0003289914878061012
0.17694670506853072 0.9989962128517986 0.00032671900756048647
0.17804259043834125 0.9998932989873733 0.00032303111188677496
0.17821878928717355 1.000595832937604 0.00032888424564648855
0.17833558634129076 0.9991738335331749 0.0003266741121050044
0.1794314558786162 0.9998118399639708 0.0003230378590077639
0.17960765635817383 0.9991832993755628 0.00032875974381432066
0.1797244676149603 0.9992545849283828 0.0003267633191023911
0.18082032131980197 1.0000717653250333 0.0003231211689980296
0.18099652342826328 1.0000724878885088 0.0003288703578733007
0.18111334888772035 0.9983876133115417 0.0003266121597834438
0.1822091869924548 1.0002157298147225 0.0003231367951206256
0.1823853904983554 1.0003193353395892 0.0003289411262140124
0.1825022301604804 0.9993067671946764 0.0003267440701552681
0.18359805243273244 1.000182861196367 0.0003230762367849872
0.18377425756890026 1.0000723861493295 0.0003289755415266843
0.1838911114336952 0.9994239191315506 0.00032678234151417026
0.18498691787346278 0.9996380942344573 0.0003230107294727443
0.18516312463944512 1.0004359469656205 0.00032901077179544805
0.18527999270645523 0.9997647166795331 0.0003268131368855835
0.18637578354656836 0.9995607487755026 0.00032299508993556867
0.18655199170953723 1.0007036573250665 0.00032902364888435457
0.18666887421159117 0.9990762321758464 0.00032670372090838195
0.18776464898684597 1.0003940415437522 0.0003230602345361869
0.18794085854679604 1.0006735637560051 0.00032909243801549124
0.1880577554852607 0.9994324001977188 0.00032681014897090215
0.18915351442803174 0.9998325208285639 0.00032292410285961003
0.18932972561779632 1.0002867731414335 0.0003289999524819063
0.18944663675802076 0.9997856491340644 0.0003267764820239216
0.19054238010204816 0.9999816724876054 0.0003229544011051206
0.19071859268788843 1.0005355279770283 0.0003289804349321643
0.1908355180307808 0.9995228299097709 0.00032684532648639524
0.1919312455423231 1.000504762254447 0.00032303910864229694
0.19210745975797788 1.0004131605282212 0.0003288839328281409
0.19222439930445034 0.999840274197071 0.0003268604426434819
0.1933201109826007 0.9999746608701143 0.00032296873957270866
0.1934963268285254 1.0011926690145256 0.0003290536313826316
0.1936132805772104 0.9996534730196284 0.0003268061221337558
0.19470897665616171 1.000330993127324 0.00032306782823074355
0.19488519389861486 1.00028406606458 0.0003288779909152523
0.19500216184997043 0.9994681611709207 0.0003268281906845248
0.19609784209643935 1.0001220061445422 0.00032301099595394495
0.19627406096870698 1.000409312143708 0.0003289581021453976
0.19639104312318523 0.9999883404824618 0.0003268061886143149
0.19748670753671427 1.0003338190893347 0.0003229583556907998
0.19766292803925184 1.0003880406503047 0.00032885190786856414
0.19777992439594527 0.9990837754046333 0.0003267599549614204
0.19887557297744463 1.0001797422794563 0.0003229722933556987
0.1990517951093413 0.9997787318711038 0.0003289160109651649
0.19916880566870532 0.9999634921135789 0.00032690419954769113
0.20026443865055288 1.0000337737311116 0.0003229728688544102
0.2004406621794334 1.0002682451320846 0.00032888042708936803
0.2005576869419201 0.9997632267841099 0.0003268174150826768
0.20165330409082782 0.9995973943116871 0.0003228501862466807
0.20182952925043368 1.0007442272281333 0.0003289515446473557
0.20194656821468016 0.9990989287763155 0.00032676507260772817
0.2030421695320136 1.0003600996763797 0.00032291710684383417
0.20321839631961497 1.0005136109029469 0.00032897425945142605
0.20333544972027084 0.9998245243478003 0.00032688464932444127
0.20443103520512185 0.9997041977580138 0.0003228253987948473
0.20460726338879626 1.0005359727808805 0.0003288972581968422
0.20472433099394038 0.9999804006243946 0.0003269294659362685
0.2058199006453968 1.0007224367990484 0.0003230169459035441
0.20599613045979653 1.0003159667898631 0.00032886036457374965
0.20611321226670043 0.99940820593185 0.0003268323837224882
0.20720876608612715 1.0005290103163047 0.00032301283445991335
0.20738499752988598 1.0000859466058978 0.00032894123251976984
0.20750209353946047 0.9997209442553483 0.00032682193018131726
0.20859763152640476 0.9993870221689796 0.00032276537954044587
0.2087738645999781 1.0002566142549874 0.0003288336412146277
0.20889097481267527 0.9998055683809138 0.00032689126930384143
0.20998649719951304 1.000110617722089 0.0003228474964583974
0.21016273167097838 0.999470566769512 0.0003287784983433646
0.2102798560854353 1.0000567654344368 0.00032695735041529656
0.21137536264024337 0.9994752240573419 0.00032273899085237924
0.21155159874106783 1.0001886781203577 0.0003288288926430188
0.21166873735819536 0.9995401543030236 0.000326812910329104
0.21276422808051831 0.9997136283265788 0.00032284605644364094
0.2129404655783293 0.9999264694469515 0.000328813217066324
0.21305761863141015 0.9998474714629823 0.00032690976821782286
0.21415309375362657 1.0001561734934115 0.0003229074460186554
0.21432933264887416 1.0008133917170337 0.0003290428149610418
0.2144464999041702 0.9992079559832013 0.0003268647562612418
0.21554195919481234 0.9999218467184012 0.00032287745431471064
0.21571819971896627 1.000275434550561 0.0003289635434922644
0.21583538117693024 0.9995192647406242 0.00032692138329312254
0.2169308246359981 0.9999353029247897 0.0003228250757603633
0.21710706678905572 1.0007379448807616 0.00032890397656723156
0.21722426245059978 0.9997965559934956 0.0003270229537532607
0.21831969007582033 1.000597669779988 0.00032288358334017683
0.2184959338596006 1.000538086619498 0.00032886839271557686
0.21861314372335983 0.9996528869674132 0.0003269646478503462
0.2197085557489259 1.0011410343218692 0.00032289720082275875
0.2198848009296927 0.9999585824962064 0.00032875920064647077
0.22000202499611987 0.9996010833069167 0.0003269629502829635
0.22109742118965625 0.9998716931971318 0.00032283972768435717
0.22127366799978215 1.0003487877897075 0.0003288152996387701
0.2213909062697894 0.9998656255363824 0.00032700538163770733
0.22248628662993386 1.000316564525487 0.00032281730493600584
0.22266253507078243 1.0003721033954978 0.00032885204336160877
0.2227797875420947 0.9994025721550653 0.0003269395996784518
0.2238751520702088 1.000081402637778 0.0003227697588081451
0.22405140214087454 1.000019230461005 0.000328720410847448
0.22416866881485475 0.9998851012511913 0.0003270766886270336
0.22526401774422522 0.9998436172793806 0.00032278029043334756
0.225440269210964 0.9999069370049363 0.0003288047714259309
0.22555755008806955 0.9997838499076421 0.0003270143392332282
0.22665288318450283 1.000246694923903 0.0003228461924843621
0.22682913628151152 1.0010411144390732 0.0003289702494572597
0.2269464313617391 1.0000432688225576 0.00032708795468933415
0.22804174862477777 1.000290736719123 0.00032274895266024294
0.22821800335160097 1.0002135800016174 0.00032879024336046126
0.22833531263449913 1.0000127932182945 0.00032708142826142476
0.2294306142987942 1.0000948645871024 0.00032274152236927135
0.2296068704216931 0.9997537101119411 0.000328738796948526
0.22972419390725918 0.9998060931214531 0.00032708002160563134
0.2308194797390718 1.0002064567100386 0.0003228566232665632
0.23099573749223795 1.0007910833829876 0.00032882202238852446
0.23111307518092872 0.9997034118936683 0.0003270560704866465
0.23220834517934674 1.0005484833209823 0.00032282258489383243
0.2323846045623274 1.00108192132256 0.0003289376424078567
0.2325019566865194 0.9989731020089904 0.00032695191924070013
0.2335972106200771 1.0004435328356986 0.0003227998709614086
0.23377347163241952 1.000003674259914 0.00032883983069911257
0.23389083795927945 0.9995383224390516 0.00032702838552601317
0.23498607629318535 0.9999663693392685 0.0003227668514572287
0.2351623387034198 1.0004318498804707 0.00032892861529974484
0.23527971923249424 0.999890560310409 0.0003271304798084257
0.23637494173300755 1.0002670193362255 0.0003227496396113728
0.23655120577442007 0.9997700269698914 0.00032874482552615433
0.2366686005052543 0.9998973789800778 0.0003271420180514276
0.23776380717419332 0.999989168078279 0.00032278660474078065
0.23794007284450952 1.0002823695600958 0.00032873022687689456
0.23805748177801433 0.999733811422717 0.000327091915328053
0.2391526726153791 1.0002409291439236 0.0003227268314811077
0.23932893991460163 1.000116011369917 0.00032868588226298153
0.23944636305122913 0.999630176884467 0.0003270891705482272
0.24054153828848468 1.0002124124040443 0.0003227223123404921
0.24071780698469109 1.0000223157775219 0.000328824466604333
0.24083524432398917 0.9997189715748931 0.00032720746783939666
0.2419304037287623 0.9998132322172403 0.00032273875368596714
0.2421066740547832 1.0001824325437665 0.0003288031736562677
0.24222412559674922 0.999714828307414 0.0003271793568891607
0.24331926916949265 0.9999013935455514 0.00032264873318849
0.24349554112487265 1.0001989527888138 0.0003288140715455238
0.24361300687041876 0.9996894761110977 0.00032720622540260963
0.24470813460977028 1.000637873551905 0.00032281288784563204
0.24488440819587293 1.0009509207646174 0.00032877642123266965
0.2450018881431788 1.0006224577828529 0.0003272681760682615
0.24609700028287584 1.0004995350118273 0.0003227132021878911
0.24627327526596504 0.9999524301607459 0.00032875504097339364
0.24639076941593885 0.9996239969333316 0.000327124840907215
0.2474858657236062 0.999735891035895 0.0003227028024452741
0.2476621423360545 0.9997685471871457 0.00032848978461628704
0.24777965068915364 0.9998465986325551 0.00032721951746957333
0.2488747311638838 1.0004992608293584 0.0003228280347580319
0.24905100940705477 1.0002336797687121 0.0003287869946178139
0.2491685319619137 0.9997420107939357 0.00032716775658689557
0.25026359660415876 1.0002811491114705 0.00032273219176800816
0.2504398764771469 1.000269036239417 0.0003287470158635839
0.25055741323467373 0.9997727788764011 0.0003272593205864992
0.2516524620453445 1.0009912183554426 0.00032279532857898055
0.25182874354723633 1.0002285709138734 0.0003287248497581791
0.2519462945078885 0.9992081475053671 0.0003272612010887574
0.2530413277184528 1.0002164839826533 0.00032269334290825277
0.25321761061778386 1.0000126782933707 0.00032882661541568597
