-0.2497731424399178 1.0002481172567883 0.00032613890632448905
-0.24952861020476053 1.0002991277505373 0.00032417463989663464
-0.24933863283195024 0.9999390750263925 0.000327197248323661
-0.24838428795268352 1.000013885300023 0.00032611733993267875
-0.24813975618319023 0.9997303270373656 0.0003241380410441816
-0.24794976507291722 1.0002905174180698 0.0003273830998346428
-0.24699543369782986 0.9998895545669663 0.00032608940039252393
-0.24675090239354244 0.9998232545306921 0.00032414270383084677
-0.2465608975471696 1.0004433312085443 0.00032738956100187135
-0.24560657920968745 0.9997267824095788 0.0003260333491181162
-0.24536204860389194 1.0001066433095356 0.0003241736134299893
-0.24517202978722707 1.0003892898282594 0.0003273323637593448
-0.24421772495483107 1.0000759677231208 0.00032610045409789146
-0.24397319481515228 1.0001558289797567 0.00032422212758692663
-0.24378316202819406 1.0001795407088936 0.0003274243722876325
-0.24282887046714677 0.9997902424577306 0.00032605124163618616
-0.24258434079267385 1.000171761386571 0.00032426019538349176
-0.24239429450244643 1.0009423092111551 0.000327441399535636
-0.241440016211835 0.9997372522089665 0.0003260004286463634
-0.2411954870039342 0.9999944912569823 0.0003241521889511612
-0.24100542674295866 1.000292858566814 0.0003273836492374057
-0.24005116172369526 0.999006619538355 0.0003259049454239524
-0.2398066332142837 0.9997741945930887 0.0003241709062808412
-0.23961655921630154 1.000054435786723 0.0003273287223713151
-0.2386623074688389 1.0003278069678967 0.0003261085347097591
-0.2384177794246359 1.0003616297334363 0.0003242176163042698
-0.23822769145772327 1.0007504981174185 0.00032747402704497186
-0.23727345298160732 0.9998623906876098 0.0003259241766615492
-0.2370289254030656 0.9999309676854058 0.00032416830147480546
-0.23683882393106614 1.0000870383547937 0.00032731015022024177
-0.2358845987258428 0.9989102289305657 0.000325891086374747
-0.23564007161387054 1.000048447587602 0.0003241884446162076
-0.23544995617248787 0.9995330269995332 0.00032725522333350066
-0.2344957442381558 0.9995649781043093 0.00032591803170283634
-0.23425121782376732 0.9995261308024852 0.0003241442220315826
-0.23406108864583075 1.0004009522750466 0.0003274076594155605
-0.23310688998375487 0.9998008050615316 0.0003259496913894877
-0.2328623640341168 0.9991316423862597 0.0003239557585829661
-0.23267222088634298 1.0006038407036169 0.0003274213975064523
-0.23171803549606787 0.9996496553403544 0.0003258971033997506
-0.2314735100125465 0.9997126410600156 0.0003240265329946932
-0.2312833531277647 1.0002181153378669 0.00032735532237890155
-0.23032918124121418 1.0003289583210748 0.0003259459327073496
-0.23008465622380686 1.0001201627278318 0.00032416234233676827
-0.22989448560156234 1.0001067862686108 0.00032742093033336577
-0.2289403267539799 0.9989132968037858 0.00032561775764309935
-0.2286958024350672 0.99953932540483 0.0003240598938692967
-0.22850561784252932 1.0006317611202427 0.00032744427396050443
-0.22755147249912624 0.9998846940882881 0.00032583359798543676
-0.2273069484130415 0.9997826667943294 0.0003240829177506859
-0.22711675031632694 0.9999667510193271 0.0003273473737911867
-0.22616261824381448 0.9989807502964765 0.0003257268821675319
-0.22591809462384912 0.9997378734317277 0.0003240143689629921
-0.22572788255729392 1.0004745575437508 0.00032747649471178184
-0.22477376375612745 0.9994395961178751 0.0003257387531499645
-0.22452924083419862 1.0000760279904526 0.00032414339829532824
-0.2243390150315463 1.0006224833349693 0.00032744825954287394
-0.2233849095012738 0.9996282797891958 0.00032575266119556277
-0.22314038681262832 0.9996630659375291 0.00032408087288642246
-0.22295014727205853 1.0003119887849188 0.00032743684860891156
-0.22199605501313138 0.9991297286518925 0.00032551502005713387
-0.22175153302298053 0.9998456813844673 0.0003241549644161283
-0.22156127974585615 0.9997641170601718 0.00032734044323597735
-0.22060720075782228 1.0010598313031345 0.00032590351630305283
-0.22036267923333003 1.0000481414038045 0.0003241385017617631
-0.22017241198682314 1.0006591072020672 0.0003275062398856366
-0.21921834627013528 1.0004576376329049 0.0003258059383660752
-0.21897382521175973 1.0000037651889442 0.0003241349296931937
-0.218783544460166 0.9998441115894856 0.0003273728968447305
-0.21782949201527893 0.9999006203021713 0.000325728120067812
-0.21758497142256467 0.9999117142162621 0.0003241157608986392
-0.21739467670158774 0.9999844069835103 0.0003273982780222966
-0.21644063775996983 0.9995264524708806 0.00032567337889753033
-0.21619611763291688 1.0006620763583873 0.0003241543523684365
-0.21600580917493062 1.0001076532104565 0.00032752544881015197
-0.21505178327228283 0.9997897533584673 0.00032561028579100587
-0.214807263609983 0.9990968753255016 0.00032392820692575726
-0.21461694141544285 1.0006192753032455 0.0003275048689525432
-0.2136629290178819 0.9999176456976668 0.00032565876577822994
-0.21341840982124335 0.999113880528543 0.000323963073823189
-0.21322807365686458 1.0002810011079937 0.0003275145319906685
-0.21227407452973945 1.0001287377662655 0.00032562759645507667
-0.2120295560320483 0.9997430294103594 0.0003241069431404098
-0.2118392061306622 0.9996034717022743 0.00032740648348534494
-0.21088522027397497 1.0000764034045926 0.0003256266921220847
-0.21064070200956714 0.999890067343624 0.00032401689078837606
-0.21045033837117444 1.000276763195857 0.0003274928453168832
-0.20949636601912128 0.9996705892898332 0.00032548630708198353
-0.20925184822037476 0.9995259129734019 0.0003239481384525415
-0.20906147084497206 0.9995573260263628 0.0003274018539070203
-0.208107511531887 1.0005573512452868 0.00032567307456340505
-0.2078629944311797 0.9993273687738926 0.0003239877774524644
-0.20767260308593904 0.9996917794470044 0.0003274383542473862
-0.20671865727703334 0.9999135598815458 0.00032549456743173946
-0.20647414040915396 1.0001117580045646 0.0003241155843941567
-0.20628373555928192 1.0001511215253551 0.00032746434671016776
-0.20532980302308512 0.9998993687901926 0.00032553003925830357
-0.20508528662132516 0.9997179262684736 0.00032404072142596806
-0.2048948678011584 1.0002757985546034 0.0003274917945631694
-0.20394094853540082 1.0001137979255226 0.0003255160977694757
-0.20369643259929945 1.0005712647198286 0.00032417929469941327
-0.20350600027541077 0.999909565813115 0.000327489843627056
-0.20255209428008905 1.0003910438025994 0.00032562819214418577
-0.20230757880919623 0.9999992488851078 0.0003240948874955237
-0.202117132515923 1.0006709651194792 0.0003276020240576906
-0.20116324002477995 0.9995815694596806 0.000325366427739854
-0.20091872502045657 1.000425421875976 0.00032420945460566897
-0.20072826499017538 1.0009848526634801 0.0003277048027136444
-0.19977438553709295 0.99995608013189 0.00032545107999016324
-0.19952987099843086 0.9996250445562448 0.0003240125242519884
-0.19933939723114236 1.0010173686987809 0.0003276475471193773
-0.1983855312822366 1.0006250071693872 0.00032550060747118723
-0.19814101720878036 0.9995782251866089 0.00032408364756632974
-0.19795052970448523 1.0004350401308644 0.0003276156734529439
-0.1969966770269275 0.999667192989105 0.0003253045239596471
-0.19675216341867713 0.9995119784082213 0.00032408153043057906
-0.19656166194545222 1.0003365275641865 0.00032759087295921365
-0.1956078225392405 0.9993156747042928 0.0003252972175689372
-0.19536330939710683 1.0000789106153027 0.00032411319641947157
-0.1951727941864192 1.0006847520656998 0.0003276071143630796
-0.19421896828483956 1.0002060094657959 0.00032546355567524075
-0.19397445560791177 1.0000042611228044 0.00032416284514370406
-0.19378392665976207 1.0001274606263035 0.00032758688377859815
-0.19283011402907504 0.9993515401500574 0.0003252233555901401
-0.19258560158543334 0.9998014860685213 0.0003240622302887958
-0.19239505890072905 0.9996937461036909 0.0003275564072672296
-0.19144125954093263 1.0000807201730344 0.0003252646766434153
-0.19119674779623824 1.0001207482644578 0.0003240842356353853
-0.19100619137498143 1.0000717769651841 0.00032767423468287016
-0.19005240528607895 0.9999838065269382 0.00032533265397305465
-0.1898078940074986 0.9992419471250965 0.0003240151342614996
-0.1896173236150389 1.0002509996862032 0.0003276066458028243
-0.18866355103167531 1.0001989499527224 0.0003253651865267269
-0.18841903998456475 0.9992882721443969 0.00032403585928446576
-0.1882284560883818 1.0007456330257691 0.00032772409484256956
-0.18727469677591083 1.000022293760512 0.00032532659682362673
-0.18703018619536965 0.9993678501869924 0.00032400310167981816
-0.18683958832934877 1.000238058313411 0.0003276140668600306
-0.1858858422882265 1.0003260001106165 0.00032530462367083324
-0.18564133217379936 0.9994353903682486 0.00032398951984270047
-0.18545072080360114 0.9998756403668839 0.0003276037620082103
-0.18449698803382286 1.0001617404456906 0.0003252926902855133
-0.18425247838415157 0.9998789638666759 0.0003240647750015047
-0.18406185304411338 0.9991720590119284 0.0003275827163941104
-0.18310813377942461 0.9995909610943666 0.00032512605749077187
-0.18286362436167042 0.9999470998782277 0.00032412041791154934
-0.18267298551745625 1.0002412990647025 0.00032766773943393706
-0.18171927952502098 1.0002077368729714 0.000325225608990121
-0.18147477057384162 0.9999225088175926 0.0003240935090629041
-0.18128411775978748 1.0000416236583283 0.0003277285448346241
-0.18033042503733668 0.9994575672557986 0.0003250788521172548
-0.1800859165518159 1.0003669163340017 0.0003241804034686405
-0.1798952502335851 0.9999303538390439 0.00032767568444462433
-0.1789415707820249 0.9995972589961539 0.0003251273609572752
-0.1786970627621654 1.000288452960767 0.00032408424080095023
-0.17850638247455208 1.00006778817162 0.0003277364316410177
-0.1775527165267158 0.9995044581185561 0.00032502888224833
-0.17730820897297303 0.9997780581564972 0.0003241078465124364
-0.17711751494880446 0.9999778000699225 0.00032768229050089296
-0.17616386227185946 0.9996546986148133 0.00032505108406984356
-0.17591935495094732 0.9997602011676812 0.0003240570771311222
-0.17572864718886194 0.9998890042067817 0.0003277281054238346
-0.17477500778462787 1.0003358392388106 0.000325142690936463
-0.1745305011612968 0.9999757110508302 0.00032409130369306824
-0.17433977966265957 1.000037466923279 0.0003277083696573743
-0.17338615352886336 0.9998925416558765 0.0003250064396935886
-0.1731416471392738 1.0000884226583513 0.00032410513238881566
-0.1729509119040813 1.0003109375341088 0.0003277324410846768
-0.171997299274007 0.9995375687760334 0.0003249840302279627
-0.17175279335053414 1.000176462664395 0.0003241130832397819
-0.17156204437742417 1.0001742726604448 0.00032779426529997997
-0.17060844501960606 0.9999965866708325 0.00032500893839138966
-0.17036393932759758 0.9998878739662641 0.0003241177750881125
-0.1701731766179364 0.9997894995898893 0.0003277341570470691
-0.16921959076429427 0.9997837553701286 0.00032490699696794204
-0.1689750855384052 1.0000121466026066 0.00032413192385345973
-0.16878430909218878 0.9999583499039231 0.0003277423647428809
-0.16783073650852978 1.0002521297319182 0.0003250733049646254
-0.1675862315168349 0.9999448868921496 0.0003241303013866024
-0.167395441332701 0.9997135474571447 0.0003277431208478504
-0.16644188202084545 1.000084175794979 0.00032496356463357785
-0.1661973777271844 0.9995032036502701 0.0003239597056638701
-0.16600657380695338 1.0003216244867141 0.00032785768839162547
-0.16505302776644182 1.0003413940320658 0.00032493041711020013
-0.1648085237051587 1.000054937647593 0.00032414905469133184
-0.16461770604746562 0.9998275215147733 0.00032779758012337046
-0.16366417351113274 1.0006445025163828 0.00032502251846354353
-0.16341966991596632 1.0001840968131321 0.00032413777162268285
-0.1632288385208085 1.0004807255141688 0.00032792122932217
-0.16227531925582364 0.999477269870998 0.00032480405858162245
-0.16203081589348517 1.000104203383227 0.000324155470352606
-0.16183997076223022 0.999677947605128 0.0003277271960961783
-0.16088646500142 0.9996674999819413 0.0003248115064179123
-0.16064196210383738 0.9996457151467564 0.00032410842561938217
-0.1604511030031972 1.0001412254387179 0.000327882456375603
-0.15949761074702176 0.9999720983280527 0.0003248829754324585
-0.15925310808181167 0.9998420357052977 0.00032413072186056644
-0.15906223547608533 0.999976303991136 0.00032780875474724166
-0.15810875625933477 0.9995938835388449 0.00032473194176213256
-0.15786425429352743 1.0000753634923545 0.00032416631596023413
-0.15767336771750706 1.0003731733002996 0.00032786752270376067
-0.1567199020044784 0.9997412625391947 0.0003247769874843066
-0.15647540027150172 1.0002728161890666 0.00032418293804220913
-0.15628450019175943 0.9999398751109156 0.000327811838791069
-0.15533104774962206 0.9999619467714179 0.0003248347791953985
-0.15508654648230663 0.9995021798639889 0.0003241252434060349
-0.15489563243318116 0.9998049984464785 0.0003278738377244006
-0.15394219349431296 0.9993579758757689 0.0003246387272409304
-0.15369769246073633 0.9993916557988837 0.0003240263166950467
-0.15350676490743353 1.0001210925137576 0.0003278646971868547
-0.1525533392394566 1.0004343056061216 0.000324795053202626
-0.15230883867108855 0.9999861768203315 0.0003241879349007029
-0.15211789714794577 0.999791401227572 0.0003278359379837481
-0.15116448498505566 0.99955636402211 0.00032460220245763535
-0.1509199846486074 1.0004737281951925 0.0003241850321094325
-0.15072902962128865 1.000482817538355 0.00032799373074650064
-0.14977563072974387 0.9994529554359498 0.00032465769521154735
-0.14953113085986774 1.0003436575238178 0.0003241889673834986
-0.14934016186180088 1.0003896698379533 0.00032801759847930686
-0.14838677647397938 1.0002411885372853 0.0003247793041547979
-0.14814227683738931 1.0001886770217845 0.0003241649393420066
-0.14795129433605325 1.0001647778101679 0.0003280277855419601
-0.1469979222191257 1.000067871667257 0.0003247580007356465
-0.14675342304864966 1.0001775540346858 0.0003241639279346702
-0.14656242657656549 1.000200989876061 0.00032799032310479293
-0.14560906796472206 1.0003227046912493 0.00032470282442911705
-0.1453645690261685 0.9990039508746235 0.00032407463279317614
-0.14517355904990836 1.0002630739124634 0.0003280319175075161
-0.14422021347658234 1.0000605873996853 0.0003246734311361605
-0.14397571523652072 1.0001171685725865 0.00032421250676564235
-0.1437846912913301 1.000689750003518 0.00032805648383971327
-0.14283135922127324 0.9997540104586383 0.000324485557027184
-0.14258686121403957 0.9999086737288975 0.0003241529208287297
-0.14239582376512772 1.0003769886106106 0.0003280246974216928
-0.1414425049668696 0.999903355531624 0.00032463504399509477
-0.14119800719246928 1.0000670331355495 0.00032423984393915606
-0.1410069560051852 0.9999142412672513 0.00032801226770528
-0.14005365071156053 0.9993260269835049 0.00032447111965763905
-0.1398091534028215 1.0001349304122802 0.00032416611633320763
-0.13961808847943757 0.9999747157536029 0.00032804952505724526
-0.13866479645625143 1.0004876369367652 0.000324658233312016
-0.13842029938034034 0.999824531756545 0.0003241106623634097
-0.13822922072040456 0.9996125947803408 0.00032806454402951093
-0.13727594220093967 0.9998443341034818 0.00032452247824218353
-0.1370314455916007 0.999260922885007 0.00032404630439096814
-0.13684035319374743 1.0000370653244084 0.00032803080737603375
-0.13588708794653873 0.9998744242627103 0.00032440447448953125
-0.13564259156957498 1.0000960789708169 0.00032425919314041076
-0.1354514854347144 0.9996807863537573 0.00032797392998364257
-0.1344982336921378 1.0000212063268723 0.0003244731786507756
-0.1342537377803826 1.0002543190371294 0.0003242930994347231
-0.13406261790896679 1.0006061838582458 0.0003280292924234637
-0.13310937943773685 0.9996847718396191 0.00032451531415461193
-0.13286488375926503 0.9995898791930228 0.0003241896627273159
-0.13267375014947902 1.000296760588898 0.0003280449226639363
-0.1317205251833359 1.000641125867792 0.00032456647072882857
-0.131476029737242 1.0011662510928474 0.0003244020857839301
-0.1312848826246409 1.0002397381681296 0.0003280911161474183
-0.1303316709275714 1.0003016519300765 0.00032452264383615534
-0.1300871759475915 0.9997450414305141 0.00032419680580453156
-0.12989601486560787 1.0002183642383458 0.00032809792671727894
-0.12894281667225962 0.9999739785296762 0.00032442454490686553
-0.1286983219260212 0.9994979307995789 0.000324179179391959
-0.12850714733895074 0.9996806831264545 0.0003280072841966209
-0.12755396241740594 0.9991341848872356 0.00032426361851375316
-0.12730946813637342 0.9994934823456728 0.0003241074014712131
-0.12711827957991773 0.9997881325955149 0.0003280761527082757
-0.1261651081630023 0.9997448729132873 0.0003243461452108891
-0.12592061411389227 0.9994836109443423 0.0003242013370723701
-0.12572941205371535 1.0000234517390774 0.00032814947473413993
-0.12477625390769323 1.0000557261802934 0.0003243782410747093
-0.12453176009232199 1.0003275856798985 0.0003243151757194816
-0.12434054429422758 1.0004438093599468 0.0003281904579396774
-0.12338739965238414 0.9996433655302805 0.00032428334336981026
-0.12314290630312691 0.9996988426606904 0.0003242216906591229
-0.12295167676802521 1.0000328651140518 0.0003281334058695686
-0.12199854539798051 0.9998911050503869 0.00032428171204122773
-0.12175405228064846 0.999885687116444 0.0003242361303126705
-0.12156280900944694 1.0000603737403442 0.00032816105767838663
-0.12060969114267142 0.9996259500771195 0.00032436310370212787
-0.12036519849054525 1.0003318794064897 0.00032427614714759817
-0.12017394148233507 0.9999373597639 0.0003281599509183164
-0.11922083712019298 0.9999241087155913 0.00032421437067974837
-0.11897634446897495 1.0001702250267868 0.00032427787094215844
-0.11878507372330205 1.0004068385683391 0.00032825152361810666
-0.1178319828648812 0.9996119316926809 0.0003242016230940099
-0.11758749044694923 0.999735635731181 0.0003242290223412791
-0.11739620619755442 1.0001053435055667 0.00032822689770418837
-0.11644312861048026 1.0003559369888748 0.0003242884564343123
-0.11619863665729874 0.9997985866774405 0.00032424890331732986
-0.1160073386708973 1.0003912741964451 0.0003282356876272635
-0.11505427435517117 0.9996249704606995 0.0003241873606271499
-0.11480978263527572 1.0001715391867212 0.00032437275155402135
-0.11461847091140953 1.0000823274632513 0.00032822264664322657
-0.11366542010076754 0.9996774094690506 0.00032419853341992546
-0.11342092884608064 0.999622591591594 0.0003242847952130015
-0.11322960338475241 1.0001590763963135 0.0003281265899811364
-0.11227656584545845 1.0001933355823964 0.0003242986654476593
-0.1120320748235995 1.0003968415888391 0.0003243583329241665
-0.11184073562617414 1.0005738307400727 0.00032835703642863505
-0.11088771159105751 0.999752012022948 0.0003241560147086879
-0.11064322080157649 0.999913982480645 0.00032423828149951914
-0.11045186809951701 1.0000768050849975 0.00032827285577893004
-0.10949885733620114 0.9997896112447396 0.0003242170651688419
-0.10925436701374498 0.9999419524159138 0.00032435281829546484
-0.10906300034093874 0.9996894671813326 0.00032812955699353737
-0.10811000308134748 1.0004027396214756 0.0003242771261795633
-0.10786551299126654 1.000091491494583 0.0003243255895571491
-0.10767413281564586 0.9999302113609192 0.00032821883023081885
-0.10672114882694385 0.9995431045844414 0.0003241026691564729
-0.10647665896969624 0.9995474905404342 0.00032425264786307165
-0.1062852650561581 0.9999381669518488 0.00032828196459537486
-0.10533229480400998 1.0005108350834446 0.0003241600820537843
-0.10508780518050116 0.9998234853497009 0.000324285477420045
-0.10489639752995572 1.000758826173716 0.0003284410094876985
-0.10394344054915632 1.000065161628624 0.000324122832238211
-0.10369895115802003 1.0000284455811888 0.00032433599854752107
-0.10350752977137745 1.0005470484088004 0.00032834079035678744
-0.10255458629475268 1.0003884091458723 0.0003241782371791963
-0.10231009713508617 0.9999027855367594 0.0003243842209178167
-0.10211866224472033 1.000144628293799 0.0003283394798557439
-0.1011657320394436 0.9998530425900758 0.0003241108978881252
-0.10092124334634651 1.0000845045479336 0.00032435027056135186
-0.10072979448523256 0.9994707901828565 0.00032823338090216575
-0.09977687778458723 0.99971679732216 0.00032403127841139335
-0.09953238932432079 0.9995829340018947 0.0003242501805045975
-0.09934092695948493 0.9999375273189918 0.000328312117132928
-0.09838802352973088 0.9997556479831009 0.0003241144738936242
-0.09814353530184235 0.9996864674416882 0.0003242907209998109
-0.09795205919999717 1.000104291937474 0.00032838255762343273
-0.09699916950725243 1.0003982750636011 0.0003239774109530668
-0.09675468151264728 1.0004958161532869 0.00032441823532023073
-0.09656319167379479 1.0006286749820943 0.00032842345359649044
-0.09561031525194334 1.0002216230454941 0.00032401401721351676
-0.09536582749107698 1.0003208134307946 0.0003244453907111597
-0.09517432391476177 1.0001580574198987 0.0003283568249441262
-0.09422146099708698 0.9996171847396075 0.0003239417019980786
-0.09397697346814311 0.9994734271460078 0.0003242906256306551
-0.09378545638810465 0.9995357246604498 0.0003282755258905235
-0.09283260674223062 1.0002306683037716 0.00032408458155175416
-0.09258811967894805 1.0000511390009423 0.000324293920707507
-0.09239658862952638 1.0003057134230713 0.0003284301756106734
-0.09144375248692153 1.0005816869454556 0.0003240939501156957
-0.09119926565737775 0.9995465893047578 0.00032436015465678157
-0.091007721103324 1.0001657095325824 0.0003283925966468004
-0.09005489846534855 0.9998268268040396 0.00032392118172232655
-0.0898104116348993 0.9996565586529701 0.00032434546718917057
-0.08961885334338149 1.0003243668858355 0.00032837382139506646
-0.08866604421003946 0.99996425042448 0.0003240099060320602
-0.08842155784524881 0.9997791020029828 0.0003243509736995752
-0.08822998581763386 0.999936730434803 0.00032837236535611944
-0.08727718995563852 1.0002176492652883 0.00032402884850864466
-0.08703270382367852 0.9999265550129723 0.00032437533567318723
-0.08684111805860084 1.0002117524456555 0.00032841462942576077
-0.08588833570078215 1.0004735509850633 0.00032406213725973224
-0.08564384980210822 0.9999683503476915 0.00032436786449805267
-0.08545225053194372 1.000365283122443 0.0003284664991200126
-0.08449948144592849 0.9991297570998758 0.00032378143735696134
-0.0842549957800825 1.00025650131963 0.0003244375028412566
-0.0840633827738202 1.0005630467076385 0.0003284174516171279
-0.0831106274243555 1.0000829405130338 0.0003239291762972386
-0.08286614199089012 0.9996464732511984 0.000324320041498527
-0.08267451524807257 0.9996377600144261 0.00032832433469029475
-0.08172177316904641 1.0000097491005926 0.00032393831209434165
-0.0814772879688644 1.0003299611130443 0.0003244486322159958
-0.08128564772141544 0.9997138533183263 0.0003283486391722165
-0.08033291891373733 0.9993519740586351 0.00032379615732857145
-0.08008843394638326 1.0006569662233364 0.00032452775643434427
-0.07989677996283717 0.99954922908414 0.0003283559737285972
-0.07894406489216434 1.0003552771259705 0.0003239492504879366
-0.07869958015719089 1.0000680341341175 0.00032440398088604667
-0.0785079124366348 1.0003326910689556 0.00032841806032851716
-0.07755521063685525 0.9996803386104305 0.0003238032255333508
-0.0773107261356206 1.0002193604490337 0.00032446497709003356
-0.07711904467669228 1.0005026750445336 0.0003284865797953416
-0.07616635638154616 1.0000131790833569 0.00032381288516125623
-0.07592187211268403 1.0000192101196541 0.0003244654205386206
-0.07573017715003516 0.9999330991887532 0.0003283765511158663
-0.07477750212623438 0.9993332946681334 0.00032378651911647404
-0.07453301809066101 1.0000374067585784 0.00032440816285452586
-0.07434130939145689 0.9998273726438659 0.00032843066215504775
-0.07338864810466408 0.9994633875414085 0.0003237483094394002
-0.07314416430192136 1.0001681140063565 0.00032441791763797
-0.07295244186525451 0.9999525275764846 0.00032838557329676634
-0.071999793849355 1.0000657232579266 0.000323853212952182
-0.07175531027944022 1.0003373179530677 0.0003244644230524126
-0.071563574105312 1.000392737736431 0.00032850022889544
-0.07061093959495136 1.000159163914334 0.0003239061731390138
-0.0703664562574145 0.9997697801679548 0.00032438673868058005
-0.07017470657956437 0.9999391091529127 0.00032836534198206886
-0.06922208557247292 0.9993970968755567 0.00032371009677883576
-0.06897760223539148 0.9995915004997059 0.0003244049609458684
-0.06878583882053135 0.9995746616959309 0.00032836097514447914
-0.06783323131716383 1.0001119500919304 0.0003238104897159437
-0.06758874844574099 0.9997318617120649 0.00032441698535794336
-0.06739697129387423 0.9995668794142348 0.00032843028056295535
-0.06619989442326255 0.9997801525610595 0.00032434241450256615
-0.06600810353484121 0.9996199621220214 0.00032842474941157773
-0.06505552304028175 1.0003634336244285 0.00032377341346429006
-0.06481104040123682 0.9999570438589497 0.0003244285220881979
-0.06461923600909358 0.9997103030393476 0.0003284263206036783
-0.06366666878497267 1.0005677233138464 0.0003238271592785193
-0.06342218637921111 0.999602787855418 0.0003243660268671315
-0.06323036824915107 0.9997785275027052 0.00032833745332845794
-0.06227781476339967 1.0010410309246054 0.00032390389389252587
-0.06203333259047145 0.9997127568476205 0.00032440758560268654
-0.061841500722948695 1.0000716127076197 0.00032849795405169
-0.06088896050900143 0.9999785399757786 0.0003237635731506553
-0.06064447856890116 0.9997998423227604 0.0003244433247546176
-0.06045263319811056 1.0006387991629715 0.0003285180670316353
-0.05950010625459779 0.9992314932231215 0.0003236268899828639
-0.05925562454733086 0.9994284239027663 0.00032438123693067907
-0.059063765438622795 0.9996646283369736 0.000328402769696219
-0.05811125223211935 0.9998098691107388 0.0003237206188483131
-0.057866770524852416 0.9992046159328675 0.00032433675332153237
-0.05767489791287517 0.9990910576858739 0.00032836786858609973
-0.056722397976810265 0.9997686814883261 0.00032369506775508294
-0.05647791650237128 0.9997143305609327 0.00032441936908586316
-0.05628603015384215 0.9994460213841613 0.0003283440576119007
-0.05533354395432912 0.9987888525827822 0.0003235195948040723
-0.05508906271363163 0.9989698045377888 0.0003242610838555633
-0.054897162627185025 0.9988785311566577 0.00032826875460511954
-0.05394468969992818 0.9997376187066712 0.0003236377382817277
-0.05370020869115318 0.9993794038858715 0.00032436802539122933
-0.053508294868152007 0.9992508423281764 0.00032832801781940667
-0.0525558354446191 0.9990799677479045 0.00032348045280558715
-0.052311354669127466 0.9992533275115327 0.00032429147600919326
-0.05211942734240438 0.9988153951504272 0.00032837083502863416
-0.051166981423046105 0.9984595053025196 0.00032351828100828014
-0.05092250064710175 0.9987742857706988 0.00032423698279913064
-0.050730559582461865 0.9995224939563088 0.0003284300982620448
-0.04977812716773702 0.9984649820613989 0.00032345449302856387
-0.049533646624623305 0.9985903453825271 0.0003242184254087019
-0.04934169205625949 0.9989487441550332 0.0003282911360476534
-0.04838927314525858 0.9991077802082863 0.00032354731962744087
-0.04814479283497281 0.9984836366955617 0.00032422925681339194
-0.04795282429768122 0.9987785158871372 0.0003283570068002717
-0.04700041888994679 0.9991480012787827 0.0003235387337756242
-0.046755938813402516 0.9982135259342445 0.0003242290601459726
-0.046563956771024095 0.9987633414910275 0.0003283078718490888
-0.045611564868376496 0.9987615140871853 0.0003234588537412767
-0.04536708479092407 0.998913637468494 0.0003243614330643198
-0.04517508924436697 0.9992588733159324 0.00032836029471656363
-0.044222710613067415 0.9988561464939854 0.0003234535270896658
-0.043978230768442934 0.9985046766912131 0.0003242255824447997
-0.0437862214857887 0.9984159697035625 0.0003282025286755018
-0.04283385659058627 0.9982782966821835 0.00032328460222257326
-0.04258937674687264 0.9992063969500349 0.0003243747447483343
-0.04239735395913158 0.9982873513463065 0.00032832178353250734
-0.04144500233618533 0.9988672188910457 0.0003234850100726303
-0.041200522957677566 0.9985873735032785 0.0003242665952639517
-0.04100848620055331 0.9984562624899463 0.00032821443253739957
-0.040056148314159615 0.9983611231223866 0.00032342136776581797
-0.0398116689347437 0.9990100229702998 0.00032433655334701127
-0.039619618673896184 0.9987144742567972 0.00032828912304600047
-0.038667294059303255 0.998740862865133 0.00032336744477705885
-0.038422814913173405 0.9993507329582595 0.0003243048728659751
-0.03823075091440842 0.999484286711711 0.000328467816512175
-0.03727844003773566 0.9983164736157407 0.00032332166971708583
-0.03703396089160311 0.9990096479983467 0.00032430022422735475
-0.03684188338866079 0.9988897314443531 0.00032833214339884095
-0.03588958578242387 0.9987758333139953 0.0003232968754982223
-0.03564510687003281 0.9987761271258786 0.00032421904845561826
-0.03545301563008252 0.9988565538521929 0.0003282529107166721
-0.034500731760853574 0.9983450675945508 0.00032327912339679446
-0.034256252848462516 0.9986447473976128 0.00032423633954698123
-0.03406414810433489 0.9986666530614245 0.0003282808828751271
-0.03311187750554449 0.9983525110367499 0.00032330586455617526
-0.03286739882598407 0.999235982894695 0.0003243021947953565
-0.03267528057722302 0.9986134453957158 0.000328270607090876
-0.03172302348351877 0.9985945835509518 0.0003231791637008652
-0.03147854503633358 0.998150591536087 0.0003241483910627196
-0.03128641281819 0.9982818438685871 0.0003282729350816574
-0.030334169228662413 0.9983142383771857 0.0003232553450165531
-0.030089691013855138 0.999060525983019 0.0003243338671603232
-0.029897545292442373 0.9991503762279644 0.0003283960905141077
-0.02894531520618397 0.9990234826867339 0.0003233478802192092
-0.02870083699228484 0.9981527792997817 0.0003241357185050506
-0.028508677532954607 0.9984307520136165 0.0003282425158826984
-0.02755646118370283 0.9990850984893612 0.00032334299012428563
-0.0273119829698037 0.9987774457120258 0.00032422045816244614
-0.027119810006752232 0.9985956096144091 0.0003282935416178007
-0.026167606929301892 0.9987865171229512 0.000323260287915045
-0.02592312894732526 0.9983667576225939 0.00032421007728870274
-0.025730942247719213 0.9993533211667595 0.00032832491943497337
-0.024778752906823447 0.9982252972997647 0.00032316452008611585
-0.024534274925754964 0.9987156312998445 0.00032411796088607114
-0.02434207472106209 0.9989033872182379 0.0003282969168514961
-0.023389898651511667 0.9983432313327254 0.0003232002529643488
-0.023145420903729244 0.9982678174416788 0.00032411796792084635
-0.02295320696248382 0.9979453096305929 0.00032821678175507196
-0.02200104462994137 0.9988525901848696 0.0003232895579753045
-0.02175656711407875 0.9987616786973925 0.0003241658698091246
-0.021564339435826696 0.9981381258751433 0.00032816921854961716
-0.020612190607915654 0.9980920232300149 0.00032312453348243037
-0.02036771309205573 0.9981471261961422 0.0003241407946023151
-0.020175471909169573 0.9986948812636983 0.0003283000876809963
-0.019223336352151146 0.9988376191949496 0.00032319349792809296
-0.01897885907003001 0.9977854828448283 0.00032402409069986874
-0.0187866041505913 0.9990056126964518 0.00032840353704981055
-0.017834482329670005 0.9975483794532981 0.00032302338118545703
-0.017590005047548873 0.9980610580428513 0.00032406175018631964
-0.017397736624388926 0.9984332924255505 0.0003283051802925236
-0.016445628308102405 0.9981534484925744 0.00032311940810282624
-0.016201151025525853 0.9976829673994508 0.00032402713096041434
-0.01600886886490116 0.9982850610818018 0.00032822472497345215
-0.015056774053698771 0.9982060058721074 0.0003231269726656188
-0.014812297003955555 0.9986381307376937 0.00032415420766939085
-0.014620001338698785 0.9982007947903171 0.0003282092388300378
-0.01366792003213117 0.998045568458029 0.00032304662785961213
-0.013423442981474418 0.9984069941969143 0.00032408298353785446
-0.013231133579665766 0.99873984527204 0.00032831699622008016
-0.012279066010105453 0.9979697569141756 0.000323129647225294
-0.012034588959904122 0.9978097240347444 0.0003240046013966391
-0.01184226605346339 0.9990638109997159 0.0003283256406677883
-0.010890211755249093 0.9987812640049039 0.0003231588617326151
-0.010645734938333826 0.9982225991251619 0.00032408288122767856
-0.010453398528625257 0.9985281526788894 0.0003282858201847222
-0.009501357732770648 0.9978750477495345 0.0003230375741563678
-0.009256881149138751 0.9985161707934832 0.00032409121020519416
-0.009064530769592238 0.9980775624832189 0.0003281803901050797
-0.008112503711197658 0.9988421582277435 0.0003231454734068702
-0.007868027126204888 0.9979671108608538 0.0003240575803284757
-0.007675663242480368 0.9986471351673637 0.00032828747804431374
-0.006723649455888571 0.9975620999501339 0.0003229991313644244
-0.006479173104634591 0.9982607420688335 0.00032406049714010354
-0.006286795483902097 0.9978146022498715 0.0003281842019440865
-0.005334795433410128 0.998559841920941 0.00032309012382127783
-0.005090319082608874 0.9988702109198906 0.00032412035808857133
-0.0048979279576997214 0.9984324618176127 0.0003282273103478187
-0.003945941410928989 0.9978066086398124 0.00032297331774681416
-0.003701465060130431 0.9984566038442262 0.00032407974478377725
-0.003509060198211955 0.9979887269924205 0.0003282949568705095
-0.0025570873893586933 0.9984037491865103 0.0003230897429702411
-0.002312611038104714 0.9983608606634321 0.00032399365184989217
-0.00212019267200958 0.9990083806823031 0.00032830508583376374
-0.0011682331340496063 0.998379011014237 0.00032300899105052963
-0.000923757016078997 0.9988265933123545 0.0003241301851014368
-0.0007313249129765609 0.9982645521845593 0.00032822506705924257
0.00022062088843153172 0.9981092165522235 0.00032303791452349993
0.0004650970063994464 0.9992531738781382 0.00032417555537121685
0.0006575426136805618 0.9991166329105012 0.00032832528554937
0.0016094749100018279 0.9987204208468252 0.00032301949340040443
0.0018539510284251634 0.9981471082119981 0.0003240028969667395
0.0020464101403376844 0.9978065369047612 0.0003281698768092579
0.0029983289320275447 0.9983130803610667 0.00032305321823264085
0.0032428050499954597 0.9981937303548776 0.00032402237034161944
0.0034352778993707034 0.9990771632360194 0.00032835811818419643
0.004387183187336632 0.9987951410333042 0.0003230505689311108
0.0046316590724739025 0.9986119679441859 0.00032402822601641914
0.004824145425118331 0.9984695510571904 0.0003282387452418286
0.005776037210273191 0.9984424497243726 0.0003230327880076227
0.006020513095410462 0.9990039849432992 0.0003241083388462732
0.006213013185060845 0.9981520175001163 0.0003282243069710155
0.007164891231840792 0.9985929813608047 0.0003230283636602485
0.007409367117433484 0.9985639195470202 0.00032400606772215346
0.00760188071126322 0.9987975978051601 0.0003283093019680926
0.008553745253413783 0.9986893407822779 0.0003230230663384308
0.008798221139003781 0.9988660717971775 0.0003240820486677724
0.008990748237010848 0.9981026518212183 0.0003282396747380607
0.009942599274981385 0.9985901085110577 0.000323017128837083
0.010187075161029497 0.9986091921302754 0.0003239989529105063
0.010379615996498615 0.9987842387272898 0.000328344870776275
0.011331453529385018 0.9975605947413122 0.0003228283026521452
0.011575929182144373 0.9989318438958832 0.00032396637063675785
0.011768483522246243 0.9989959528950273 0.0003284142638601243
0.012720307551863461 0.9981400332077587 0.0003228557420357037
0.01296478320417009 0.9987184663891289 0.0003239744959283571
0.013157351280369767 0.9986532027735476 0.0003282945124551061
0.014109161574341906 0.9985906264544953 0.0003229469959737202
0.014353637226651228 0.9988794452273999 0.00032405181532079173
0.01454621880702689 0.9985233917114273 0.00032828586669607005
0.015498015596823043 0.9982329301252448 0.00032286857239516433
0.01574249124867425 0.999053355453793 0.00032405950413234093
0.01593508656605991 0.9984103916113362 0.00032827899653057756
0.01688686961839334 0.9988592690928941 0.00032292659498482
0.0171313450374139 0.9985741982659061 0.00032402156791208516
0.017323954091807536 0.9977729125745115 0.00032821783972401217
0.018275723640871783 0.9980173625485628 0.00032287005405520297
0.018520199060350462 0.9983445523709878 0.00032393983982982507
0.018712821618919406 0.9986964111079449 0.0003282769285522982
0.01966457766335292 0.9992617023432614 0.0003228976388694383
0.019909053082373483 0.998119316345933 0.00032390772315764245
0.020101689377952425 0.9983582510464961 0.00032823562347480257
0.021053431684923216 0.9982992950138574 0.000322826693907275
0.02129790710394378 0.9986804544036478 0.00032401684615616634
0.021490556903700053 0.999724677657076 0.0003284269505288682
0.022442285939779576 0.998741245934378 0.0003229086941268711
0.02268676112642492 0.998492761254297 0.00032397050076686334
0.02287942466318782 0.9988360470646384 0.00032831668830200886
0.02383113996271344 0.9981157302374816 0.00032278231535263444
0.024075615149358784 0.9985282991522066 0.00032391801580443423
0.024268292189844942 0.998541762427488 0.00032823998773050966
0.025219993985194582 0.9981424824342319 0.00032277009255103455
0.0254644691713845 0.9983660517927017 0.00032395381287901966
0.02565715971559257 0.9986810464081367 0.00032837953146603856
0.026608848006762182 0.999076925952716 0.00032281333267680177
0.026853323192954796 0.9992231819738372 0.00032398268472228137
0.027046027475080336 0.9984360620393081 0.00032834710436087996
0.0279977020287879 0.9995071357368147 0.0003228410629469503
0.028242177215433237 0.9985485046688158 0.00032396345829218076
0.028434895000827964 0.9983897693128139 0.0003282987550985633
0.029386556051269035 0.9985963992426466 0.00032279683113108196
0.029631031237458957 0.9982577178909284 0.00032385734657209783
0.02982376276031573 0.9984804683368751 0.00032825841056653574
0.03077541007329206 0.9983277987618421 0.00032269949351553646
0.031019885259484674 0.9979224161443921 0.0003238498173826866
0.031212630286972853 0.9982097308648147 0.00032826161180963013
0.03216426409531778 0.9980466835463606 0.00032270612696720245
0.03240873928196312 0.9977250694550714 0.0003237977107570954
0.032601498045551125 0.9993078381263213 0.00032842400550185815
0.033553118117343496 0.998663007903716 0.0003227303944472897
0.03379759353591133 0.9990517821473518 0.00032397739515283583
0.0339903655717535 0.9985233516440782 0.00032823518030634637
0.03494197213891379 0.9984519167348892 0.00032269855893324854
0.035186447557026206 0.9989590784600458 0.00032396099119969386
0.035379233097955876 0.9992364751877226 0.0003283803419992191
0.03633082616048409 0.998066272429819 0.00032259426682389007
0.03657530157996007 0.9988111928475901 0.0003239358579924391
0.03676810085653415 0.9986918136649465 0.0003283478566581474
0.037719680182962526 0.9983896875685636 0.0003226081750624624
0.03796415560198579 0.998070429120028 0.0003238125497391182
0.038156968382281775 0.998883199968862 0.0003283974563106417
0.03910853420544367 0.9981198362592708 0.00032256688244544765
0.03935300962355608 0.9994463040929713 0.0003240558121041771
0.03954583614176954 0.9986579474976188 0.000328348466639683
0.040497388227013965 0.9991771012161772 0.00032273583021863716
0.04074186364603453 0.9989346706439948 0.00032397676119449894
0.040934703668426664 0.998608793305604 0.00032831190614488436
0.04188624224903968 0.99864533087097 0.0003226630233669253
0.042130717668515665 0.9996063498586867 0.0003240841671705149
0.04232357119462904 0.9986714740657174 0.00032828754196417636
0.04327509627197355 0.9988229170166717 0.00032268484648563165
0.04351957169099411 0.9982736621529961 0.00032390438070859726
0.04371243895366206 0.9990582139512078 0.0003284370990701358
0.044663950294454684 0.9989065817684566 0.0003227212481774146
0.044908425712564405 0.9985609152871999 0.00032389464011338696
0.04510130648031918 0.9984899451722692 0.00032835309225908235
0.04605280431602228 0.9990865514772177 0.0003227747891356509
0.04629727973504554 0.9989991736417224 0.0003240061487988386
0.04649017423889745 0.9988269078082058 0.00032834907468706206
0.047441658338048004 0.9978096698106897 0.0003224772802160444
0.04768613375707126 0.998505477759238 0.0003240028096393699
0.047879041765554575 0.9987153382340522 0.0003283096033591288
0.04883051212815392 0.9988102580619216 0.00032260033861138625
0.04907498777909428 0.9988707362021607 0.0003238834296922902
0.0492679092922117 0.9983833773672467 0.00032826390287470287
0.050219366149721514 0.9985418376567095 0.00032253838587185105
0.05046384180157542 0.9986631995960625 0.0003238856772703742
0.05065677705078997 0.9997600599979907 0.0003284584903955061
0.05160822017174724 0.9991061328275511 0.0003226210839435355
0.051852695823145716 0.9990086734743148 0.00032397105634939286
0.052045644576992345 0.9989612058042241 0.00032836988445730114
0.052997074194228375 0.9983948055857478 0.00032247681040708777
0.05324154984517143 0.9992139281368105 0.00032399373034098735
0.05343451233648011 0.9995589779512389 0.0003285047129202986
0.05438592821670682 0.9989649406658765 0.00032253928470142904
0.0546304038681053 0.9991110940531742 0.00032396091544772406
0.054823379862682486 0.999078638879226 0.00032851210576824924
0.055774782238732536 0.9990782236072284 0.0003225557535969512
0.05601925788967559 0.9993978699595697 0.0003240332297119018
0.05621224738888486 0.99923693990092 0.00032845877893616975
0.05716363626030283 0.9987857274089084 0.0003224896107470937
0.05740811191170131 0.9990492205197282 0.0003240005894075355
0.05760111514837263 0.999170438157562 0.000328412903791764
0.05855249028187313 1.0000916749405964 0.0003227122742698965
0.05879696616655498 0.9995029719887201 0.00032400595039294033
0.058989982674575 0.9997483592076741 0.00032850473950329744
0.05994134407061278 1.0002087117996052 0.00032260609137518717
0.060185820187217125 0.9999511812972264 0.0003241294761328566
0.06037885043269853 0.9997522015281866 0.00032854484996625537
0.0613301980926385 1.00036722631088 0.00032266713966488323
0.06157467420969557 0.9997069959645721 0.0003240931404528206
0.0617677179589009 0.999879265141571 0.00032850590256865245
0.06271905211557235 0.9997211563228918 0.0003226034702724061
0.0629635282321767 0.9997600534337822 0.0003240637299758575
0.06315658548464853 1.0009302799011628 0.0003286955127598427
0.06410790613805349 1.0005628015852823 0.00032264694282429493
0.06435238225465514 1.0006364874058868 0.00032418195991424135
0.06454545324368155 1.0002796245980712 0.0003286534798989616
0.0654967601596211 0.9997027881529842 0.00032255420376336264
0.06574123627622544 0.9997852430026231 0.0003240646460828561
0.06593432077033867 0.9996948422171434 0.00032850034100767974
0.06688561394881617 0.9992833564782369 0.00032245346259714077
0.06713009029870658 0.9998974748300944 0.0003240920047101067
0.06732318852937169 1.0003538381249406 0.00032863208412873814
0.06827446797175273 0.999908077575501 0.00032252332776759655
0.06851894432118502 0.999742796172317 0.0003240636999540547
0.06871205605557407 1.000220151886298 0.00032860719598785373
0.06966332199332033 0.9998083696599432 0.0003225203295189621
0.06990779834275532 1.0002827162934471 0.0003242215896022673
0.07010092358223119 1.000431390040351 0.0003285679574932603
0.07105217601534605 1.0006043641251265 0.00032263375548576326
0.07129665236478104 1.0000350152792765 0.0003241169041173046
0.07148979134126421 1.0002521589742466 0.00032855989389153075
0.07244102980499655 0.9999973299493695 0.00032250141317526407
0.07268550662054554 0.9998289092094851 0.00032421671527380004
0.07287865886701184 1.00072355105844 0.00032867612238279305
0.0738298838279304 0.9997881474634484 0.00032234122345029513
0.07407436064211584 1.000421090797611 0.0003242489913172324
0.07426752662695435 1.0000059492278885 0.0003286107738094231
0.0752187378495007 1.000418051937505 0.0003225610634755283
0.07546321466414156 1.000058855054227 0.00032418763190964655
0.07565639415361147 1.0004629744846245 0.00032866948447487116
0.07660759187152642 1.0007182807731 0.0003225744478071047
0.0768520686866227 0.9999093609754135 0.0003241691620857557
0.07704526167981385 1.0002919700424733 0.00032855243967950913
0.07799644566117422 1.0001735829630476 0.0003224440262269026
0.07824092270864572 1.000076059237149 0.00032418045890092386
0.07843412943839212 0.9997808100676404 0.00032855680528668865
0.07938529968319993 0.9994520696521292 0.0003222680943513791
0.07962977673021601 1.0009970660436096 0.00032431565239315126
0.07982299696504924 0.9996581522133434 0.00032852178745747625
0.08077415370431482 1.0003182641224675 0.00032239286861559553
0.08101863075315258 0.9999304595884881 0.00032417453708424203
0.08121186449170636 0.9995605916899735 0.00032853072305548365
0.08216300749350988 0.9997217201645473 0.0003223025161454394
0.08240748500800624 0.9998719021510972 0.0003241745150126147
0.08260073225028464 0.9998273302768875 0.0003285637311666229
0.08355186151599102 1.0003109801078451 0.0003223667359464189
0.08379633902866838 1.0002188047785179 0.00032421389078650056
0.08398959977603226 0.9999159432536119 0.00032854641113822474
0.08494071553755862 1.0006305168087746 0.0003223899265722022
0.08518519305069411 0.9991882517569106 0.0003241002434779648
0.08537846753461054 1.0005202145661969 0.00032859080057888777
0.0863295693267537 1.0001603127958278 0.00032239053661937094
0.08657404707362797 0.9998331709981634 0.000324126205365589
0.08676733506081291 1.0006100795057087 0.0003286499479069807
0.08771842334969025 1.0001914141742345 0.00032232678044909126
0.08796290109519826 0.9998713900392565 0.0003242054445130727
0.08815620258747003 0.9995219779660818 0.0003285624478990382
0.08910727713842721 0.9999703136524594 0.0003223282925766806
0.08935175511722399 0.9999827872902847 0.0003242174687421599
0.08954507034650305 1.0001544466790053 0.00032861268811070583
0.09049613116045294 1.0002198866621215 0.00032228633134956527
0.09074060913970243 0.9998796555504303 0.0003242384258544689
0.09093393787225068 1.0005570450769146 0.00032861722837601907
0.09188498518293407 0.9999558786303874 0.000322219258044262
0.09212946339455878 0.9998935612882518 0.0003242321187457741
0.0923228053989078 1.000608638052486 0.0003286885429771484
0.09327383897212645 1.0009583614446513 0.0003223523541194706
0.0935183174165845 0.999623037471048 0.0003242169951442518
0.09371167315839557 0.9993196379338491 0.00032847448024218373
0.09466269299415217 0.9996668348017028 0.0003222031645941566
0.09490717143906295 0.999553276991901 0.0003240938622285845
0.0951005406841432 0.9995655715214852 0.0003285175016153599
0.09605154678380266 1.0003425039999798 0.00032225268943396844
0.09629602546108866 0.9994856022316403 0.0003242167764036796
0.09648940844363096 0.9996494154470663 0.00032858410068799585
0.09744040080628111 1.0004807550401482 0.0003221616390109782
0.09768487948265896 1.000094944587841 0.0003243350640646794
0.09787827596983334 0.9997371342793057 0.0003285495776621793
0.09882925459547617 1.000118059954615 0.0003222180892887027
0.09907373373796804 1.0004823686754114 0.00032432677832765656
0.09926714349603571 1.0000587774046295 0.00032855665034359216
0.1002181086175019 1.0003361667251796 0.00032220554684887813
0.10046258776090461 0.9996015107741222 0.0003242276507611559
0.10065601125552348 1.0000685215215264 0.0003285168004961347
0.1016069624071497 0.9996415939668071 0.0003219885289392743
0.10185144178292763 0.9994296108629349 0.0003242230022081003
0.10204487878127111 1.000472133624778 0.00032866536848523463
0.10299581642917541 1.0000358004292402 0.0003220703240422116
0.10324029580449792 1.0000449715637354 0.0003243292144095703
0.10343374630747348 1.0003229475327489 0.0003285914037427611
0.10438467021791506 0.9998479541778984 0.00032199385221212543
0.10462914982697906 0.9997309464279917 0.0003241864991253552
0.104822614067416 1.0002334943933884 0.00032860933381752706
0.10577352423994078 1.0002780953128798 0.0003220629312030709
0.10601800408138 1.0003057848212187 0.0003243780827811459
0.10621148159316363 1.000167171375904 0.00032863716071038836
0.10716237802913585 1.0000101551312521 0.00032204401627044583
0.10740685810249488 1.0000777499369806 0.00032432073900289253
0.1076003493517419 1.0003588567060664 0.0003285439844801784
0.10855123205070345 0.999757649916295 0.00032188618514853774
0.10879571212497602 0.9995034899371996 0.0003242748886731382
0.10898921687748953 0.9998404824964319 0.00032853213678051647
0.10994008583989853 1.0000666366407007 0.00032198794169837795
0.11018456614699904 1.000388858071337 0.0003244275982480985
0.11037808440323715 1.0004167362726488 0.0003286970637054887
0.11132893986283508 1.0000176439693 0.0003219004126184537
0.11157342016856933 0.9999802618384147 0.0003243171810450698
0.11176695216272492 0.9997057498651549 0.00032856261190175747
0.11271779365157204 1.0001376589178443 0.0003219214499590812
0.11296227442433654 1.0001634066095273 0.00032435015526466863
0.11315581968938204 1.0004872539811043 0.0003286123864548002
0.11410664744076712 1.0007892489207006 0.0003219529336279617
0.11435112844635956 0.9999255989681956 0.0003243885415667881
0.11454468721603916 0.9999819946360373 0.00032854401044898895
0.11549550146324826 0.9993305693358393 0.0003217296604362623
0.11573998246792985 1.0000224556220083 0.00032439774329580336
0.11593355497461744 1.0009038893924438 0.00032872162864969694
0.11688435525289606 1.0009297567108884 0.00032186886653577375
0.11712883649041099 0.999344626672913 0.00032428991582374975
0.11732242250127456 1.0003767517322029 0.00032865855035202324
0.11827320927492177 0.9997753628580224 0.00032177802043893
0.1185176907461755 0.9999018849099107 0.00032440805770683263
0.11871129026076233 0.9999598995155684 0.0003286236779881498
0.11966206306411685 0.9993462232149578 0.0003216532165665136
0.11990654476820121 1.000168814746638 0.00032447941116594485
0.12010015778650995 0.999868002093301 0.00032857486274031266
0.12105091685376465 1.0000501354276086 0.00032172098597692
0.12129539878977151 0.9997044416651119 0.00032438761631725486
0.12148902531271233 1.000572425969545 0.00032868241730998535
0.12243977087579036 0.9995163498188586 0.00032172078150710686
0.12268425281224996 1.000068862586903 0.0003244689501125199
0.12287789307265484 0.999822868942109 0.0003285176345530705
0.12382862466453001 0.9993158708980782 0.0003215949593487467
0.12407310683473109 1.0000079217589457 0.00032442682428590787
0.12426676059840247 1.0002064513392206 0.0003286200078568596
0.12521747845463324 0.9994235498642299 0.0003215521549182153
0.12546196108913205 1.000594498293036 0.0003246056628905837
0.12565562812460485 1.0000403943037666 0.0003286450403862049
0.12660633247711436 1.001510982103627 0.0003218463094661975
0.12685081511161048 0.9998535034026313 0.00032440393873577874
0.1270444958840926 1.0005823111285597 0.0003286811340804447
0.12799518626630946 0.9997217423992695 0.0003216233862253485
0.12823966913318077 1.0001195987184803 0.00032449414713160767
0.128433363410295 1.000156755056306 0.00032862317879979393
0.12938404005413826 1.000329230836744 0.0003216773628884473
0.12962852315566192 0.9995296676089626 0.000324440935285557
0.12982223093604262 1.0004708874870656 0.00032870331339000575
0.1307728940766194 0.9995716732061104 0.0003215248869112338
0.13101737741006286 0.9997091174269565 0.00032445703303113886
0.13121109869553038 1.000187450747888 0.00032862032494190103
0.13216174786535637 1.00010681493661 0.0003216110754026076
0.13240623143163316 0.9994632655475584 0.00032443361675494735
0.13259996622036851 1.0006252223697363 0.00032866896433558806
0.13355060165455143 1.000668654085507 0.00032167491633549103
0.13379508545320346 0.9995200172753971 0.00032451183703883417
0.1339888337465709 0.9995965527366883 0.0003285750602464181
0.1349394554442019 0.9998671173035082 0.0003215473777612664
0.13518393970851253 0.9993098009666369 0.0003244146884442114
0.13537770150605866 1.0008540746368058 0.0003287245600163025
0.13632830923430514 0.999937311582983 0.0003214682006221481
0.13657279373099368 0.9997703417652658 0.00032450806834774217
0.13676656903226103 1.0001519100105531 0.0003285900497884866
0.13771716325587544 0.9999036943579619 0.0003215014301573482
0.1379616477534721 0.9996486182027022 0.0003245731657475799
0.13815543679129405 0.9999401289986737 0.00032857578607924874
0.1391060170450705 1.0001612497040502 0.00032150847123498156
0.1393505017750424 0.999888671927178 0.00032458225103399786
0.13954430431795117 1.0003089871433053 0.0003286875614795001
0.14049487083471832 1.0002471764080316 0.00032146601618642266
0.1407393560303542 0.9995825737128611 0.0003245783880695429
0.14093317184415355 0.999646048223774 0.0003286199712928334
0.14188372462391338 0.9999820991505282 0.0003214558311148603
0.1421282100523799 1.0007818641587556 0.00032469562757744813
0.14232203960273182 0.9998693292861661 0.0003285836434569754
0.14327257841265303 0.9992513610560566 0.0003213588169398009
0.14351706407440293 0.9993519388698341 0.0003244809264494457
0.1437109071298437 1.0004438554607955 0.0003287162022471027
0.1446614324355869 0.9994051050001944 0.0003213270701359424
0.14490591832971472 0.9997226159829227 0.0003245937431654602
0.14509977465604607 0.9997109296609172 0.0003285478098291548
0.14605028622523739 0.9998352417533406 0.00032138317084011794
0.14629477235128502 0.9994384474762317 0.00032450113383882077
0.14648864241462434 1.0004318676746928 0.0003286838325331178
0.14743914001443248 0.9997834487542834 0.0003213643145512405
0.14768362637331073 0.9998374301793704 0.00032448531195601024
0.14787750994128146 1.0001524843832377 0.00032859365423328513
0.14882799380316944 1.0004083948451012 0.0003213948669944447
0.1490724803962446 0.9990933981397764 0.0003245552103084656
0.14926637746748384 0.9996543179702161 0.00032858299995080673
0.15021684759327533 0.9998528615267003 0.0003213630038310279
0.15046133465064554 0.9998477217381909 0.0003246633132025196
0.15065524522651685 1.0004441698598856 0.0003286740211684293
0.15160570138247043 0.9996212167839044 0.00032129613559961096
0.15185018867267125 0.9997737903076473 0.0003246426320775914
0.15204411275317398 0.9999455860882932 0.0003286272434130144
0.15299455517029922 0.9996001143425356 0.00032134237193891116
0.15323904269514968 0.9996577280964494 0.000324596927414343
0.1534329802798311 0.9996050387636923 0.00032851829018146656
0.1543834089594943 1.000269635150932 0.00032128539713224694
0.15462789695000606 0.9998288942715042 0.0003245809309460469
0.15482184803886412 1.000423922841845 0.00032865920315939287
0.15577226274959752 0.9998763147693022 0.00032127102203253447
0.15601675097157636 1.000058995826774 0.00032473299954027406
0.156210715564157 1.0004801658991018 0.00032868298407995604
0.15716111653833717 0.9999281540324494 0.0003211981888171184
0.15740560499314665 0.9996868714203765 0.0003246869748159589
0.15759958309035937 0.9997958248976784 0.0003285544991067909
0.15854997032753224 1.0001992952446912 0.0003213452791772603
0.15879445924845573 1.0004083596161837 0.0003247887344131925
0.1589884508493924 1.000346684874628 0.00032861393778211423
0.15993882411718005 1.0000642509882331 0.00032120482200265026
0.16018331327002602 0.9995270905688185 0.00032455122153334946
0.16037731837514002 0.9999747208814705 0.0003287024266287781
0.16132767813920576 0.9994135495719296 0.000321134229443815
0.16157216729250717 0.9994709173578405 0.00032461393278805374
0.16176618590179714 1.0003023862923444 0.00032865582349772234
0.1627165319279454 0.9997739607887541 0.0003211500000353357
0.16296102154781625 0.9995606226571029 0.00032464126193351554
0.1631550536612849 0.9998973960925664 0.0003286293342511358
0.164105385485218 1.0003016488573235 0.0003213470515824652
0.16434987556938654 0.9999223006955702 0.0003246972808192716
0.16454392118703254 0.9999120285801195 0.0003286700271533762
0.16549423927486848 0.9997842572099472 0.000321195275467288
0.16573872959141225 1.0000985318365885 0.00032475807161237274
0.16593278871368966 1.0006203889368146 0.0003287196272293658
0.16688309306406357 1.000228574561751 0.0003212200955120716
0.16712758384717677 1.0004834501110573 0.00032482718415665875
0.16732165647272268 0.9999442742620289 0.0003285720179689151
0.16827194685280053 0.9996516501313629 0.00032110611790343814
0.16851643786874707 1.0003678051253089 0.00032479853044110223
0.16871052399892505 1.000001709601361 0.00032866929759263675
0.16966080064290642 0.9998531267206886 0.0003211083287962874
0.16990529212360342 0.9999829287589199 0.00032485222149945255
0.17009939152558218 0.9997119530501759 0.00032856951339596606
0.17104965443210152 0.9999409598159458 0.0003211571547084582
0.17129414614608457 1.0002251864198906 0.00032486919201900235
0.17148825928416045 0.9995393379569375 0.0003285818838394264
0.17243850822083848 1.0000422608006263 0.0003211432743843633
0.172683000168563 0.9994914655277107 0.0003246741612019429
0.17287712681036282 1.0000471570781044 0.0003287121433070749
0.17382736201048896 1.0003604791120901 0.0003211884339009509
0.17407185442341938 1.0000415693257063 0.0003248409816870833
0.1742659943374747 1.0002552370480333 0.0003286554686330544
0.17521621580059218 1.0000812210747108 0.0003211361733349818
0.1754607084454451 1.0001323470419392 0.00032479923430970274
0.17565486209605297 1.000331272011777 0.00032861032087781153
0.17660506958978725 0.9998107829528077 0.0003211691407705017
0.17684956246792352 0.9997353740854278 0.00032475227857049093
0.17704372962225534 1.000286886668816 0.00032865465236116113
0.17799392337761877 0.9995033975989368 0.00032105472700156754
0.17823841672186905 1.0001855438396554 0.00032483858739235994
0.17843259714891246 0.9998151283736026 0.0003285530924982744
0.1793827769339805 0.9994645963426888 0.00032102071095730555
0.17962727074343934 1.000131277544798 0.00032483559731626296
0.179821464907036 1.0001576976474316 0.0003286408537367322
0.18077163072317556 0.999405712413854 0.0003209858219995603
0.1810161247659205 1.0000105079731132 0.0003247894563110392
0.18121033243278362 1.0002748663133876 0.00032865334062754113
0.18216048451237063 0.9996587955912408 0.00032098858578965997
0.18240497902032143 0.9999626775246134 0.000324892234015749
0.18259919995944074 0.9994032765254158 0.00032853961341933424
0.18354933830201844 1.0004798550881344 0.0003209919606340703
0.18379383304234714 0.9992550583472813 0.00032472309981060326
0.183988067718019 0.9999808444202994 0.0003286088617238866
0.18493819209166892 1.0002101325222432 0.0003210990695236976
0.18518268729765622 0.9994090022685288 0.00032479285235346387
0.18537693524422139 0.9998096003238883 0.00032853280079174767
0.18632704588086402 1.000787696276999 0.00032115205624318654
0.18657154131968195 1.0004777829908846 0.000325014549590807
0.18676580277133326 1.0000163689263346 0.0003285511675795189
0.18771589943677033 0.9998302766291173 0.00032103834112150664
0.18796039534170766 1.0000482143582845 0.00032479615417405425
0.18815467052991153 1.0002069821540907 0.0003285495659886913
0.18910475322687623 0.9992413178199263 0.0003209649557412601
0.18934924959701674 0.9999107595156068 0.00032483052468902803
0.1895435380561139 0.9997266987133142 0.00032850179842635523
0.19049360701607132 0.9998333622574541 0.00032105748645321904
0.1907381036194979 0.9999229965531246 0.00032485834836339724
0.19093240558277103 0.9996212088562658 0.00032850240907189695
0.19188246080480828 0.9994217508892356 0.000320862093806738
0.19212695787435155 0.9992093593924967 0.0003247528785960389
0.19232127334271354 1.000627283052937 0.00032861232189409953
0.19327131436162812 1.0003589539446838 0.00032105111294611723
0.19351581189637726 0.9996414128812805 0.0003248821053606426
0.19371014086846117 1.0010251149479026 0.00032865118103732734
0.19466016815173134 0.9997008090629758 0.0003209653901859176
0.19490466615168905 0.9998296807980277 0.0003248341895034484
0.19509900839466354 0.9999117894225065 0.0003285536962502155
0.1960490219409264 0.999832263234589 0.00032102751353599594
0.19629352017371207 0.9999144992666045 0.0003248017241698748
0.1964878761541513 1.000189260472511 0.000328598115107793
0.19743787549683542 0.9999933942876128 0.00032103915213319196
0.19768237419528237 1.0002060972719709 0.00032491584952350786
0.19787674368035368 1.0003624665145077 0.00032863781840482693
0.19882672928648593 0.9996448918582634 0.0003209307331841943
0.19907122845059416 0.9999412377616856 0.000324852745053011
0.1992656112061013 1.0005202921481084 0.00032858027038247653
0.2002155830761337 1.0001487976571775 0.0003210545728979983
0.2004600824730726 0.999612914310348 0.0003248067205349985
0.20065447896604383 1.0003463056862345 0.00032857447717598226
0.2016044366311346 1.0003469948035808 0.0003210416820420467
0.20184893672747353 1.0004640085949488 0.0003249804946518686
0.2020433464922462 1.0006788006961809 0.0003285627749524192
0.20299329042032696 0.9995910009117903 0.0003209412069022938
0.20323779074904383 0.9997310053003097 0.00032484453136355306
0.20343221401708433 0.9995518825428098 0.00032840451165077207
0.20438214420952203 0.9999212544653093 0.00032104901361054217
0.20462664500344477 1.0002744330024569 0.00032493729944052475
0.20482108154374146 1.0002764596291283 0.0003285342183020444
0.20577099776543104 1.000285236959724 0.00032100516276403735
0.20601549902547048 0.9997714496692692 0.0003248670953556151
0.20620994930231973 0.9996548902107945 0.0003284531215007726
0.20715985155553426 0.9996029594326672 0.00032096861548220045
0.20740435304795163 1.0002991452786765 0.00032478810400911876
0.2075988168285221 1.0004889785947766 0.00032856734247611733
0.2085487051123541 0.9993992073660869 0.0003209096629753452
0.2087932073032607 1.0001129456080873 0.0003248977191917563
0.20898768435517923 0.9999610628988239 0.0003284473567529262
0.2099375589015492 0.9999789131568348 0.00032097498686853553
0.21018206132528644 0.9999416436382229 0.00032486944386118824
0.21037655211421225 0.9998114584676951 0.000328449597468738
0.2113264124574555 1.0000070339879836 0.000321034549367933
0.21157091557968738 1.000165188761476 0.0003249019229758942
0.21176541963995987 0.9999908048844286 0.0003285221642512533
0.2127152662475614 0.9997969056437295 0.00032094289108931497
0.21295976960262122 0.9998624300866584 0.00032476697824337426
0.21315428716707174 1.0000702380099828 0.00032845867804035927
0.21410411980392585 0.9994598463582918 0.00032101775894039793
0.2143486238574776 0.999886704387912 0.0003248410659926229
0.21454315492610476 0.9996007439707744 0.0003284247078133355
0.2154929735926628 0.999772042608814 0.00032103416950495867
0.2157374778790479 0.9994104182291275 0.00032486420497917855
0.2159320224518524 1.0000665960901658 0.0003284320716202124
0.21688182714948265 0.9995905783412433 0.00032099258840956064
0.21712633213435698 0.999534745078222 0.0003248185879035982
0.2173208899785095 1.0001710075800119 0.00032844385991751636
0.21827068093913315 0.9994253232292316 0.00032087643005403714
0.21851518615683813 0.9996504908544774 0.0003247438448161832
0.21870975773799728 0.9996228823309169 0.00032836887582673394
0.2196595344959503 0.9998350116244067 0.00032091358727279337
0.21990404041123907 0.9996638005215213 0.00032486483676495833
0.2200986252637449 1.0003643309272412 0.00032846449656114425
0.22104838828468995 0.9996881704576961 0.0003209451286210929
0.2212928944337175 1.000127018402194 0.0003249244923679148
0.22148749279040203 0.9994876122115444 0.00032836412985689264
0.22243724184150981 0.9999392843254571 0.00032103931712973145
0.22268174868811844 0.9991962359673575 0.0003247542532223773
0.2228763605489803 0.9999852388864775 0.0003284589064612255
0.2238260956307022 0.999691852081745 0.0003210030027760856
0.2240706027105996 0.9992655607450212 0.00032474433810988977
0.22426522807563742 0.9999800795233015 0.0003284094213863711
0.22521494918615848 0.9990200065818414 0.00032093366267034793
0.22545945673307802 0.9995413664592773 0.0003247842078072988
0.22565409560229455 0.9998626070052794 0.00032838962696925733
0.2266038027425202 0.9994144984523181 0.00032090293511925164
0.22684831098747896 0.9996024676777917 0.00032481607584412966
0.22704296312895167 0.9999992698261267 0.0003283964377167206
0.22799265653217068 1.0001500937619907 0.0003210545621310422
0.22823716500904925 1.0005426471275136 0.00032496421507198264
0.2284318308870752 1.0005746932632515 0.0003284238863928896
0.22938151008853513 0.9995937973766021 0.0003210120500422575
0.2296260192634502 1.0002705184506435 0.00032489983054970943
0.22982069841236807 0.9999949721344713 0.0003283342315623726
0.2307703638772721 0.9998645164329958 0.00032097713244754486
0.23101487328638676 0.9997953056859097 0.00032484458247059565
0.23120956593947994 1.0001685362053077 0.00032835137582660736
0.23215921743454734 0.9995142293434197 0.00032089187611804645
0.23240372754124042 0.9999227905505006 0.0003248626585550507
0.23259843369851296 1.00081150272532 0.0003284845757192379
0.2335480709909118 0.9995969362313716 0.00032100378477270346
0.23379258156281071 0.9998029751826202 0.0003248537618271653
0.2339873012242606 1.000785239992647 0.00032845861029389865
0.2349369245468181 1.0000488734646344 0.00032098129186366043
0.2351814358181225 0.9997975734173998 0.00032481687390909734
0.2353761687509177 1.0000325181659477 0.00032835975714486245
0.2363257783364686 0.9998967887373211 0.00032104548047555203
0.23657029007297886 1.0001246860242825 0.0003248116142999398
0.23676503650995073 0.9998894114469788 0.00032831906279481713
0.23771463189374117 0.9999808064128486 0.00032102915623916616
0.23795914409500188 0.9996194401063124 0.0003247449021135357
0.2381539040361531 1.0001850655619984 0.00032833780803371855
0.2391034854501056 0.9996275403351745 0.00032097253198231675
0.23934799835031367 0.999978612257188 0.0003248050522596319
0.23954277156281023 1.000619024793588 0.00032845429969148874
0.24049233923884525 0.9997262175935722 0.0003207841252540157
0.24073685237188397 0.9994451802811402 0.00032475902795981956
0.24093163908855786 1.0000515241893935 0.00032834808205119186
0.2418811927956651 1.0005575142668839 0.0003211882596457001
0.24212570662719304 0.9993337673416292 0.00032473415708537826
0.24232050684804562 1.000412813698519 0.000328361733305321
0.24327004635202684 1.0002540669488384 0.0003210615686982749
0.2435145606496742 0.9998844627265125 0.000324813598414023
0.24370937437470275 1.0006496882933853 0.00032840990727743807
0.24465889990839126 1.0003159162714141 0.00032107247970260207
0.24490341490498327 1.000817251149677 0.0003248834086628612
0.24509824190045038 0.9998690069041565 0.0003282667217703866
0.24604775346521113 1.0000713457274972 0.0003210686964901162
0.24629226892655356 1.0002480055938525 0.0003248023517874364
0.2464871096594834 1.0005714093908682 0.00032837215222947903
0.24743660725485891 1.0002188877091496 0.00032106561161875124
0.24768112318140992 0.9998882797607197 0.0003247659294792108
0.24787597718614052 1.000201172199997 0.00032826255794575753
0.2488254608103125 1.0004649939582475 0.00032108400064716534
0.2490699772043438 0.9995271238738688 0.00032466197344406447
0.2492648447123429 1.0000907340140621 0.00032826945601726985
