-0.2562271124581915 1.0002075068674892 0.0007565853886109267
-0.25483823508693604 0.999984285824659 0.0007562818322726959
-0.25344935771590826 1.0010667667918747 0.0007565096696871091
-0.2520604803446528 0.9988703591600729 0.0007560815297837266
-0.25067160297339863 0.9999007167559759 0.0007559152043865814
-0.24928272560146136 0.9994294247320391 0.0007559664378450623
-0.2478938484632629 0.9990651645652016 0.0007562479970283292
-0.24650497109269054 1.0005412795601196 0.0007564733070208018
-0.24511609372075327 0.9992512314801808 0.0007558811674263969
-0.243727216348816 1.0002222501837106 0.0007561350205727245
-0.24233833897847 1.000517953190888 0.0007567018899041745
-0.24094946184004518 0.9990601273274498 0.0007558128984749122
-0.2395605844681079 1.0004667961060563 0.0007564316926608961
-0.23817170709708146 0.9989731871485175 0.0007552797963455106
-0.23678282972582598 1.0007776342300017 0.0007567224215188547
-0.23539395258740115 1.0000603590182982 0.0007559739518952612
-0.23400507521637337 0.9996643936149784 0.000756400855736012
-0.2326161978444361 1.0005902640246935 0.0007559879155703388
-0.23122732047318062 1.000247511550539 0.0007561192118094975
-0.22983844333566528 1.0003033548570828 0.0007563421454888346
-0.228449565963728 0.9992556573966724 0.0007556642694075547
-0.22706068859179074 0.9992398317224354 0.0007560938298228778
-0.22567181145404902 0.9993313947431864 0.0007560866639829991
-0.22428293408347666 0.9998511839389135 0.0007559214715243146
-0.22289405671244755 1.0011947125487082 0.0007566866833042939
-0.22150517957334093 1.0004553934659075 0.0007564591461461807
-0.22011630220231448 1.0010504695681122 0.0007559606258381106
-0.21872742506388965 0.998900919650809 0.0007563374148803585
-0.21733854769263417 1.0027972610796851 0.0007568207349031365
-0.21594967032137868 1.0008849842005376 0.0007566787972361656
-0.21456079318249976 1.0003618245673525 0.0007560349597956829
-0.21317191581124428 0.9992091915704251 0.0007557350228635849
-0.21178303867350257 0.998433341623917 0.0007556941740550193
-0.21039416130179167 1.0009661978394555 0.000756842823747863
-0.20900528416268505 0.9991660631022572 0.0007565083699130772
-0.20761640679211268 1.00072785567859 0.000756425967880317
-0.20622752965368785 1.0010611160960072 0.0007564628563153911
-0.20483865228197828 0.9990598812540489 0.0007561641491264551
-0.20344977514355345 1.0014812876260273 0.0007569936230424822
-0.20206089777229796 1.00135698053792 0.0007570344930251296
-0.20067202063410217 0.9997476931906333 0.0007559307267521124
-0.19928314326284668 1.000606175560873 0.0007563784817997604
-0.19789426612374006 0.99984068853036 0.0007559653714887776
-0.19650538898531522 1.000244206262968 0.0007563063629334899
-0.19511651161474153 1.00022312634297 0.000756453981467982
-0.1937276344758626 1.0002155071568022 0.0007565409994031285
-0.19233875710392534 0.9987653525749176 0.0007561976650420408
-0.19094987996641 1.0008458116547465 0.0007561835331780159
-0.1895610028279865 0.9991358590743072 0.0007563527688160793
-0.18817212545604922 1.0014062711525578 0.0007565752018783739
-0.18678324831762438 1.0006314107750374 0.0007564495433449269
-0.18539437117942725 0.9992897635942701 0.0007559965595914837
-0.18400549380817177 0.9984545616477436 0.0007557368060336452
-0.18261661666974693 0.9980123297826309 0.0007556691300279954
-0.1812277395306403 1.000739629382813 0.0007566420185675908
-0.17983886215961387 0.9992714300937829 0.000755967543257722
-0.17844998502187082 1.0002682562805962 0.0007564800904285909
-0.17706110788367369 0.9993481175122069 0.0007557508532628297
-0.17567223074456706 0.9994851451762008 0.0007559174425854714
-0.17428335337331158 0.9996425605807426 0.0007560998900668396
-0.17289447623556986 0.9985309437097113 0.0007560910701227611
-0.1715055990966896 0.9998914098525555 0.0007561943415960275
-0.17011672195758298 1.0006155851637069 0.000756694592840423
-0.16872784481984127 1.0002011079631847 0.0007558394476447447
-0.1673389674488135 1.0004846141554484 0.000756353164042993
-0.16595009030970687 0.9997807913966398 0.0007565747646045202
-0.16456121317128203 1.0005098619955275 0.000756239940082434
-0.1631723360328572 1.0001711058738134 0.0007560825567868781
-0.1617834588946614 1.000481289828162 0.0007565250997571999
-0.16039458175623655 0.99979424216221 0.0007561023082102974
-0.15900570461712993 1.00065776179759 0.0007564630567480598
-0.15761682724587445 0.9997132695358051 0.0007562715535307797
-0.1562279501083591 0.9989552378852129 0.0007556785515749783
-0.15483907296925248 0.999880805478709 0.0007561537334558064
-0.15345019583014585 1.0004509412908258 0.0007563484143718812
-0.1520613186926305 0.9995364339349888 0.0007564870214823516
-0.150672441554207 1.000710178390048 0.0007566904338284676
-0.14928356441578217 1.0009544122005674 0.0007562574398790272
-0.14789468727758504 1.002018626809822 0.0007569779601113413
-0.1465058101384784 0.9984577984420799 0.0007559771301986488
-0.14511693300005357 0.9995569015354475 0.0007561763374665473
-0.14372805586253956 1.000147779825446 0.0007566261847244246
-0.14233917872343294 0.9993737476292257 0.0007562801157511522
-0.1409503015843263 1.0010232785449225 0.0007565910327797154
-0.13956142444658326 1.0006717506636829 0.0007567443832501872
-0.13817254730838613 1.0010523490354877 0.0007567243423719104
-0.1367836701692795 1.00008943301848 0.0007567610266014405
-0.13539479303085467 0.9988625492971718 0.000756132012581117
-0.13400591589243116 0.999972610008922 0.0007564146326397831
-0.13261703898706334 0.9996945398370665 0.000756731860708945
-0.13122816184863983 1.001527311909603 0.0007572604641073663
-0.1298392847095332 1.0001651771742532 0.0007560915000266761
-0.12845040757110837 0.999242704014693 0.0007564350801905768
-0.12706153043359303 1.0001841151937074 0.000756519173755975
-0.1256726532951682 0.9990960898203279 0.000756212412811075
-0.12428377615606155 0.9998474416464298 0.0007562949678140282
-0.12289489925069642 0.9996360484050858 0.0007564029100429501
-0.12150602211295336 0.9994577601337105 0.0007567237537794821
-0.12011714497384673 1.0000596671075601 0.0007563810523333531
-0.11872826783474011 1.000121955329811 0.0007560933636232737
-0.11733939069722477 1.0007088712642382 0.0007567109165899278
-0.11595051379163192 1.0010449745169852 0.0007564655355778748
-0.11456163665252529 1.0003781424831348 0.0007565384026841685
-0.1131727595143268 1.0005616803914708 0.0007571691819101575
-0.11178388237590331 0.998974233581276 0.0007561765988944233
-0.11039500547030912 1.0001701983316753 0.0007561435431357786
-0.10900612833211198 0.9995875423251489 0.0007563248510036847
-0.10761725119300536 0.9987828042560581 0.0007560072664565591
-0.10622837428741116 1.0010554008629489 0.0007569761491025281
-0.10483949714989717 0.9992492661496215 0.0007561686482599602
-0.10345062001079054 1.00038902786184 0.0007565378861769706
-0.10206174310451456 0.9995027703741635 0.0007563748624917707
-0.1006728659667715 0.999914548253431 0.0007556442147273369
-0.09928398882857437 1.0011450762507086 0.0007568184217020338
-0.09789511192229838 1.0004736872836533 0.0007566098597454085
-0.09650623478387355 0.9999809590018042 0.0007565004572718449
-0.0951173578782807 0.9991214939220509 0.000756236527361566
-0.0937284807400822 1.0002629345551157 0.0007564235583031587
-0.09233960360165872 1.0022489800089827 0.0007571319240428849
-0.09095072669538273 0.999283903548311 0.0007564930444551589
-0.0895618495569579 1.0003233918386643 0.0007566441925845664
-0.0881729726522732 1.000391307277088 0.0007565572385493185
-0.08678409551316657 0.9999631312892908 0.0007566763997604184
-0.0853952186071183 1.0008910192045863 0.0007563676849276047
-0.08400634146937659 1.0000691842170475 0.0007558180157587461
-0.08261746456378238 1.0013180768412782 0.0007568666194547543
-0.08122858742467576 1.0005935532230923 0.0007569717654065035
-0.07983971051908156 1.0022407557412245 0.0007572369663953664
-0.07845083338088443 1.0016083039076011 0.0007567940761519359
-0.07706195647529024 1.0015528231659776 0.0007571714093459728
-0.07567307957060553 0.9991634214401149 0.0007562466648031003
-0.07428420243218203 1.000923489300925 0.000756875597423135
-0.07289532552590605 0.9994389091912225 0.0007562789294520668
-0.07150644838748121 1.000258299208627 0.0007569640464372654
-0.07011757148279651 1.0020378510896704 0.0007572569342769599
-0.06872869457652053 1.0009431193203449 0.0007563783622631989
-0.0673398174374139 1.000114123366293 0.0007566178008950875
-0.06595094053273055 0.9987940848464059 0.0007560866166792127
-0.0645620633943057 0.9994578595247227 0.0007564863455124482
-0.06317318648802972 1.0009120076117115 0.0007568552504750291
-0.061784309582435526 0.9990700124456066 0.0007564555070670165
-0.06039543267706904 1.0009075291231366 0.0007565910727081469
-0.059006555538644194 0.9991755295426216 0.0007562967149255224
-0.057617678633051346 0.9997387184408026 0.0007563427712984892
-0.056228801726775364 0.9983165857430015 0.000756080109968268
-0.05483992458857689 0.9998020121641191 0.0007563849823567844
-0.05345104768366582 0.9981516534181603 0.0007557019905801288
-0.05206217077738984 0.999492598683174 0.0007561249303618073
-0.05067329387134157 0.997948424942392 0.0007560288408559809
-0.049284416733598506 0.9968947594172606 0.000755556738391349
-0.04789553982800431 0.9992276344962955 0.0007564047812225124
-0.04650666292172833 0.9983615733404565 0.000756269200080165
-0.04511778601636319 0.9978906135335368 0.0007551888425845361
-0.043728909110768995 0.997758653634025 0.0007557287483205445
-0.042340032205174793 0.9980999974701361 0.0007560615999618063
-0.04095115506697766 0.9975902631888354 0.0007560606039100189
-0.03956227816070168 0.9989855418359644 0.0007561009609460566
-0.03817340125533519 1.0001125760087861 0.0007565643300076098
-0.03678452435042278 0.9984445598113351 0.0007559119779866613
-0.0353956474441468 0.998579717269296 0.0007558845761068094
-0.034006770537870816 0.9984620509737779 0.0007560178763327007
-0.03261789363295975 0.9982602881734418 0.0007563429380294003
-0.031229016727593262 0.9995468860958283 0.0007560335072822454
-0.02984013982131728 0.9967077013344106 0.0007553597459681581
-0.028451262915950792 0.9992978565034385 0.0007560467536581282
-0.027062386011039725 0.9966716444570146 0.0007557078326786697
-0.025673508872614884 1.0001073012874195 0.0007562605451571839
-0.024284631966338902 0.9983916758771444 0.0007560280032666398
-0.022895755060744705 0.99790361179865 0.0007561503124638716
-0.021506878155378217 0.9977853473949683 0.0007557559603561875
-0.02011800124978402 0.9977444497466069 0.0007557320475953885
-0.018729124577021812 0.9981110550264342 0.0007557081929281018
-0.017340247670972194 0.9991886188305585 0.0007562357255465814
-0.015951370765377997 0.9986723808515479 0.0007564268431262091
-0.01456249386046693 0.9982813946094602 0.0007561342744930346
-0.013173616954190948 1.0005079832972918 0.000756622200700665
-0.011784740048142676 0.9980985275923071 0.0007556292840647389
-0.010395863143230263 0.9981789528328779 0.0007561996288415292
-0.009006986237636065 0.9987829077124547 0.0007563152512349771
-0.007618109331587793 1.0001872877697957 0.0007566841192114924
-0.006229232425994943 0.9980664445521575 0.0007561337660038916
-0.004840355520400744 0.9995699353523774 0.0007560499445070669
-0.0034514788476371905 0.9992704895996279 0.0007564674970295805
-0.002062601942952487 0.9982193350597659 0.0007561355475011355
-0.0006737250366765053 0.9986191825289741 0.0007563974538637471
0.0007151518693717662 0.998374827336389 0.0007557154122215389
0.0021040287742841797 0.9994853503028425 0.0007566346928450877
0.0034929054470463866 0.9984444939252106 0.0007562419015747889
0.004881782353322369 1.000002855798918 0.0007560509402370244
0.006270659258916567 1.0010075467617798 0.0007567589131467565
0.007659536164283054 1.0000504304007378 0.0007564078244669033
0.009048412837046608 0.9992721127322828 0.0007561546843371832
0.010437289742640805 0.998478306977553 0.000756220694345706
0.011826166648689077 0.9992753720675179 0.0007560761472580551
0.013215043554281929 0.9985619118593202 0.0007559349733253306
0.014603920226363698 0.999572863401367 0.0007560918954559674
0.01599279713241197 1.000115368915517 0.0007566251472101678
0.017381674038687952 0.9991568716205652 0.0007560789682356331
0.01877055071076972 0.997902887490976 0.0007558234402732109
0.020159427616362573 0.9981938648325032 0.0007558218039912432
0.02154830452241219 0.9993945267550388 0.0007562632731528561
0.022937181195175745 0.9992949613783668 0.0007564028637570126
0.02432605810008681 0.9982516400225908 0.0007562008472771612
0.0257149350054533 0.9994826242264367 0.0007558381179912769
0.027103811678898637 0.9991866233716439 0.0007562795897405619
0.028492688584492835 0.999427632599045 0.000756706986597664
0.02988156525725639 0.9987036772535381 0.000756312555944851
0.03127044216262153 0.9979457098082285 0.0007561488693791727
0.03265931883538508 0.998935118003287 0.0007557460608284973
0.0340481957414347 0.9970828693756754 0.0007559300913932545
0.035437072414196906 0.9980388051073276 0.0007556515248548369
0.036825949319109326 0.9986623847909744 0.0007564323442805118
0.038214825992554664 1.0000411604885957 0.0007563339196269277
0.03960370289860293 0.9984373386732089 0.0007563495013919692
0.0409925795706847 0.9975592845864888 0.0007557230383912651
0.04238145647627755 0.9978977397883314 0.000755815806730805
0.04377033314949518 0.9976808906292606 0.0007554431816586488
0.045159210055089376 0.999304836353322 0.0007566764306951563
0.04654808672785293 0.9996455589625471 0.0007564530044230057
0.04793696363321942 0.9981737742253551 0.0007560156385676338
0.04932584030598298 0.9990312673009648 0.0007562540007000121
0.050714716979428316 0.9990228304739442 0.0007564870702947393
0.052103593885021164 0.9984243579409525 0.000755973735899013
0.053492470557102934 0.9996465031765871 0.0007564381380324471
0.0548813474631512 0.9987014290032229 0.0007558939150712866
0.05627022413659654 0.9981512595764774 0.0007561786965816948
0.0576591008084506 1.0012254868698547 0.000757992768125612
0.059047977714044804 0.9981434369322959 0.0007561150466688986
0.06043685438749014 0.9989936135552885 0.0007566158073498792
0.06182573106025369 1.0003197095682244 0.0007563280435715935
0.07293674490802073 0.9995972542276681 0.0007564824261792668
0.07432562181361357 1.0001444389226954 0.000756668094289544
0.07571449848569534 0.9996948655819469 0.0007564374482505585
0.07710337515845754 1.0009905460695971 0.0007561708531204487
0.07849225183167652 1.002088831551904 0.0007570231389104414
0.07988112850444008 1.0016591538511672 0.0007571095723392271
0.08127000517720229 0.998787477071926 0.0007565053628716897
0.08265888208279648 0.9996476813654956 0.0007567604286130425
0.08821438877339392 1.0001325154175642 0.0007570080316281478
0.08960326544683926 1.0001423069815236 0.0007564589616496008
0.09376989546490222 0.9986683536313222 0.0007553102588753124
0.09515877213834756 1.0010445869790263 0.0007573139183555743
0.0965476488108834 0.9985571847684042 0.0007556917800951025
0.09793652548364695 0.9990167594057097 0.0007565731094632432
0.09932540215641052 1.0002326500299605 0.0007563528119089757
0.100714278828945 0.998821244917528 0.0007572583436841673
0.10210315550239034 1.0009025816100652 0.000755641547605253
0.1034920321751539 0.9999027194606156 0.0007571994639359318
0.10765866219389864 0.9996672591590103 0.0007568856153844092
0.10904753886597905 1.0004652198428832 0.0007569564941860624
0.11043641553851626 0.999287990018398 0.0007558580973242828
0.1118252922119616 1.0008873206431073 0.0007573190554974803
0.1132141688847238 0.9989258707880696 0.0007565123974560138
0.11460304555748735 1.000476187923269 0.0007568647472016365
0.11599192223002319 1.0003289365128702 0.0007574506231119062
0.1173807986699561 0.9987544214761327 0.0007561627953557971
0.120158552016165 0.9991990388943282 0.0007564911893087002
0.12154742868801771 1.0002450663859463 0.000756298875151841
0.12293630536146305 0.9999859417100408 0.0007571622175281499
0.12432518203490839 0.9988260707019129 0.0007563430783838615
0.1257140584739318 0.9973053867959044 0.0007560169830289992
0.12710293514669535 1.000873762001718 0.0007563701163067591
0.1284918118201407 1.0002773549346125 0.00075687716193957
0.1298806884929029 1.000822654021265 0.0007562589894014046
0.13126956493192632 0.9992870125605882 0.0007565382179421333
0.13265844160468987 0.9995074788983778 0.0007567490293550142
0.1340473182781352 1.0009067683448136 0.0007571079448271493
0.13543619495067105 0.9993252549787985 0.0007570297394448899
0.1382139480633675 1.000342525323046 0.0007575147054125852
0.13960282473590202 0.9997487353668731 0.000756681105950248
0.14238057784928027 0.9999118370128474 0.0007572231543517965
0.14376945452113432 1.0004777477944373 0.0007573161297402469
0.14793608407444414 1.0004225859879683 0.0007567985960371334
0.14932496074698132 0.9995955236199909 0.0007565158449303086
0.15071383741974353 0.9996282873338909 0.0007565795101174052
0.15210271385967644 1.000143442725488 0.0007562919202690468
0.15349159053312178 1.002532640901829 0.0007572080409233929
0.15488046697282698 1.0000607603768001 0.0007567572645396901
0.15626934364490874 0.9995693172302058 0.0007577950919349856
0.15765822008552344 1.0007793966693004 0.000756807049014871
0.15904709675896878 1.0014476340339227 0.0007558499273405601
0.1618248498707544 1.0015589030040664 0.0007570543362619007
0.1632137263113691 1.000752702724598 0.0007566135110824098
0.16460260298390494 0.9989390361890461 0.0007567968082560331
0.16599147942383785 1.0013707708900492 0.0007551151448552846
0.16738035609660007 0.9968264471059898 0.0007582312436613834
0.1687692325363066 1.0028537017259518 0.0007553459071841663
0.17154698564968351 0.9994387558894295 0.0007555004641529598
0.17293586208870693 0.9991228738999439 0.0007557984280455784
0.17432473876215226 0.9991059014199429 0.0007563601617423438
0.17571361520276696 0.9989372133880376 0.0007568390176264607
0.17710249187484872 1.0001665472363344 0.000756845055673596
0.1784913683145526 1.0000512266946833 0.0007566494129748402
0.18126912142793083 0.9995238327260225 0.0007565808089153655
0.18265799786695425 0.9989540942750674 0.000756462898666305
0.18404687430688715 0.9990097938913146 0.000756107222024682
0.1854357509803325 1.000302349210479 0.0007580734793646962
0.18682462742026407 1.0000468173494375 0.0007564516678918993
0.18960238029990217 1.0004782960224712 0.0007568885995514798
0.19099125697266572 0.9991574784464582 0.0007558679074293068
0.19238013341328042 0.99918827871607 0.0007567648664477854
0.19376900985298562 1.001025067150535 0.0007573063516892225
0.19515788629223674 0.9998383464401372 0.0007570239181861148
0.19932451584531885 0.9996690786520709 0.0007565030469139381
0.20210226872586645 0.9993823468413742 0.0007562144122596886
0.20349114516557165 1.0001330564520288 0.0007570594522798753
0.20626889827826678 1.0008524160085537 0.0007554134244071027
0.2076577747179733 0.9994121587721635 0.0007566310776052861
0.209046651158588 1.0023642067108547 0.0007571467693463114
0.21043552759851958 0.9986803825407647 0.0007559099566073843
0.211824404037543 1.0004049900973966 0.0007568892803119007
0.2146021569180906 1.0008984868304915 0.000756979056181007
0.21737990979772737 1.001466864757928 0.0007567658341328233
0.21876878623766027 0.9998617122406822 0.0007567439667833338
0.22015766267759318 1.0001087466878713 0.0007566167428635432
0.22154653911820787 0.9993558643441733 0.0007556858103275384
0.22293541555791307 0.9996263676082989 0.0007574229047464892
0.22432429199716286 0.9995198945983438 0.0007566867007163646
0.22571316843777756 0.9998704131866016 0.0007563566191735362
0.22710204487816588 0.9986788909353719 0.0007561531327254271
0.22849092131741566 0.999070254836646 0.0007559297890280364
0.22987979775734857 0.9995755135642711 0.0007565632778789863
0.23126867419796326 1.0000526445363487 0.0007567054828994288
0.23265755063766846 1.0019524685333725 0.000756853622785384
0.23404642707691958 1.0015203449307126 0.0007569555315335498
0.23543530351662345 0.9998812550142065 0.0007549507598927258
0.23682417995723815 0.9980907438863429 0.0007558110077069668
0.23821305639717105 0.9999559322724286 0.0007564322324289464
0.24237968548391142 0.9988410483040253 0.0007548282627472181
0.24376856192452612 1.0002160290969995 0.0007566153565866009
0.24793519101126515 0.9996303502015031 0.0007558721051107955
0.24932406745165214 1.0010052041733897 0.0007569681385608337
0.2548795729785531 0.9991225993541912 0.0007559476673101692
0.256268449418257 1.001145513836783 0.000756649421481278
