# index, TIC ID, TMag, separation (arcsec)
0, 102840239, 9.36, 0.0
1, 102840237, 11.4114, 6.035
2, 870239615, 19.9965, 8.358
3, 870239607, 19.6073, 8.961
4, 870239614, 18.7963, 11.953
5, 870239609, 19.9136, 13.333
6, 870239604, 19.7893, 23.139
7, 870239605, 18.4117, 25.356
8, 870239613, 18.023, 27.176
9, 870239606, 19.5243, 27.155
10, 870239620, 19.3988, 34.769
11, 870239625, 19.8094, 34.456
12, 870239623, 15.5224, 37.972
13, 870239619, 17.8358, 38.062
14, 870239612, 18.7305, 38.768
15, 870239574, 18.0156, 38.634
16, 102840234, 14.9256, 40.179
17, 870239622, 14.9256, 40.179
18, 870239566, 19.2433, 40.363
19, 870239616, 20.3092, 40.351
20, 870239603, 18.8495, 42.981
21, 870239572, 18.8971, 44.639
22, 870256278, 19.3416, 45.028
23, 870239611, 20.6371, 45.726
24, 102840218, 16.9154, 47.556
25, 102840241, 17.3309, 50.979
26, 870256243, 18.2236, 50.445
27, 870256247, 19.7421, 50.881
28, 870239573, 18.6117, 52.314
29, 102840256, 16.4905, 54.814
30, 870256276, 18.9622, 56.195
31, 102840252, 14.7437, 57.289
32, 870239624, 18.8684, 58.509
33, 870239608, 19.7265, 58.998
34, 870239621, 20.4897, 59.111
35, 102840227, 18.1508, 59.317
36, 870239617, 18.568, 61.429
37, 870256248, 20.0968, 61.238
38, 870239610, 20.2282, 63.838
39, 870256249, 20.4271, 63.901
40, 870239601, 19.51, 66.27
41, 102840233, 17.4756, 66.856
42, 102840243, 18.498, 68.128
43, 870239570, 19.3905, 68.388
44, 870239589, 17.8268, 71.321
45, 870239590, 18.747, 71.713
46, 870239568, 20.7417, 71.634
47, 870239571, 18.4982, 72.653
48, 870239588, 18.3514, 72.969
49, 870239602, 19.9393, 73.375
50, 870239618, 19.1791, 73.612
51, 870256282, 20.1175, 73.455
52, 102840213, 18.44, 73.81
53, 870256279, 19.4504, 75.089
54, 870239592, 19.0139, 76.362
55, 870239575, 20.6111, 77.477
56, 870256246, 19.6097, 77.275
57, 102840206, 15.2909, 78.685
58, 102840204, 14.9497, 79.035
59, 870239564, 18.2779, 79.553
60, 870239565, 18.3772, 79.814
61, 870256284, 19.409, 80.089
62, 870239553, 16.1507, 80.99
63, 102840220, 18.0963, 80.895
64, 102840212, 15.7593, 81.216
65, 102840257, 13.835, 81.739
66, 870256245, 19.0699, 81.765
67, 870239591, 19.9346, 82.363
68, 102840225, 17.6068, 82.788
69, 102840200, 15.7287, 83.568
70, 870239567, 20.1207, 83.444
71, 102840255, 14.0569, 83.901
72, 102840198, 15.0195, 83.708
73, 870256281, 20.3241, 83.764
74, 870239552, 15.8018, 84.488
75, 102840231, 17.9325, 85.407
76, 870256292, 20.055, 85.677
77, 870239600, 18.561, 86.652
78, 102840194, 17.0276, 87.56
79, 102840197, 17.2115, 87.565
80, 102840251, 17.2479, 88.31
81, 870256277, 18.9251, 89.327
82, 870239569, 18.0027, 91.245
83, 870256293, 20.6595, 91.114
84, 102840268, 17.4977, 91.113
85, 102840226, 17.5727, 91.615
86, 102840275, 13.4884, 91.787
87, 870256283, 20.6348, 92.104
88, 102840195, 17.3316, 92.457
89, 870239587, 18.9039, 92.848
90, 102840264, 16.2677, 93.512
91, 870256280, 19.2534, 93.89
92, 102840207, 16.789, 94.205
93, 102840259, 16.64, 94.999
94, 870239596, 18.2524, 95.498
95, 870239560, 18.0524, 95.084
96, 870239562, 20.1006, 95.913
97, 870248138, 19.5805, 96.395
98, 102840193, 18.0141, 96.502
99, 870239581, 19.1088, 97.138
100, 102840215, 15.7536, 96.555
101, 870256244, 18.741, 96.775
102, 102977545, 17.5301, 97.137
103, 870256290, 19.5332, 97.636
104, 870239551, 18.3735, 98.112
105, 102840277, 17.0831, 99.591
106, 870239579, 19.1419, 100.673
107, 870248139, 20.1835, 100.923
108, 870256230, 19.6843, 101.04
109, 870239597, 19.7669, 101.817
110, 102840192, 16.53, 101.71
111, 870248131, 19.2735, 101.901
112, 870239548, 20.3808, 102.152
113, 870256234, 20.4138, 102.548
114, 102840199, 15.3557, 102.682
115, 870256287, 18.1233, 102.757
116, 102840245, 16.3712, 103.606
117, 870256252, 20.5759, 103.143
118, 870239595, 19.748, 104.502
119, 102840203, 15.9592, 104.114
120, 102977541, 16.5147, 104.193
121, 870256254, 20.3624, 104.434
122, 870256231, 19.0311, 104.594
123, 870256294, 19.3623, 105.398
124, 870256251, 20.3651, 105.107
125, 870239599, 20.4954, 106.608
126, 102977513, 12.7316, 106.496
127, 870248109, 19.8671, 107.185
128, 102840265, 15.0497, 106.797
129, 870239558, 20.3441, 106.837
130, 102840186, 17.4022, 107.397
131, 870256233, 19.8309, 108.009
132, 870239580, 18.9902, 108.668
133, 870239561, 19.3608, 108.546
134, 102840191, 15.9243, 109.01
135, 870248108, 19.2126, 109.593
136, 102977516, 18.6944, 109.459
137, 870248103, 20.3395, 110.23
138, 870239549, 20.8002, 110.135
139, 102840270, 17.5302, 110.475
140, 102977528, 16.1455, 110.894
141, 102840214, 16.9962, 111.697
142, 870239578, 18.3201, 111.781
143, 102840182, 15.7623, 111.924
144, 870248105, 19.6079, 113.169
145, 102840283, 15.2387, 113.213
146, 102840230, 17.5705, 113.487
147, 102840232, 15.5183, 113.478
148, 102840253, 16.7794, 114.405
149, 102840224, 17.0714, 114.488
150, 870248114, 16.1357, 114.915
151, 102840184, 16.9151, 114.656
152, 870248132, 19.0219, 115.292
153, 102840188, 15.1892, 115.149
154, 870248107, 19.0375, 116.21
155, 870256235, 20.8253, 115.58
156, 870256289, 19.5073, 116.566
157, 870239598, 20.0447, 117.667
158, 870256232, 19.9021, 117.386
159, 102840287, 19.501, 117.791
160, 102840180, 17.2833, 118.97
161, 870248113, 17.9817, 119.518
162, 870239545, 18.944, 119.385
163, 870256228, 19.6141, 119.296
164, 870256242, 20.1314, 119.364
165, 870256288, 18.4428, 119.81
166, 102840271, 16.9499, 119.909
167, 870239593, 19.012, 120.574
168, 870256250, 18.2565, 120.209
169, 870248115, 20.0341, 121.163
170, 870239559, 19.1248, 121.917
171, 870256253, 20.6793, 122.903
172, 102840288, 17.079, 123.516
173, 870239582, 19.6861, 123.582
174, 870239594, 18.399, 123.895
175, 870248134, 18.9049, 123.804
176, 102977535, 16.349, 123.375
177, 870239583, 19.7527, 123.929
178, 102840249, 16.4359, 124.983
179, 102840217, 18.013, 124.855
180, 870256296, 18.6255, 125.001
181, 870248133, 20.5981, 125.202
182, 870239547, 19.8159, 125.258
183, 102840189, 15.066, 125.231
184, 870256291, 19.4933, 126.324
185, 870256255, 20.5461, 126.133
186, 870248136, 19.9822, 127.75
187, 870239535, 18.8432, 127.504
188, 870248112, 18.7616, 128.153
189, 870256286, 18.1447, 128.553
190, 870239556, 18.0076, 128.572
191, 870248135, 19.2957, 129.362
192, 870248116, 20.2802, 130.094
193, 102977514, 15.782, 129.617
194, 870256240, 18.6971, 130.639
195, 870239584, 19.9691, 131.389
196, 102977559, 17.5274, 130.891
197, 870256285, 18.9412, 131.79
198, 870239524, 18.8757, 132.297
199, 102840286, 17.1572, 132.447
200, 870248102, 17.9332, 132.716
201, 870239550, 19.1911, 132.604
202, 870248111, 20.6999, 132.774
203, 870239523, 18.0212, 132.855
204, 870256241, 18.5569, 133.219
205, 870239586, 19.3975, 134.062
206, 870248104, 19.311, 134.415
207, 102840292, 15.5604, 134.897
208, 870256272, 20.5805, 135.046
209, 870239577, 17.907, 135.505
210, 870256229, 17.6526, 135.225
211, 870239563, 19.5366, 134.829
212, 102977504, 15.452, 135.114
213, 870239576, 17.9027, 135.962
214, 870239546, 18.7329, 135.857
215, 870248140, 17.7628, 138.214
216, 870256307, 19.9067, 138.014
217, 870256238, 17.7776, 138.106
218, 870239534, 18.6562, 138.993
219, 870256239, 18.9143, 138.772
220, 102840175, 17.2179, 139.248
221, 870239527, 20.6069, 139.852
222, 870263924, 18.4094, 139.859
223, 870256301, 20.0621, 140.261
224, 870248137, 20.037, 141.001
225, 870256236, 18.0826, 140.816
226, 102977491, 17.3195, 140.79
227, 870248036, 19.1171, 141.702
228, 102840222, 15.2125, 141.827
229, 870248106, 19.3041, 141.849
230, 102840216, 16.4889, 142.083
231, 870263923, 19.0479, 143.066
232, 870263925, 18.5586, 143.045
233, 870239538, 17.9752, 144.275
234, 870256118, 19.9401, 144.183
235, 870248033, 19.0247, 145.549
236, 870248130, 18.7697, 145.931
237, 102840304, 15.7928, 146.165
238, 870248037, 19.5282, 146.902
239, 870239540, 19.8808, 147.184
240, 870239528, 20.7505, 147.339
241, 102840177, 15.2599, 147.056
242, 102840258, 19.5834, 148.189
243, 102840168, 15.906, 147.976
244, 102840169, 16.916, 148.289
245, 870248110, 19.6876, 149.204
246, 870256306, 19.5758, 149.382
247, 870256270, 19.8593, 149.357
248, 870239585, 20.6798, 149.968
249, 870239557, 19.5361, 150.926
250, 870239514, 17.636, 151.491
251, 102840313, 17.3957, 151.635
252, 102977505, 17.7205, 151.41
253, 102840316, 17.4317, 151.981
254, 102840250, 16.2742, 152.238
255, 870248126, 19.299, 152.681
256, 102977476, 14.5978, 152.812
257, 870256237, 18.5539, 152.691
258, 870239544, 18.371, 153.082
259, 870239522, 19.0605, 154.097
260, 102840306, 17.7386, 154.033
261, 870256271, 20.6207, 154.513
262, 102840170, 15.1874, 155.137
263, 870248145, 19.9876, 155.429
264, 870256299, 18.544, 155.461
265, 870248038, 20.1989, 156.02
266, 870239436, 19.9111, 155.642
267, 870239525, 19.0242, 156.576
268, 870239542, 20.0752, 156.527
269, 870256256, 19.4899, 156.216
270, 102977572, 18.3469, 156.609
271, 870239555, 18.7056, 157.867
272, 102840209, 16.8457, 158.555
273, 870248121, 17.376, 158.807
274, 504997602, 19.7326, 158.63
275, 870248142, 18.9083, 158.935
276, 102840235, 17.2915, 159.713
277, 870248032, 18.7493, 159.8
278, 102840165, 17.8762, 159.479
279, 102840228, 14.8621, 159.869
280, 870256302, 20.2332, 159.792
281, 870256268, 19.1368, 159.688
282, 870256297, 19.4591, 160.171
283, 102977463, 16.4164, 160.448
284, 870239435, 17.7791, 160.486
285, 870248040, 20.6532, 161.091
286, 870256258, 21.0603, 160.441
287, 870239541, 20.0145, 161.11
288, 870263929, 19.1581, 161.692
289, 102977507, 16.7037, 161.637
290, 102840160, 15.4591, 162.82
291, 102840320, 18.3342, 163.306
292, 870239526, 19.5167, 163.445
293, 870263926, 19.1521, 163.209
294, 870256116, 18.6184, 163.158
295, 870248143, 19.2315, 163.697
296, 870256120, 20.2845, 163.602
297, 870239437, 19.2469, 163.759
298, 870239554, 18.881, 164.027
299, 870256257, 19.0335, 163.703
300, 870248034, 19.3853, 165.053
301, 102840159, 16.7348, 165.104
302, 870256298, 19.2783, 165.123
303, 870239539, 19.8573, 165.396
304, 102840248, 16.2739, 165.763
305, 102840314, 17.6238, 166.018
306, 870239515, 19.8625, 165.953
307, 102840293, 17.0931, 166.16
308, 870248127, 19.2673, 166.181
309, 870248035, 19.2635, 166.555
310, 870239537, 20.4415, 166.591
311, 870256269, 18.6478, 166.593
312, 870248039, 19.7498, 167.45
313, 870239433, 18.1569, 167.008
314, 870248146, 18.6801, 167.429
315, 870256300, 19.3543, 167.73
316, 870239441, 19.0208, 168.087
317, 870248144, 18.7317, 168.642
318, 102977589, 15.2062, 168.303
319, 102977502, 16.7468, 169.079
320, 870248141, 18.3304, 169.948
321, 870248117, 17.741, 170.213
322, 870248148, 19.2244, 170.73
323, 870256295, 19.5824, 170.672
324, 870256303, 19.2617, 170.796
325, 102840322, 16.6033, 171.033
326, 102977536, 15.8148, 171.362
327, 870248120, 18.9659, 172.592
328, 870256274, 19.1052, 172.239
329, 870256121, 19.4391, 172.3
330, 102840303, 13.6545, 173.114
331, 102840154, 16.714, 173.23
332, 870248125, 20.1241, 173.38
333, 870256122, 19.0459, 173.255
334, 102840202, 17.1181, 174.25
335, 102840301, 13.309, 174.262
336, 870239440, 20.4542, 174.643
337, 870239543, 20.5761, 176.183
338, 102840156, 16.0216, 175.814
339, 102840221, 15.8089, 176.739
340, 102840238, 17.6519, 176.716
341, 102977483, 13.8791, 176.624
342, 102977500, 17.3297, 176.389
343, 870256305, 19.7095, 177.091
344, 102840323, 17.6387, 177.305
345, 870248124, 20.5252, 178.377
346, 870256259, 20.3705, 177.953
347, 102840279, 16.6022, 179.18
348, 102840158, 16.6327, 178.802
349, 102840327, 16.8914, 179.114
350, 102977564, 17.8714, 178.594
351, 870239521, 20.4783, 179.507
352, 102840319, 18.3416, 179.86
353, 870248030, 19.085, 180.516
354, 870256119, 20.0703, 180.206
355, 870256313, 19.6813, 180.312
356, 870239517, 17.3774, 181.063
357, 102840205, 14.1056, 181.004
358, 870239480, 18.0974, 181.409
359, 102840294, 16.7388, 181.643
360, 102840263, 16.1434, 181.841
361, 870239438, 20.5414, 181.565
362, 870248119, 18.6482, 181.891
363, 102977451, 16.3908, 181.792
364, 870263928, 19.7463, 182.135
365, 102840307, 17.762, 182.553
366, 102977519, 15.3616, 182.279
367, 102840152, 17.1223, 183.061
368, 870248046, 18.304, 183.245
369, 870263932, 20.0197, 182.966
370, 870256260, 18.2582, 183.635
371, 870239484, 19.963, 184.008
372, 870248128, 19.5827, 184.513
373, 870239513, 17.9485, 184.714
374, 102977602, 17.547, 184.194
375, 870239432, 19.1499, 184.466
376, 102840236, 17.0116, 185.922
377, 102840254, 17.7452, 186.372
378, 102977510, 16.1257, 185.794
379, 870248118, 18.4936, 186.473
380, 870248123, 19.9926, 186.468
381, 102840153, 15.5001, 186.39
382, 102840181, 13.95, 186.609
383, 870248049, 19.8844, 187.167
384, 870256308, 20.7687, 186.893
385, 870256320, 20.1896, 187.332
386, 870256123, 17.6395, 187.223
387, 870256265, 20.6104, 187.459
388, 870256117, 19.3136, 187.762
389, 102840166, 11.491, 188.11
390, 102840174, 15.0302, 188.374
391, 870263933, 20.4991, 188.096
392, 870256266, 19.6095, 188.216
393, 870256263, 20.0399, 188.404
394, 870248147, 16.9811, 189.0
395, 870248051, 20.7113, 189.232
396, 102840151, 16.2686, 189.213
397, 870256115, 17.6314, 189.238
398, 102840328, 16.1577, 189.397
399, 870248150, 17.9568, 190.176
400, 102840161, 16.2855, 190.266
401, 870239516, 19.8477, 190.419
402, 870256317, 19.3433, 190.283
403, 870256130, 19.0491, 190.211
404, 870256315, 19.4828, 190.755
405, 870263938, 17.1358, 191.886
406, 870248129, 19.2014, 192.232
407, 870263927, 19.3939, 191.961
408, 870256275, 20.6169, 191.858
409, 102977556, 16.9013, 192.072
410, 870256304, 18.2516, 192.572
411, 870263940, 19.7207, 193.258
412, 870239536, 19.1872, 193.149
413, 870239427, 19.3698, 193.343
414, 870248122, 19.6342, 193.797
415, 102840326, 14.8706, 193.718
416, 870239532, 19.8784, 194.25
417, 870239506, 18.9249, 194.526
418, 870239518, 18.8205, 194.882
419, 102840149, 18.3266, 195.298
420, 870263930, 18.564, 195.557
421, 870263935, 19.9642, 195.549
422, 870239519, 18.9411, 196.051
423, 102977466, 17.1173, 195.533
424, 102840310, 17.0707, 196.614
425, 102840329, 15.9747, 196.523
426, 870239512, 20.5534, 197.326
427, 870256318, 18.4175, 196.982
428, 870248159, 17.8694, 198.014
429, 870239520, 20.6597, 198.49
430, 102840144, 16.9819, 197.984
431, 870248161, 18.5299, 198.867
432, 102840321, 17.5138, 198.815
433, 870239508, 19.5733, 199.198
434, 870256131, 19.5871, 198.72
435, 870239426, 14.755, 199.296
436, 870256129, 18.3679, 199.018
437, 102977481, 16.78, 199.365
438, 870239533, 19.3787, 199.919
439, 102977459, 14.5202, 200.226
440, 102840143, 11.7206, 199.27
441, 870248152, 18.7545, 200.538
442, 102840140, 15.8583, 200.192
443, 870239431, 14.5202, 200.226
444, 870256309, 18.7236, 200.308
445, 102840332, 17.0673, 200.569
446, 870248047, 18.1533, 200.928
447, 102840302, 17.1246, 201.097
448, 870248048, 19.428, 201.278
449, 102840172, 15.9105, 201.078
450, 870256310, 18.4219, 200.914
451, 870248042, 18.158, 201.654
452, 870256322, 19.4817, 201.199
453, 870239434, 19.3982, 201.322
454, 870256273, 18.2337, 201.406
455, 870256114, 19.0632, 201.414
456, 102840147, 16.967, 202.18
457, 870263937, 16.622, 202.407
458, 102840141, 13.8116, 202.654
459, 870256137, 19.4508, 202.245
460, 102840240, 15.3937, 203.064
461, 870256112, 19.2266, 202.51
462, 870248160, 18.7354, 203.028
463, 504997604, 18.325, 203.239
464, 102840139, 16.9178, 203.083
465, 870248050, 20.7859, 203.67
466, 870263941, 20.4379, 203.606
467, 870239483, 20.1725, 203.983
468, 870256261, 18.6792, 203.576
469, 102840260, 18.0968, 204.354
470, 102977526, 14.2102, 204.099
471, 102977607, 16.2774, 204.295
472, 102977493, 18.7427, 204.664
473, 102840324, 16.5097, 205.166
474, 102840297, 16.4721, 205.352
475, 102840290, 13.1669, 203.829
476, 870256111, 18.2081, 205.071
477, 870239478, 18.1566, 205.723
478, 102840335, 17.9362, 205.748
479, 102840340, 16.3473, 206.152
480, 102840269, 15.9692, 206.533
481, 870256133, 20.1198, 206.199
482, 870239510, 20.1351, 206.58
483, 102977594, 16.3706, 206.134
484, 870239479, 17.8632, 206.576
485, 870239531, 18.1683, 206.915
486, 870239529, 18.1099, 207.449
487, 102840318, 16.0953, 207.818
488, 870256316, 18.135, 207.414
489, 102977448, 16.67, 207.568
490, 870256134, 20.5048, 207.466
491, 870256108, 19.6815, 207.58
492, 102977547, 16.1877, 208.201
493, 102840134, 17.506, 208.454
494, 870256132, 19.7011, 208.17
495, 102840296, 17.2515, 209.293
496, 870248044, 18.8968, 209.384
497, 102840315, 16.9249, 209.879
498, 870248041, 19.8169, 209.961
499, 870256267, 20.1741, 209.28
500, 870256312, 18.8571, 209.664
501, 870256107, 19.7224, 209.929
502, 102977492, 17.3419, 209.861
503, 102840145, 15.2216, 210.226
504, 870256314, 20.0209, 210.15
505, 870239507, 16.7962, 210.632
506, 102840333, 18.4427, 210.651
507, 102840157, 14.3398, 210.617
508, 870248156, 18.8795, 211.086
509, 102840150, 16.898, 211.306
510, 870248031, 19.6344, 212.023
511, 870248157, 20.352, 212.341
512, 102840337, 13.9046, 212.519
513, 870248158, 19.0605, 212.998
514, 102840330, 16.1969, 212.911
515, 102977601, 17.2629, 212.181
516, 870239505, 18.6959, 213.129
517, 102977437, 10.554, 212.989
518, 870256264, 19.8852, 212.434
519, 870263936, 19.7583, 213.342
520, 870248013, 19.0466, 213.743
521, 102977445, 18.3893, 213.841
522, 870239439, 20.5846, 214.188
523, 870256136, 18.4144, 214.202
524, 102840135, 17.1128, 214.399
525, 102840210, 16.036, 214.876
526, 102840129, 14.5909, 216.116
527, 102840274, 15.9514, 216.643
528, 102840146, 17.1281, 216.368
529, 870256262, 19.0482, 216.103
530, 102840131, 16.2539, 216.535
531, 870248043, 18.9331, 217.344
532, 870239482, 19.6847, 217.124
533, 102840164, 16.1239, 217.274
534, 870248149, 20.1572, 217.758
535, 102840331, 17.5386, 218.116
536, 870239430, 18.1225, 217.773
537, 102977573, 15.3564, 218.266
538, 102840276, 14.2563, 219.061
539, 870256319, 20.1381, 218.752
540, 870256311, 19.8045, 218.798
541, 102977452, 16.1358, 218.883
542, 870248007, 20.0129, 219.398
543, 102977618, 15.6588, 218.979
544, 870256138, 18.4377, 219.103
545, 870239503, 17.7087, 219.775
546, 102840262, 14.4255, 220.019
547, 870239509, 19.8312, 220.109
548, 102977543, 16.8934, 219.515
549, 870256135, 18.2494, 220.427
550, 102840125, 16.6036, 220.541
551, 102977595, 15.7237, 220.439
552, 870256104, 19.5132, 220.801
553, 870239429, 19.9747, 220.935
554, 870239475, 18.4322, 221.407
555, 102840343, 17.2673, 221.245
556, 102840345, 17.8175, 221.852
557, 102977438, 17.4234, 222.15
558, 870256333, 19.9906, 222.054
559, 102977567, 14.6272, 222.102
560, 102977591, 17.6311, 222.373
561, 870256332, 18.4024, 222.63
562, 102840162, 16.4299, 223.177
563, 870239476, 19.411, 224.132
564, 870248153, 19.0294, 224.12
565, 870239502, 19.3823, 224.493
566, 870248151, 18.1803, 224.661
567, 870256343, 20.4139, 224.255
568, 870248089, 17.6143, 224.926
569, 870256328, 19.8214, 224.539
570, 870239530, 18.3371, 225.016
571, 102840351, 16.831, 225.185
572, 870248094, 17.928, 226.318
573, 870239481, 19.0762, 226.311
574, 870248155, 18.8418, 226.649
575, 102840133, 15.4635, 226.622
576, 102977442, 17.3402, 226.434
577, 870256109, 20.0962, 226.499
578, 102840267, 14.1394, 226.972
579, 870248181, 18.8964, 226.957
580, 102840342, 14.4855, 227.392
581, 870256128, 19.8596, 227.694
582, 870248012, 20.7092, 229.08
583, 870256331, 19.3091, 228.564
584, 870248162, 19.1132, 228.968
585, 102840354, 18.5199, 229.442
586, 102840347, 17.6509, 229.93
587, 870256106, 18.9005, 230.019
588, 870256105, 19.4926, 230.418
589, 870256321, 20.4967, 230.394
590, 870263931, 19.3084, 230.906
591, 102840127, 18.6868, 231.076
592, 102840178, 18.2345, 231.4
593, 870263942, 18.7514, 231.373
594, 870263948, 18.4458, 231.776
595, 870239511, 20.7274, 232.124
596, 102840208, 18.4125, 232.679
597, 870248092, 19.2055, 232.618
598, 870239471, 20.1473, 232.571
599, 102840187, 16.7338, 232.629
600, 870239417, 18.8282, 232.567
601, 870239408, 19.0842, 232.844
602, 102840353, 16.9287, 233.207
603, 102840282, 14.0506, 233.368
604, 504997603, 20.4178, 233.232
605, 870248093, 19.6751, 233.672
606, 102977600, 18.0881, 233.013
607, 870239421, 17.912, 233.514
608, 870248091, 18.4474, 233.661
609, 102977583, 16.4324, 233.255
610, 870248154, 18.4915, 233.977
611, 870263939, 18.1948, 234.538
612, 102840357, 16.1332, 235.098
613, 102977606, 18.0061, 234.84
614, 870256196, 20.5473, 235.263
615, 870248022, 18.9392, 236.671
616, 102840336, 17.1723, 236.602
617, 102840176, 17.3544, 237.038
618, 102840349, 16.3115, 237.323
619, 870248045, 20.5903, 238.282
620, 102977524, 17.0546, 237.795
621, 870248026, 19.4397, 238.707
622, 870248165, 20.1063, 238.409
623, 870248088, 18.6075, 239.049
624, 102977433, 15.3516, 238.979
625, 870256384, 19.751, 239.022
626, 102977464, 11.2993, 239.026
627, 102977487, 15.4235, 239.912
628, 102840244, 16.3361, 240.466
629, 102977501, 16.8953, 239.771
630, 870248090, 18.578, 240.541
631, 870263949, 19.7514, 240.173
632, 870248163, 18.1197, 240.475
633, 870248166, 19.3035, 240.492
634, 102977570, 15.6847, 240.556
635, 870239474, 18.2202, 241.366
636, 870239468, 19.3663, 241.539
637, 870239420, 20.1074, 241.454
638, 102840116, 16.1635, 242.111
639, 504997600, 18.6815, 241.976
640, 102840130, 17.9259, 242.822
641, 870248084, 18.752, 243.661
642, 102977555, 11.1274, 243.259
643, 102840311, 16.9492, 244.119
644, 870239414, 19.8572, 243.747
645, 870248010, 19.8684, 244.17
646, 870256113, 18.9868, 243.791
647, 102840201, 15.3761, 244.674
648, 870248182, 20.5875, 244.657
649, 102977586, 17.3453, 244.224
650, 870248086, 19.8867, 245.026
651, 870239428, 19.5559, 244.549
652, 870248024, 18.8664, 245.136
653, 870239504, 20.2109, 245.535
654, 870256341, 18.5449, 245.132
655, 870239492, 19.9502, 245.816
656, 102977631, 17.158, 245.335
657, 870256183, 19.3222, 245.347
658, 102840360, 16.1364, 245.815
659, 102840280, 16.819, 246.234
660, 870263934, 19.9086, 246.117
661, 870256195, 19.5605, 245.928
662, 102977471, 15.5368, 246.315
663, 870256126, 18.297, 246.451
664, 870248008, 19.5757, 247.319
665, 870256323, 18.4492, 246.728
666, 870248011, 20.6816, 247.221
667, 102977621, 14.5257, 246.965
668, 102977582, 16.5187, 247.168
669, 870239424, 19.433, 247.26
670, 102977497, 17.6519, 247.347
671, 870239477, 19.8779, 248.089
672, 102840350, 17.6545, 248.354
673, 870248164, 19.3032, 248.297
674, 102840242, 18.1148, 248.94
675, 870256326, 19.1605, 248.434
676, 870248025, 19.5564, 249.736
677, 870256110, 18.5387, 249.471
678, 102840363, 17.0111, 249.94
679, 102840278, 17.7933, 250.434
680, 870256340, 17.44, 250.005
681, 870256125, 20.2731, 250.231
682, 102840138, 17.1023, 250.434
683, 870248009, 19.7675, 250.768
684, 870256124, 19.8018, 250.546
685, 870248083, 18.9273, 251.51
686, 870248185, 19.4854, 251.301
687, 102977565, 15.4713, 251.193
688, 102840183, 15.8002, 251.613
689, 870248027, 20.6128, 252.052
690, 102977592, 17.5075, 251.557
691, 102840171, 14.4311, 252.219
692, 870239501, 19.3787, 252.397
693, 102840114, 17.222, 252.608
694, 102840295, 17.075, 253.241
695, 870248178, 19.9715, 253.527
696, 870263974, 17.1229, 253.612
697, 870263959, 20.0471, 253.524
698, 102840126, 17.1229, 253.612
699, 102840111, 16.8773, 253.624
700, 870263970, 17.8525, 254.04
701, 870248028, 20.0218, 254.839
702, 870248029, 20.5978, 254.753
703, 870256074, 18.3067, 254.786
704, 102840365, 17.7035, 254.985
705, 870248006, 19.5251, 255.391
706, 870239413, 18.3776, 255.433
707, 870239493, 19.8535, 255.579
708, 102977616, 17.733, 255.803
709, 102840346, 16.5565, 256.516
710, 102840355, 17.4787, 256.658
711, 870248085, 19.7567, 256.743
712, 102840115, 16.2294, 256.398
713, 870256338, 19.1157, 256.216
714, 870256181, 18.1854, 256.408
715, 870256339, 18.8238, 256.762
716, 870248065, 18.8171, 257.834
717, 102840112, 17.4184, 257.501
718, 870239409, 19.7538, 257.671
719, 102840317, 17.5366, 258.077
720, 870248173, 20.5873, 257.9
721, 870248063, 17.6939, 258.315
722, 870239411, 20.0071, 258.262
723, 870248097, 19.4625, 258.515
724, 870248171, 18.9939, 258.568
725, 870248098, 19.3974, 259.192
726, 870248100, 19.8858, 259.374
727, 870256327, 19.875, 259.049
728, 870256103, 18.3027, 259.073
729, 870248001, 19.2916, 259.878
730, 102977641, 15.5208, 259.374
731, 102977457, 13.498, 259.786
732, 870256089, 19.4244, 259.749
733, 870256388, 19.9991, 259.923
734, 102977632, 17.3295, 259.957
735, 102840137, 15.5576, 260.92
736, 870248087, 19.0864, 260.763
737, 870256127, 19.9554, 260.401
738, 870248014, 20.5861, 261.068
739, 870248101, 20.5507, 261.098
740, 870256334, 18.6215, 260.843
741, 870263946, 19.5779, 261.427
742, 870248068, 20.3623, 261.886
743, 102977410, 14.3332, 262.012
744, 102840334, 17.4818, 262.609
745, 870248176, 18.4554, 262.48
746, 870256387, 20.6289, 262.237
747, 102977523, 13.4325, 262.036
748, 870248069, 18.5807, 262.92
749, 870248167, 18.0137, 262.969
750, 870248168, 18.5892, 263.266
751, 870239467, 19.4678, 263.091
752, 870256186, 19.5649, 263.015
753, 870256090, 17.886, 263.101
754, 102840366, 9.4604, 263.655
755, 870248066, 19.6605, 264.024
756, 870248023, 18.9321, 264.077
757, 102840299, 17.479, 264.218
758, 870239469, 19.55, 263.994
759, 870256342, 19.5579, 263.719
760, 102977475, 15.7072, 263.979
761, 102977538, 13.8933, 264.08
762, 870256336, 20.3294, 264.332
763, 870248062, 18.5179, 265.055
764, 870248018, 19.327, 265.287
765, 870256396, 19.2051, 264.788
766, 102977456, 14.9939, 264.9
767, 102977409, 16.9688, 265.505
768, 870256344, 19.4049, 265.182
769, 870256075, 19.386, 265.664
770, 870256386, 19.2394, 265.932
771, 870256389, 20.0846, 265.886
772, 870239473, 17.827, 266.238
773, 870239418, 18.9791, 266.207
774, 870256324, 19.8635, 266.457
775, 870256091, 19.2758, 266.668
776, 870256330, 19.2249, 266.737
777, 870256205, 20.039, 266.767
778, 870248186, 20.7295, 267.534
779, 870248180, 18.6553, 267.913
780, 870263958, 19.3431, 267.986
781, 870256337, 19.3663, 267.761
782, 870239496, 19.5738, 268.433
783, 870248169, 18.7395, 269.036
784, 870263973, 20.0083, 268.847
785, 102977619, 18.0031, 268.688
786, 102977490, 15.5028, 268.703
787, 870256385, 19.577, 268.818
788, 870248016, 19.846, 269.547
789, 870248021, 18.8204, 269.969
790, 870256184, 19.7435, 269.436
791, 870263947, 18.7936, 270.117
792, 870256325, 18.6171, 270.449
793, 870248188, 19.0499, 270.652
794, 870248175, 19.4016, 270.898
795, 870248197, 19.6439, 271.195
796, 870256202, 20.301, 270.84
797, 870263943, 18.4476, 271.137
798, 870239425, 20.2851, 271.189
799, 870248020, 20.7703, 271.637
800, 870239472, 19.6268, 271.656
801, 870248058, 20.303, 271.946
802, 870256349, 18.4113, 271.294
803, 870239407, 18.0468, 272.272
804, 870248174, 19.6839, 272.502
805, 870256345, 18.1046, 272.195
806, 870248000, 19.2947, 273.091
807, 870256347, 18.2136, 272.64
808, 870256093, 18.3971, 272.647
809, 870263951, 19.6137, 273.051
810, 870256397, 19.534, 272.995
811, 102977579, 14.9025, 273.012
812, 102977530, 15.8491, 273.63
813, 870248184, 19.8655, 274.045
814, 870263954, 18.246, 274.209
815, 870256329, 20.1482, 274.163
816, 870239462, 17.7915, 274.509
817, 870248187, 19.7604, 274.467
818, 102840155, 17.3964, 274.864
819, 870239491, 18.9873, 275.091
820, 102977412, 16.0522, 274.572
821, 870256188, 20.0358, 274.64
822, 870256096, 20.0403, 274.94
823, 870248002, 19.8277, 275.551
824, 102840368, 15.4619, 275.218
825, 870256197, 19.7197, 274.95
826, 870256100, 20.191, 274.933
827, 102840289, 17.8225, 275.827
828, 870256200, 19.6522, 275.273
829, 102977655, 17.2267, 275.487
830, 870248172, 17.8694, 275.844
831, 102977472, 14.8103, 275.492
832, 870256099, 19.5348, 276.11
833, 870256094, 19.7907, 276.225
834, 870239422, 19.1116, 276.418
835, 102840369, 17.4042, 276.641
836, 870263972, 20.6195, 276.551
837, 870256203, 19.9681, 276.579
838, 102977533, 15.8489, 276.675
839, 870248179, 18.3246, 277.432
840, 870256072, 19.9523, 277.372
841, 870248067, 19.9729, 277.672
842, 870256069, 18.36, 277.319
843, 870239423, 19.1778, 277.417
844, 870263971, 19.4929, 277.811
845, 870256076, 20.697, 277.795
846, 102977585, 15.2364, 277.317
847, 870248064, 17.7386, 278.277
848, 870247998, 19.7525, 278.311
849, 870239395, 18.829, 277.994
850, 870256095, 20.0922, 278.053
851, 870256185, 19.3941, 277.799
852, 870256198, 19.9274, 277.98
853, 870248015, 18.189, 278.827
854, 870239416, 19.7909, 278.365
855, 102840103, 17.3763, 278.907
856, 102977443, 16.3915, 278.944
857, 102840179, 16.3042, 279.684
858, 870256199, 18.5442, 279.158
859, 870248080, 18.8416, 280.348
860, 870248189, 18.843, 280.323
861, 870239406, 18.8378, 280.43
862, 870248005, 18.2921, 280.959
863, 870256350, 19.3473, 280.338
864, 870256070, 19.4617, 280.453
865, 870256190, 19.2633, 280.583
866, 102840211, 17.9132, 281.374
867, 870248004, 18.2047, 282.014
868, 870256395, 19.4145, 281.429
869, 870239466, 18.7474, 281.407
870, 870239464, 20.1449, 281.765
871, 102977633, 14.8817, 281.516
872, 870256391, 20.2386, 281.668
873, 870239403, 20.6586, 282.562
874, 870248192, 19.7914, 283.051
875, 102977427, 16.7545, 283.169
876, 870263955, 19.219, 283.193
877, 102840341, 16.8325, 283.704
878, 102840099, 17.8346, 283.377
879, 102840372, 16.389, 283.824
880, 102977512, 16.7402, 283.162
881, 870239410, 19.5296, 283.824
882, 102840370, 18.3484, 284.176
883, 870248196, 20.646, 284.637
884, 870256201, 20.6412, 284.758
885, 102977549, 18.2087, 284.704
886, 102840117, 17.1782, 285.408
887, 870256187, 19.5755, 285.128
888, 102977534, 16.938, 285.178
889, 870248183, 18.058, 285.789
890, 870256073, 20.549, 285.981
891, 504997605, 20.4516, 286.492
892, 102840373, 16.8138, 286.712
893, 870239398, 18.281, 286.561
894, 870256182, 18.8939, 287.349
895, 870256399, 18.0505, 287.759
896, 870256153, 17.5432, 287.601
897, 870256346, 17.7921, 287.69
898, 102840136, 17.0051, 288.228
899, 870248190, 18.2534, 288.448
900, 102977654, 17.1199, 288.118
901, 102840362, 15.0484, 288.621
902, 102977629, 16.123, 288.216
903, 102840291, 17.4989, 288.977
904, 102840339, 18.42, 288.885
905, 870248057, 20.0268, 289.265
906, 870239498, 19.7587, 289.603
907, 102977413, 17.4278, 289.852
908, 102840376, 17.1805, 290.319
909, 870239470, 19.4124, 290.511
910, 870256071, 19.6367, 290.7
911, 870256398, 19.6607, 290.599
912, 870256102, 20.724, 290.673
913, 870239344, 18.2323, 291.187
914, 870263944, 19.1967, 290.955
915, 102840095, 19.1491, 290.952
916, 870248003, 20.7459, 291.576
917, 870239495, 18.7576, 291.724
918, 870263945, 20.6075, 291.362
919, 870256088, 18.377, 291.286
920, 102977652, 15.6055, 291.35
921, 870248054, 18.434, 292.435
922, 102840105, 15.0356, 291.883
923, 870239458, 18.7151, 292.548
924, 870256092, 18.7132, 292.3
925, 870239497, 19.8784, 292.885
926, 870239465, 20.4948, 292.865
927, 102840285, 13.7878, 293.128
928, 102977404, 15.42, 292.886
929, 102977498, 18.5067, 292.835
930, 870248195, 20.177, 293.235
931, 102840128, 15.9583, 293.512
932, 102977557, 16.3877, 293.015
933, 870256068, 18.7969, 293.943
934, 102977396, 17.9798, 294.191
935, 870256348, 19.7418, 293.957
936, 102840300, 15.0855, 294.946
937, 870256204, 19.6065, 294.186
938, 870247999, 19.1347, 295.289
939, 870256191, 18.8023, 294.466
940, 870248019, 20.267, 295.386
941, 870239419, 20.1842, 295.084
942, 870256335, 17.9028, 294.793
943, 870256155, 18.951, 294.982
944, 870248095, 19.2409, 295.155
945, 102977560, 19.117, 295.09
946, 102840102, 16.2226, 295.575
947, 102977673, 18.0956, 295.542
948, 102840092, 16.6032, 295.799
949, 102977574, 16.9359, 295.945
950, 102840219, 16.4229, 296.502
951, 870248177, 17.961, 296.567
952, 870263957, 19.1939, 296.507
953, 870248193, 20.1926, 296.883
954, 870263953, 20.7607, 296.838
