# index, TIC ID, TMag, separation (arcsec)
0, 102840239, 9.36, 0.0
1, 102840237, 11.4114, 6.035
2, 870239615, 19.9965, 8.378
3, 870239607, 19.6073, 8.936
4, 870239614, 18.7963, 11.961
5, 870239609, 19.9136, 13.307
6, 870239604, 19.7893, 23.119
7, 870239605, 18.4117, 25.326
8, 870239613, 18.023, 27.145
9, 870239606, 19.5243, 27.151
10, 870239620, 19.3988, 34.731
11, 870239625, 19.8094, 34.45
12, 870239623, 15.5224, 37.949
13, 870239619, 17.8358, 38.061
14, 870239612, 18.7305, 38.759
15, 870239574, 18.0156, 38.665
16, 102840234, 14.9256, 40.207
17, 870239622, 14.9256, 40.207
18, 870239566, 19.2433, 40.374
19, 870239616, 20.3092, 40.37
20, 870239603, 18.8495, 42.966
21, 870239572, 18.8971, 44.67
22, 870256278, 19.3416, 45.064
23, 870239611, 20.6371, 45.715
24, 102840218, 16.9154, 47.581
25, 102840241, 17.3309, 50.938
26, 870256243, 18.2236, 50.475
27, 870256247, 19.7421, 50.916
28, 870239573, 18.6117, 52.342
29, 102840256, 16.4905, 54.791
30, 870256276, 18.9622, 56.22
31, 102840252, 14.7437, 57.32
32, 870239624, 18.8684, 58.495
33, 870239608, 19.7265, 58.979
34, 870239621, 20.4897, 59.095
35, 102840227, 18.1508, 59.358
36, 870239617, 18.568, 61.405
37, 870256248, 20.0968, 61.267
38, 870239610, 20.2282, 63.833
39, 870256249, 20.4271, 63.925
40, 870239601, 19.51, 66.233
41, 102840233, 17.4756, 66.887
42, 102840243, 18.498, 68.169
43, 870239570, 19.3905, 68.41
44, 870239589, 17.8268, 71.303
45, 870239590, 18.747, 71.692
46, 870239568, 20.7417, 71.633
47, 870239571, 18.4982, 72.674
48, 870239588, 18.3514, 72.968
49, 870239602, 19.9393, 73.346
50, 870239618, 19.1791, 73.591
51, 870256282, 20.1175, 73.471
52, 102840213, 18.44, 73.832
53, 870256279, 19.4504, 75.109
54, 870239592, 19.0139, 76.339
55, 870239575, 20.6111, 77.487
56, 870256246, 19.6097, 77.319
57, 102840206, 15.2909, 78.708
58, 102840204, 14.9497, 79.043
59, 870239564, 18.2779, 79.547
60, 870239565, 18.3772, 79.825
61, 870256284, 19.409, 80.116
62, 870239553, 16.1507, 80.985
63, 102840220, 18.0963, 80.926
64, 102840212, 15.7593, 81.238
65, 102840257, 13.835, 81.712
66, 870256245, 19.0699, 81.79
67, 870239591, 19.9346, 82.338
68, 102840225, 17.6068, 82.817
69, 102840200, 15.7287, 83.555
70, 870239567, 20.1207, 83.45
71, 102840255, 14.0569, 83.869
72, 102840198, 15.0195, 83.725
73, 870256281, 20.3241, 83.787
74, 870239552, 15.8018, 84.487
75, 102840231, 17.9325, 85.436
76, 870256292, 20.055, 85.685
77, 870239600, 18.561, 86.62
78, 102840194, 17.0276, 87.57
79, 102840197, 17.2115, 87.579
80, 102840251, 17.2479, 88.271
81, 870256277, 18.9251, 89.344
82, 870239569, 18.0027, 91.237
83, 870256293, 20.6595, 91.127
84, 102840268, 17.4977, 91.128
85, 102840226, 17.5727, 91.59
86, 102840275, 13.4884, 91.778
87, 870256283, 20.6348, 92.123
88, 102840195, 17.3316, 92.469
89, 870239587, 18.9039, 92.833
90, 102840264, 16.2677, 93.531
91, 870256280, 19.2534, 93.9
92, 102840207, 16.789, 94.235
93, 102840259, 16.64, 94.961
94, 870239596, 18.2524, 95.467
95, 870239560, 18.0524, 95.104
96, 870239562, 20.1006, 95.936
97, 870248138, 19.5805, 96.386
98, 102840193, 18.0141, 96.516
99, 870239581, 19.1088, 97.11
100, 102840215, 15.7536, 96.587
101, 870256244, 18.741, 96.808
102, 102977545, 17.5301, 97.177
103, 870256290, 19.5332, 97.635
104, 870239551, 18.3735, 98.1
105, 102840277, 17.0831, 99.574
106, 870239579, 19.1419, 100.621
107, 870248139, 20.1835, 100.922
108, 870256230, 19.6843, 101.067
109, 870239597, 19.7669, 101.793
110, 102840192, 16.53, 101.709
111, 870248131, 19.2735, 101.884
112, 870239548, 20.3808, 102.155
113, 870256234, 20.4138, 102.566
114, 102840199, 15.3557, 102.708
115, 870256287, 18.1233, 102.782
116, 102840245, 16.3712, 103.578
117, 870256252, 20.5759, 103.166
118, 870239595, 19.748, 104.47
119, 102840203, 15.9592, 104.139
120, 102977541, 16.5147, 104.221
121, 870256254, 20.3624, 104.456
122, 870256231, 19.0311, 104.621
123, 870256294, 19.3623, 105.383
124, 870256251, 20.3651, 105.136
125, 870239599, 20.4954, 106.585
126, 102977513, 12.7316, 106.523
127, 870248109, 19.8671, 107.162
128, 102840265, 15.0497, 106.813
129, 870239558, 20.3441, 106.853
130, 102840186, 17.4022, 107.399
131, 870256233, 19.8309, 108.043
132, 870239580, 18.9902, 108.641
133, 870239561, 19.3608, 108.575
134, 102840191, 15.9243, 109.033
135, 870248108, 19.2126, 109.591
136, 102977516, 18.6944, 109.473
137, 870248103, 20.3395, 110.209
138, 870239549, 20.8002, 110.126
139, 102840270, 17.5302, 110.484
140, 102977528, 16.1455, 110.908
141, 102840214, 16.9962, 111.673
142, 870239578, 18.3201, 111.763
143, 102840182, 15.7623, 111.959
144, 870248105, 19.6079, 113.144
145, 102840283, 15.2387, 113.196
146, 102840230, 17.5705, 113.447
147, 102840232, 15.5183, 113.451
148, 102840253, 16.7794, 114.355
149, 102840224, 17.0714, 114.462
150, 870248114, 16.1357, 114.887
151, 102840184, 16.9151, 114.675
152, 870248132, 19.0219, 115.268
153, 102840188, 15.1892, 115.171
154, 870248107, 19.0375, 116.166
155, 870256235, 20.8253, 115.597
156, 870256289, 19.5073, 116.581
157, 870239598, 20.0447, 117.632
158, 870256232, 19.9021, 117.407
159, 102840287, 19.501, 117.781
160, 102840180, 17.2833, 118.988
161, 870248113, 17.9817, 119.49
162, 870239545, 18.944, 119.382
163, 870256228, 19.6141, 119.307
164, 870256242, 20.1314, 119.396
165, 870256288, 18.4428, 119.814
166, 102840271, 16.9499, 119.926
167, 870239593, 19.012, 120.537
168, 870256250, 18.2565, 120.234
169, 870248115, 20.0341, 121.135
170, 870239559, 19.1248, 121.942
171, 870256253, 20.6793, 122.925
172, 102840288, 17.079, 123.498
173, 870239582, 19.6861, 123.569
174, 870239594, 18.399, 123.871
175, 870248134, 18.9049, 123.793
176, 102977535, 16.349, 123.407
177, 870239583, 19.7527, 123.916
178, 102840249, 16.4359, 124.952
179, 102840217, 18.013, 124.843
180, 870256296, 18.6255, 125.001
181, 870248133, 20.5981, 125.194
182, 870239547, 19.8159, 125.273
183, 102840189, 15.066, 125.258
184, 870256291, 19.4933, 126.33
185, 870256255, 20.5461, 126.173
186, 870248136, 19.9822, 127.734
187, 870239535, 18.8432, 127.514
188, 870248112, 18.7616, 128.128
189, 870256286, 18.1447, 128.561
190, 870239556, 18.0076, 128.589
191, 870248135, 19.2957, 129.35
192, 870248116, 20.2802, 130.058
193, 102977514, 15.782, 129.637
194, 870256240, 18.6971, 130.67
195, 870239584, 19.9691, 131.372
196, 102977559, 17.5274, 130.922
197, 870256285, 18.9412, 131.804
198, 870239524, 18.8757, 132.274
199, 102840286, 17.1572, 132.425
200, 870248102, 17.9332, 132.683
201, 870239550, 19.1911, 132.596
202, 870248111, 20.6999, 132.754
203, 870239523, 18.0212, 132.832
204, 870256241, 18.5569, 133.25
205, 870239586, 19.3975, 134.041
206, 870248104, 19.311, 134.388
207, 102840292, 15.5604, 134.888
208, 870256272, 20.5805, 135.069
209, 870239577, 17.907, 135.488
210, 870256229, 17.6526, 135.236
211, 870239563, 19.5366, 134.884
212, 102977504, 15.452, 135.148
213, 870239576, 17.9027, 135.943
214, 870239546, 18.7329, 135.859
215, 870248140, 17.7628, 138.21
216, 870256307, 19.9067, 138.031
217, 870256238, 17.7776, 138.142
218, 870239534, 18.6562, 138.993
219, 870256239, 18.9143, 138.8
220, 102840175, 17.2179, 139.26
221, 870239527, 20.6069, 139.829
222, 870263924, 18.4094, 139.858
223, 870256301, 20.0621, 140.281
224, 870248137, 20.037, 140.995
225, 870256236, 18.0826, 140.845
226, 102977491, 17.3195, 140.825
227, 870248036, 19.1171, 141.672
228, 102840222, 15.2125, 141.792
229, 870248106, 19.3041, 141.813
230, 102840216, 16.4889, 142.059
231, 870263923, 19.0479, 143.067
232, 870263925, 18.5586, 143.085
233, 870239538, 17.9752, 144.252
234, 870256118, 19.9401, 144.202
235, 870248033, 19.0247, 145.521
236, 870248130, 18.7697, 145.907
237, 102840304, 15.7928, 146.159
238, 870248037, 19.5282, 146.883
239, 870239540, 19.8808, 147.167
240, 870239528, 20.7505, 147.317
241, 102840177, 15.2599, 147.08
242, 102840258, 19.5834, 148.167
243, 102840168, 15.906, 147.979
244, 102840169, 16.916, 148.3
245, 870248110, 19.6876, 149.19
246, 870256306, 19.5758, 149.402
247, 870256270, 19.8593, 149.385
248, 870239585, 20.6798, 149.95
249, 870239557, 19.5361, 150.939
250, 870239514, 17.636, 151.471
251, 102840313, 17.3957, 151.624
252, 102977505, 17.7205, 151.443
253, 102840316, 17.4317, 151.971
254, 102840250, 16.2742, 152.209
255, 870248126, 19.299, 152.664
256, 102977476, 14.5978, 152.83
257, 870256237, 18.5539, 152.72
258, 870239544, 18.371, 153.081
259, 870239522, 19.0605, 154.07
260, 102840306, 17.7386, 154.066
261, 870256271, 20.6207, 154.535
262, 102840170, 15.1874, 155.15
263, 870248145, 19.9876, 155.419
264, 870256299, 18.544, 155.47
265, 870248038, 20.1989, 155.986
266, 870239436, 19.9111, 155.653
267, 870239525, 19.0242, 156.555
268, 870239542, 20.0752, 156.511
269, 870256256, 19.4899, 156.241
270, 102977572, 18.3469, 156.667
271, 870239555, 18.7056, 157.883
272, 102840209, 16.8457, 158.533
273, 870248121, 17.376, 158.77
274, 504997602, 19.7326, 158.649
275, 870248142, 18.9083, 158.923
276, 102840235, 17.2915, 159.687
277, 870248032, 18.7493, 159.77
278, 102840165, 17.8762, 159.483
279, 102840228, 14.8621, 159.842
280, 870256302, 20.2332, 159.807
281, 870256268, 19.1368, 159.718
282, 870256297, 19.4591, 160.177
283, 102977463, 16.4164, 160.45
284, 870239435, 17.7791, 160.489
285, 870248040, 20.6532, 161.068
286, 870256258, 21.0603, 160.496
287, 870239541, 20.0145, 161.105
288, 870263929, 19.1581, 161.693
289, 102977507, 16.7037, 161.666
290, 102840160, 15.4591, 162.841
291, 102840320, 18.3342, 163.285
292, 870239526, 19.5167, 163.421
293, 870263926, 19.1521, 163.211
294, 870256116, 18.6184, 163.183
295, 870248143, 19.2315, 163.684
296, 870256120, 20.2845, 163.621
297, 870239437, 19.2469, 163.774
298, 870239554, 18.881, 164.027
299, 870256257, 19.0335, 163.736
300, 870248034, 19.3853, 165.009
301, 102840159, 16.7348, 165.102
302, 870256298, 19.2783, 165.121
303, 870239539, 19.8573, 165.38
304, 102840248, 16.2739, 165.738
305, 102840314, 17.6238, 165.993
306, 870239515, 19.8625, 165.935
307, 102840293, 17.0931, 166.136
308, 870248127, 19.2673, 166.17
309, 870248035, 19.2635, 166.523
310, 870239537, 20.4415, 166.594
311, 870256269, 18.6478, 166.61
312, 870248039, 19.7498, 167.423
313, 870239433, 18.1569, 167.027
314, 870248146, 18.6801, 167.419
315, 870256300, 19.3543, 167.738
316, 870239441, 19.0208, 168.097
317, 870248144, 18.7317, 168.614
318, 102977589, 15.2062, 168.331
319, 102977502, 16.7468, 169.107
320, 870248141, 18.3304, 169.927
321, 870248117, 17.741, 170.19
322, 870248148, 19.2244, 170.72
323, 870256295, 19.5824, 170.683
324, 870256303, 19.2617, 170.812
325, 102840322, 16.6033, 171.032
326, 102977536, 15.8148, 171.392
327, 870248120, 18.9659, 172.556
328, 870256274, 19.1052, 172.263
329, 870256121, 19.4391, 172.322
330, 102840303, 13.6545, 173.089
331, 102840154, 16.714, 173.226
332, 870248125, 20.1241, 173.363
333, 870256122, 19.0459, 173.284
334, 102840202, 17.1181, 174.219
335, 102840301, 13.309, 174.237
336, 870239440, 20.4542, 174.646
337, 870239543, 20.5761, 176.169
338, 102840156, 16.0216, 175.848
339, 102840221, 15.8089, 176.69
340, 102840238, 17.6519, 176.689
341, 102977483, 13.8791, 176.646
342, 102977500, 17.3297, 176.439
343, 870256305, 19.7095, 177.107
344, 102840323, 17.6387, 177.305
345, 870248124, 20.5252, 178.362
346, 870256259, 20.3705, 177.988
347, 102840279, 16.6022, 179.147
348, 102840158, 16.6327, 178.804
349, 102840327, 16.8914, 179.103
350, 102977564, 17.8714, 178.632
351, 870239521, 20.4783, 179.482
352, 102840319, 18.3416, 179.881
353, 870248030, 19.085, 180.49
354, 870256119, 20.0703, 180.229
355, 870256313, 19.6813, 180.333
356, 870239517, 17.3774, 181.038
357, 102840205, 14.1056, 180.987
358, 870239480, 18.0974, 181.396
359, 102840294, 16.7388, 181.617
360, 102840263, 16.1434, 181.808
361, 870239438, 20.5414, 181.565
362, 870248119, 18.6482, 181.864
363, 102977451, 16.3908, 181.807
364, 870263928, 19.7463, 182.126
365, 102840307, 17.762, 182.552
366, 102977519, 15.3616, 182.32
367, 102840152, 17.1223, 183.045
368, 870248046, 18.304, 183.219
369, 870263932, 20.0197, 182.978
370, 870256260, 18.2582, 183.661
371, 870239484, 19.963, 184.004
372, 870248128, 19.5827, 184.493
373, 870239513, 17.9485, 184.689
374, 102977602, 17.547, 184.216
375, 870239432, 19.1499, 184.488
376, 102840236, 17.0116, 185.885
377, 102840254, 17.7452, 186.329
378, 102977510, 16.1257, 185.813
379, 870248118, 18.4936, 186.443
380, 870248123, 19.9926, 186.439
381, 102840153, 15.5001, 186.385
382, 102840181, 13.95, 186.584
383, 870248049, 19.8844, 187.132
384, 870256308, 20.7687, 186.913
385, 870256320, 20.1896, 187.35
386, 870256123, 17.6395, 187.259
387, 870256265, 20.6104, 187.481
388, 870256117, 19.3136, 187.789
389, 102840166, 11.491, 188.1
390, 102840174, 15.0302, 188.35
391, 870263933, 20.4991, 188.106
392, 870256266, 19.6095, 188.238
393, 870256263, 20.0399, 188.438
394, 870248147, 16.9811, 188.995
395, 870248051, 20.7113, 189.211
396, 102840151, 16.2686, 189.224
397, 870256115, 17.6314, 189.259
398, 102840328, 16.1577, 189.403
399, 870248150, 17.9568, 190.165
400, 102840161, 16.2855, 190.254
401, 870239516, 19.8477, 190.4
402, 870256317, 19.3433, 190.294
403, 870256130, 19.0491, 190.242
404, 870256315, 19.4828, 190.765
405, 870263938, 17.1358, 191.886
406, 870248129, 19.2014, 192.203
407, 870263927, 19.3939, 191.968
408, 870256275, 20.6169, 191.881
409, 102977556, 16.9013, 192.132
410, 870256304, 18.2516, 192.587
411, 870263940, 19.7207, 193.244
412, 870239536, 19.1872, 193.161
413, 870239427, 19.3698, 193.365
414, 870248122, 19.6342, 193.789
415, 102840326, 14.8706, 193.73
416, 870239532, 19.8784, 194.251
417, 870239506, 18.9249, 194.502
418, 870239518, 18.8205, 194.852
419, 102840149, 18.3266, 195.292
420, 870263930, 18.564, 195.551
421, 870263935, 19.9642, 195.547
422, 870239519, 18.9411, 196.023
423, 102977466, 17.1173, 195.593
424, 102840310, 17.0707, 196.578
425, 102840329, 15.9747, 196.524
426, 870239512, 20.5534, 197.298
427, 870256318, 18.4175, 196.996
428, 870248159, 17.8694, 197.998
429, 870239520, 20.6597, 198.457
430, 102840144, 16.9819, 197.998
431, 870248161, 18.5299, 198.845
432, 102840321, 17.5138, 198.827
433, 870239508, 19.5733, 199.182
434, 870256131, 19.5871, 198.749
435, 870239426, 14.755, 199.308
436, 870256129, 18.3679, 199.055
437, 102977481, 16.78, 199.375
438, 870239533, 19.3787, 199.906
439, 102977459, 14.5202, 200.238
440, 102840143, 11.7206, 199.33
441, 870248152, 18.7545, 200.513
442, 102840140, 15.8583, 200.202
443, 870239431, 14.5202, 200.238
444, 870256309, 18.7236, 200.325
445, 102840332, 17.0673, 200.563
446, 870248047, 18.1533, 200.902
447, 102840302, 17.1246, 201.071
448, 870248048, 19.428, 201.25
449, 102840172, 15.9105, 201.069
450, 870256310, 18.4219, 200.925
451, 870248042, 18.158, 201.622
452, 870256322, 19.4817, 201.209
453, 870239434, 19.3982, 201.341
454, 870256273, 18.2337, 201.429
455, 870256114, 19.0632, 201.453
456, 102840147, 16.967, 202.183
457, 870263937, 16.622, 202.398
458, 102840141, 13.8116, 202.645
459, 870256137, 19.4508, 202.282
460, 102840240, 15.3937, 203.031
461, 870256112, 19.2266, 202.535
462, 870248160, 18.7354, 203.009
463, 504997604, 18.325, 203.211
464, 102840139, 16.9178, 203.094
465, 870248050, 20.7859, 203.65
466, 870263941, 20.4379, 203.607
467, 870239483, 20.1725, 203.969
468, 870256261, 18.6792, 203.603
469, 102840260, 18.0968, 204.333
470, 102977526, 14.2102, 204.127
471, 102977607, 16.2774, 204.314
472, 102977493, 18.7427, 204.676
473, 102840324, 16.5097, 205.143
474, 102840297, 16.4721, 205.319
475, 102840290, 13.1669, 203.952
476, 870256111, 18.2081, 205.099
477, 870239478, 18.1566, 205.712
478, 102840335, 17.9362, 205.742
479, 102840340, 16.3473, 206.148
480, 102840269, 15.9692, 206.504
481, 870256133, 20.1198, 206.217
482, 870239510, 20.1351, 206.572
483, 102977594, 16.3706, 206.167
484, 870239479, 17.8632, 206.571
485, 870239531, 18.1683, 206.905
486, 870239529, 18.1099, 207.444
487, 102840318, 16.0953, 207.789
488, 870256316, 18.135, 207.421
489, 102977448, 16.67, 207.579
490, 870256134, 20.5048, 207.485
491, 870256108, 19.6815, 207.605
492, 102977547, 16.1877, 208.224
493, 102840134, 17.506, 208.469
494, 870256132, 19.7011, 208.212
495, 102840296, 17.2515, 209.255
496, 870248044, 18.8968, 209.358
497, 102840315, 16.9249, 209.855
498, 870248041, 19.8169, 209.933
499, 870256267, 20.1741, 209.312
500, 870256312, 18.8571, 209.693
501, 870256107, 19.7224, 209.939
502, 102977492, 17.3419, 209.888
503, 102840145, 15.2216, 210.236
504, 870256314, 20.0209, 210.171
505, 870239507, 16.7962, 210.619
506, 102840333, 18.4427, 210.645
507, 102840157, 14.3398, 210.611
508, 870248156, 18.8795, 211.061
509, 102840150, 16.898, 211.324
510, 870248031, 19.6344, 211.998
511, 870248157, 20.352, 212.328
512, 102840337, 13.9046, 212.504
513, 870248158, 19.0605, 212.947
514, 102840330, 16.1969, 212.873
515, 102977601, 17.2629, 212.214
516, 870239505, 18.6959, 213.105
517, 102977437, 10.554, 212.98
518, 870256264, 19.8852, 212.475
519, 870263936, 19.7583, 213.35
520, 870248013, 19.0466, 213.719
521, 102977445, 18.3893, 213.841
522, 870239439, 20.5846, 214.19
523, 870256136, 18.4144, 214.23
524, 102840135, 17.1128, 214.416
525, 102840210, 16.036, 214.852
526, 102840129, 14.5909, 216.123
527, 102840274, 15.9514, 216.609
528, 102840146, 17.1281, 216.364
529, 870256262, 19.0482, 216.127
530, 102840131, 16.2539, 216.543
531, 870248043, 18.9331, 217.311
532, 870239482, 19.6847, 217.113
533, 102840164, 16.1239, 217.261
534, 870248149, 20.1572, 217.749
535, 102840331, 17.5386, 218.091
536, 870239430, 18.1225, 217.787
537, 102977573, 15.3564, 218.297
538, 102840276, 14.2563, 219.027
539, 870256319, 20.1381, 218.768
540, 870256311, 19.8045, 218.816
541, 102977452, 16.1358, 218.902
542, 870248007, 20.0129, 219.371
543, 102977618, 15.6588, 219.015
544, 870256138, 18.4377, 219.134
545, 870239503, 17.7087, 219.753
546, 102840262, 14.4255, 219.987
547, 870239509, 19.8312, 220.086
548, 102977543, 16.8934, 219.55
549, 870256135, 18.2494, 220.452
550, 102840125, 16.6036, 220.561
551, 102977595, 15.7237, 220.478
552, 870256104, 19.5132, 220.825
553, 870239429, 19.9747, 220.95
554, 870239475, 18.4322, 221.383
555, 102840343, 17.2673, 221.245
556, 102840345, 17.8175, 221.827
557, 102977438, 17.4234, 222.161
558, 870256333, 19.9906, 222.081
559, 102977567, 14.6272, 222.145
560, 102977591, 17.6311, 222.408
561, 870256332, 18.4024, 222.654
562, 102840162, 16.4299, 223.161
563, 870239476, 19.411, 224.113
564, 870248153, 19.0294, 224.111
565, 870239502, 19.3823, 224.473
566, 870248151, 18.1803, 224.635
567, 870256343, 20.4139, 224.277
568, 870248089, 17.6143, 224.896
569, 870256328, 19.8214, 224.558
570, 870239530, 18.3371, 225.005
571, 102840351, 16.831, 225.174
572, 870248094, 17.928, 226.296
573, 870239481, 19.0762, 226.294
574, 870248155, 18.8418, 226.627
575, 102840133, 15.4635, 226.61
576, 102977442, 17.3402, 226.447
577, 870256109, 20.0962, 226.516
578, 102840267, 14.1394, 226.95
579, 870248181, 18.8964, 226.939
580, 102840342, 14.4855, 227.394
581, 870256128, 19.8596, 227.729
582, 870248012, 20.7092, 229.057
583, 870256331, 19.3091, 228.589
584, 870248162, 19.1132, 228.956
585, 102840354, 18.5199, 229.429
586, 102840347, 17.6509, 229.888
587, 870256106, 18.9005, 230.048
588, 870256105, 19.4926, 230.426
589, 870256321, 20.4967, 230.417
590, 870263931, 19.3084, 230.91
591, 102840127, 18.6868, 231.067
592, 102840178, 18.2345, 231.371
593, 870263942, 18.7514, 231.371
594, 870263948, 18.4458, 231.779
595, 870239511, 20.7274, 232.105
596, 102840208, 18.4125, 232.615
597, 870248092, 19.2055, 232.579
598, 870239471, 20.1473, 232.56
599, 102840187, 16.7338, 232.611
600, 870239417, 18.8282, 232.582
601, 870239408, 19.0842, 232.845
602, 102840353, 16.9287, 233.186
603, 102840282, 14.0506, 233.34
604, 504997603, 20.4178, 233.219
605, 870248093, 19.6751, 233.635
606, 102977600, 18.0881, 233.048
607, 870239421, 17.912, 233.52
608, 870248091, 18.4474, 233.647
609, 102977583, 16.4324, 233.282
610, 870248154, 18.4915, 233.945
611, 870263939, 18.1948, 234.529
612, 102840357, 16.1332, 235.087
613, 102977606, 18.0061, 234.868
614, 870256196, 20.5473, 235.296
615, 870248022, 18.9392, 236.622
616, 102840336, 17.1723, 236.576
617, 102840176, 17.3544, 237.014
618, 102840349, 16.3115, 237.328
619, 870248045, 20.5903, 238.261
620, 102977524, 17.0546, 237.838
621, 870248026, 19.4397, 238.671
622, 870248165, 20.1063, 238.392
623, 870248088, 18.6075, 239.032
624, 102977433, 15.3516, 239.006
625, 870256384, 19.751, 239.042
626, 102977464, 11.2993, 239.08
627, 102977487, 15.4235, 239.927
628, 102840244, 16.3361, 240.435
629, 102977501, 16.8953, 239.81
630, 870248090, 18.578, 240.516
631, 870263949, 19.7514, 240.189
632, 870248163, 18.1197, 240.46
633, 870248166, 19.3035, 240.49
634, 102977570, 15.6847, 240.591
635, 870239474, 18.2202, 241.351
636, 870239468, 19.3663, 241.53
637, 870239420, 20.1074, 241.459
638, 102840116, 16.1635, 242.111
639, 504997600, 18.6815, 241.989
640, 102840130, 17.9259, 242.814
641, 870248084, 18.752, 243.594
642, 102977555, 11.1274, 243.286
643, 102840311, 16.9492, 244.088
644, 870239414, 19.8572, 243.754
645, 870248010, 19.8684, 244.142
646, 870256113, 18.9868, 243.815
647, 102840201, 15.3761, 244.655
648, 870248182, 20.5875, 244.641
649, 102977586, 17.3453, 244.256
650, 870248086, 19.8867, 244.996
651, 870239428, 19.5559, 244.577
652, 870248024, 18.8664, 245.114
653, 870239504, 20.2109, 245.513
654, 870256341, 18.5449, 245.152
655, 870239492, 19.9502, 245.791
656, 102977631, 17.158, 245.359
657, 870256183, 19.3222, 245.376
658, 102840360, 16.1364, 245.818
659, 102840280, 16.819, 246.206
660, 870263934, 19.9086, 246.121
661, 870256195, 19.5605, 245.955
662, 102977471, 15.5368, 246.354
663, 870256126, 18.297, 246.487
664, 870248008, 19.5757, 247.281
665, 870256323, 18.4492, 246.746
666, 870248011, 20.6816, 247.198
667, 102977621, 14.5257, 246.991
668, 102977582, 16.5187, 247.203
669, 870239424, 19.433, 247.299
670, 102977497, 17.6519, 247.377
671, 870239477, 19.8779, 248.078
672, 102840350, 17.6545, 248.335
673, 870248164, 19.3032, 248.282
674, 102840242, 18.1148, 248.898
675, 870256326, 19.1605, 248.459
676, 870248025, 19.5564, 249.708
677, 870256110, 18.5387, 249.491
678, 102840363, 17.0111, 249.926
679, 102840278, 17.7933, 250.399
680, 870256340, 17.44, 250.025
681, 870256125, 20.2731, 250.246
682, 102840138, 17.1023, 250.426
683, 870248009, 19.7675, 250.743
684, 870256124, 19.8018, 250.56
685, 870248083, 18.9273, 251.479
686, 870248185, 19.4854, 251.286
687, 102977565, 15.4713, 251.214
688, 102840183, 15.8002, 251.596
689, 870248027, 20.6128, 252.03
690, 102977592, 17.5075, 251.592
691, 102840171, 14.4311, 252.206
692, 870239501, 19.3787, 252.38
693, 102840114, 17.222, 252.626
694, 102840295, 17.075, 253.204
695, 870248178, 19.9715, 253.513
696, 870263974, 17.1229, 253.599
697, 870263959, 20.0471, 253.525
698, 102840126, 17.1229, 253.599
699, 102840111, 16.8773, 253.645
700, 870263970, 17.8525, 254.034
701, 870248028, 20.0218, 254.806
702, 870248029, 20.5978, 254.73
703, 870256074, 18.3067, 254.797
704, 102840365, 17.7035, 254.976
705, 870248006, 19.5251, 255.36
706, 870239413, 18.3776, 255.406
707, 870239493, 19.8535, 255.558
708, 102977616, 17.733, 255.834
709, 102840346, 16.5565, 256.493
710, 102840355, 17.4787, 256.634
711, 870248085, 19.7567, 256.713
712, 102840115, 16.2294, 256.416
713, 870256338, 19.1157, 256.251
714, 870256181, 18.1854, 256.436
715, 870256339, 18.8238, 256.788
716, 870248065, 18.8171, 257.8
717, 102840112, 17.4184, 257.514
718, 870239409, 19.7538, 257.675
719, 102840317, 17.5366, 258.049
720, 870248173, 20.5873, 257.887
721, 870248063, 17.6939, 258.276
722, 870239411, 20.0071, 258.256
723, 870248097, 19.4625, 258.486
724, 870248171, 18.9939, 258.545
725, 870248098, 19.3974, 259.165
726, 870248100, 19.8858, 259.343
727, 870256327, 19.875, 259.064
728, 870256103, 18.3027, 259.094
729, 870248001, 19.2916, 259.85
730, 102977641, 15.5208, 259.395
731, 102977457, 13.498, 259.802
732, 870256089, 19.4244, 259.772
733, 870256388, 19.9991, 259.939
734, 102977632, 17.3295, 259.986
735, 102840137, 15.5576, 260.862
736, 870248087, 19.0864, 260.733
737, 870256127, 19.9554, 260.424
738, 870248014, 20.5861, 261.045
739, 870248101, 20.5507, 261.082
740, 870256334, 18.6215, 260.873
741, 870263946, 19.5779, 261.433
742, 870248068, 20.3623, 261.856
743, 102977410, 14.3332, 262.023
744, 102840334, 17.4818, 262.573
745, 870248176, 18.4554, 262.453
746, 870256387, 20.6289, 262.257
747, 102977523, 13.4325, 262.091
748, 870248069, 18.5807, 262.9
749, 870248167, 18.0137, 262.942
750, 870248168, 18.5892, 263.234
751, 870239467, 19.4678, 263.094
752, 870256186, 19.5649, 263.041
753, 870256090, 17.886, 263.131
754, 102840366, 9.4604, 263.647
755, 870248066, 19.6605, 264.0
756, 870248023, 18.9321, 264.054
757, 102840299, 17.479, 264.186
758, 870239469, 19.55, 263.983
759, 870256342, 19.5579, 263.739
760, 102977475, 15.7072, 264.011
761, 102977538, 13.8933, 264.116
762, 870256336, 20.3294, 264.351
763, 870248062, 18.5179, 265.031
764, 870248018, 19.327, 265.256
765, 870256396, 19.2051, 264.803
766, 102977456, 14.9939, 264.937
767, 102977409, 16.9688, 265.5
768, 870256344, 19.4049, 265.208
769, 870256075, 19.386, 265.68
770, 870256386, 19.2394, 265.946
771, 870256389, 20.0846, 265.906
772, 870239473, 17.827, 266.228
773, 870239418, 18.9791, 266.219
774, 870256324, 19.8635, 266.474
775, 870256091, 19.2758, 266.687
776, 870256330, 19.2249, 266.752
777, 870256205, 20.039, 266.793
778, 870248186, 20.7295, 267.533
779, 870248180, 18.6553, 267.887
780, 870263958, 19.3431, 267.979
781, 870256337, 19.3663, 267.79
782, 870239496, 19.5738, 268.412
783, 870248169, 18.7395, 269.011
784, 870263973, 20.0083, 268.851
785, 102977619, 18.0031, 268.706
786, 102977490, 15.5028, 268.732
787, 870256385, 19.577, 268.837
788, 870248016, 19.846, 269.513
789, 870248021, 18.8204, 269.935
790, 870256184, 19.7435, 269.462
791, 870263947, 18.7936, 270.129
792, 870256325, 18.6171, 270.456
793, 870248188, 19.0499, 270.641
794, 870248175, 19.4016, 270.877
795, 870248197, 19.6439, 271.181
796, 870256202, 20.301, 270.862
797, 870263943, 18.4476, 271.144
798, 870239425, 20.2851, 271.207
799, 870248020, 20.7703, 271.615
800, 870239472, 19.6268, 271.641
801, 870248058, 20.303, 271.924
802, 870256349, 18.4113, 271.325
803, 870239407, 18.0468, 272.277
804, 870248174, 19.6839, 272.486
805, 870256345, 18.1046, 272.222
806, 870248000, 19.2947, 273.06
807, 870256347, 18.2136, 272.66
808, 870256093, 18.3971, 272.681
809, 870263951, 19.6137, 273.061
810, 870256397, 19.534, 273.013
811, 102977579, 14.9025, 273.064
812, 102977530, 15.8491, 273.661
813, 870248184, 19.8655, 274.051
814, 870263954, 18.246, 274.214
815, 870256329, 20.1482, 274.178
816, 870239462, 17.7915, 274.504
817, 870248187, 19.7604, 274.472
818, 102840155, 17.3964, 274.85
819, 870239491, 18.9873, 275.07
820, 102977412, 16.0522, 274.602
821, 870256188, 20.0358, 274.67
822, 870256096, 20.0403, 274.962
823, 870248002, 19.8277, 275.524
824, 102840368, 15.4619, 275.226
825, 870256197, 19.7197, 274.979
826, 870256100, 20.191, 274.974
827, 102840289, 17.8225, 275.799
828, 870256200, 19.6522, 275.303
829, 102977655, 17.2267, 275.502
830, 870248172, 17.8694, 275.823
831, 102977472, 14.8103, 275.533
832, 870256099, 19.5348, 276.138
833, 870256094, 19.7907, 276.253
834, 870239422, 19.1116, 276.431
835, 102840369, 17.4042, 276.631
836, 870263972, 20.6195, 276.553
837, 870256203, 19.9681, 276.608
838, 102977533, 15.8489, 276.708
839, 870248179, 18.3246, 277.415
840, 870256072, 19.9523, 277.379
841, 870248067, 19.9729, 277.658
842, 870256069, 18.36, 277.346
843, 870239423, 19.1778, 277.439
844, 870263971, 19.4929, 277.796
845, 870256076, 20.697, 277.803
846, 102977585, 15.2364, 277.363
847, 870248064, 17.7386, 278.244
848, 870247998, 19.7525, 278.289
849, 870239395, 18.829, 278.01
850, 870256095, 20.0922, 278.076
851, 870256185, 19.3941, 277.84
852, 870256198, 19.9274, 278.003
853, 870248015, 18.189, 278.799
854, 870239416, 19.7909, 278.382
855, 102840103, 17.3763, 278.914
856, 102977443, 16.3915, 278.971
857, 102840179, 16.3042, 279.66
858, 870256199, 18.5442, 279.189
859, 870248080, 18.8416, 280.322
860, 870248189, 18.843, 280.318
861, 870239406, 18.8378, 280.436
862, 870248005, 18.2921, 280.93
863, 870256350, 19.3473, 280.366
864, 870256070, 19.4617, 280.484
865, 870256190, 19.2633, 280.616
866, 102840211, 17.9132, 281.347
867, 870248004, 18.2047, 281.98
868, 870256395, 19.4145, 281.45
869, 870239466, 18.7474, 281.439
870, 870239464, 20.1449, 281.763
871, 102977633, 14.8817, 281.546
872, 870256391, 20.2386, 281.688
873, 870239403, 20.6586, 282.556
874, 870248192, 19.7914, 283.044
875, 102977427, 16.7545, 283.173
876, 870263955, 19.219, 283.199
877, 102840341, 16.8325, 283.676
878, 102840099, 17.8346, 283.389
879, 102840372, 16.389, 283.813
880, 102977512, 16.7402, 283.218
881, 870239410, 19.5296, 283.839
882, 102840370, 18.3484, 284.16
883, 870248196, 20.646, 284.633
884, 870256201, 20.6412, 284.781
885, 102977549, 18.2087, 284.741
886, 102840117, 17.1782, 285.396
887, 870256187, 19.5755, 285.16
888, 102977534, 16.938, 285.212
889, 870248183, 18.058, 285.772
890, 870256073, 20.549, 285.987
891, 504997605, 20.4516, 286.476
892, 102840373, 16.8138, 286.704
893, 870239398, 18.281, 286.577
894, 870256182, 18.8939, 287.378
895, 870256399, 18.0505, 287.772
896, 870256153, 17.5432, 287.628
897, 870256346, 17.7921, 287.713
898, 102840136, 17.0051, 288.216
899, 870248190, 18.2534, 288.431
900, 102977654, 17.1199, 288.136
901, 102840362, 15.0484, 288.599
902, 102977629, 16.123, 288.231
903, 102840291, 17.4989, 288.943
904, 102840339, 18.42, 288.86
905, 870248057, 20.0268, 289.238
906, 870239498, 19.7587, 289.583
907, 102977413, 17.4278, 289.847
908, 102840376, 17.1805, 290.32
909, 870239470, 19.4124, 290.507
910, 870256071, 19.6367, 290.71
911, 870256398, 19.6607, 290.616
912, 870256102, 20.724, 290.69
913, 870239344, 18.2323, 291.18
914, 870263944, 19.1967, 290.969
915, 102840095, 19.1491, 290.982
916, 870248003, 20.7459, 291.554
917, 870239495, 18.7576, 291.701
918, 870263945, 20.6075, 291.37
919, 870256088, 18.377, 291.316
920, 102977652, 15.6055, 291.372
921, 870248054, 18.434, 292.388
922, 102840105, 15.0356, 291.883
923, 870239458, 18.7151, 292.521
924, 870256092, 18.7132, 292.333
925, 870239497, 19.8784, 292.864
926, 870239465, 20.4948, 292.851
927, 102840285, 13.7878, 293.102
928, 102977404, 15.42, 292.898
929, 102977498, 18.5067, 292.858
930, 870248195, 20.177, 293.224
931, 102840128, 15.9583, 293.49
932, 102977557, 16.3877, 293.047
933, 870256068, 18.7969, 293.962
934, 102977396, 17.9798, 294.193
935, 870256348, 19.7418, 293.978
936, 102840300, 15.0855, 294.909
937, 870256204, 19.6065, 294.235
938, 870247999, 19.1347, 295.253
939, 870256191, 18.8023, 294.498
940, 870248019, 20.267, 295.359
941, 870239419, 20.1842, 295.096
942, 870256335, 17.9028, 294.82
943, 870256155, 18.951, 295.008
944, 870248095, 19.2409, 295.172
945, 102977560, 19.117, 295.111
946, 102840102, 16.2226, 295.563
947, 102977673, 18.0956, 295.565
948, 102840092, 16.6032, 295.805
949, 102977574, 16.9359, 295.975
950, 102840219, 16.4229, 296.487
951, 870248177, 17.961, 296.55
952, 870263957, 19.1939, 296.52
953, 870248193, 20.1926, 296.869
954, 870263953, 20.7607, 296.848
