-0.26940759021658744 1.0005457315012931 0.0008689746009263908
-0.26921665992721266 0.9997029105825205 0.0008772661340117868
-0.26801868864754363 0.9994040393747567 0.0008687923429584758
-0.2678277713957754 0.9995844534341164 0.0008773367642043159
-0.26662978707804574 0.9997948919148324 0.0008690217107645573
-0.2664388830976215 1.0008040610385651 0.0008777884666548844
-0.265240885507637 1.0007053099782532 0.0008694703580014246
-0.2650499945670951 1.0014961385705095 0.0008777565483919907
-0.2638519839385932 1.0006013921405699 0.0008689924064111787
-0.2636611062693966 1.0008147089042463 0.0008775278566073595
-0.2624630823695494 0.998281628850901 0.0008685045520470224
-0.26227221773795933 1.0001897340981492 0.0008775608809995066
-0.26107418056676546 1.0009103084024278 0.0008693031529700391
-0.2608833294389 1.0015912601774746 0.0008775824235707678
-0.25968527899635807 1.004150975440797 0.0008702252773805044
-0.2594944411407461 0.999573048001084 0.0008774156981527727
-0.25829637742685885 1.0000926068065168 0.0008686677046582117
-0.2581055526102197 0.9996120756846893 0.0008772908530411002
-0.25690747585781504 0.9996153241050848 0.0008695241183368533
-0.2567166643120685 1.0010983340265454 0.0008773916330314782
-0.25551857428786173 0.9998961891897786 0.00086950079300628
-0.25532777578153937 0.9993820579175602 0.0008774361725083049
-0.25412967271836384 0.9995016321056904 0.0008685825529053305
-0.25393888748293275 1.0000893829075568 0.0008771680084928064
-0.25274077114932003 1.0006885425424419 0.0008691345678860695
-0.2525499991838707 1.0003123728862242 0.0008770955281366213
-0.2513518695798208 1.0007930634716562 0.000869135956494706
-0.25116111065334434 1.002246706247121 0.0008779401048975895
-0.24996296800941342 0.9993388914758238 0.0008691840185804032
-0.24977222235564586 1.0007034019172052 0.0008776640052459875
-0.2485740664403696 1.0024206319695514 0.0008694178823158837
-0.24838333405749466 0.9994053605622063 0.0008769099459605992
-0.2471851648713258 0.9989762273800181 0.0008685520304649823
-0.2469944455260574 1.0012215533009587 0.0008778957102556312
-0.24579626353420314 1.0015054784542101 0.0008691760274343713
-0.2456055572279062 1.000154572178295 0.0008772960494332134
-0.24440736196470392 1.000370305790107 0.0008690129941524878
-0.2442166686966953 1.0001498043426575 0.000877551436678914
-0.2430184603947506 0.9996591238481723 0.0008687336929199309
-0.24282778039831773 0.9999410076817532 0.0008773298744220392
-0.24162955882525272 0.9988468833969683 0.0008696077692125019
-0.24143889210061928 1.0003854124371903 0.0008771175287496643
-0.24024065725529942 0.9999548282143211 0.0008694081818387551
-0.2400500038029235 0.999814803493278 0.000877227012852298
-0.2388517556858002 1.000101308790385 0.0008694175131910005
-0.23866111527103082 1.0010008033359477 0.0008778171097634157
-0.23746285411675638 1.0003374197555392 0.0008694648673225831
-0.2372722269728796 0.998324450298143 0.0008768676628225254
-0.2360739525472585 0.9999398096554848 0.0008691132721013284
-0.23588333867518116 0.9998506769351995 0.000876845137081523
-0.23468505097684977 0.9998406392927007 0.0008694201482955974
-0.2344944501437439 0.998488099586526 0.0008769939967794727
-0.23329614940780596 0.9989729241494294 0.0008686307051980623
-0.2331055618455927 1.00081886612248 0.0008773747073791564
-0.2319072480715928 0.9990214823335813 0.0008687243690567969
-0.23171667354789424 0.9994127405797153 0.000877083575883243
-0.2305183465016395 1.0003787932966222 0.0008697004449413275
-0.23032778501645698 1.0000357539044455 0.0008774790267596522
-0.2291294449321416 0.9999581620280951 0.0008689433082294575
-0.22893889671739762 0.9996177311260777 0.0008776148960980985
-0.2277405433621883 1.001252786436626 0.0008697506364394987
-0.2275500084199255 1.0008210227590988 0.0008773206598522016
-0.22635164179268907 0.9991082646145191 0.0008688723783817047
-0.22616112012245612 1.0006830328374203 0.0008778622307586098
-0.22496274022273577 1.0010710183507103 0.0008692958909050397
-0.22477223159101886 0.9992613696631798 0.0008773591538056893
-0.2235738388865226 0.9993360378961437 0.0008686050985778098
-0.22338334329286766 0.9988418980476977 0.0008768293685059377
-0.2221849373177065 0.9992168653083431 0.0008693768319422694
-0.22199445499426104 0.9994766089552011 0.0008774500556121607
-0.2207960357475255 1.001239267125364 0.0008693133446984972
-0.22060556669610984 0.9996657527755213 0.0008773937267460112
-0.2194071341771181 0.9996276003455544 0.0008698496995173467
-0.21921667839841139 0.9992165430449022 0.0008768808528538583
-0.2180182326080743 0.9998692282044126 0.0008696209505334822
-0.21782778986788495 1.0001781800581595 0.0008774169623013009
-0.21662933127186113 0.999906123814761 0.000869276304259839
-0.21643890156927834 1.0001930801274186 0.0008772083139185504
-0.21524042970190782 1.002098524559854 0.000869784112527598
-0.2150500132702163 0.9992337523679304 0.0008769194032398127
-0.2138515281324086 0.9987811324864104 0.0008691277254718634
-0.2136611249720651 0.9985983328504177 0.0008764041924746445
-0.2124626265624553 0.999617153433555 0.0008691133927058938
-0.21227223667436665 1.0011369753095543 0.0008778033022285145
-0.21107372522578804 1.0007425548416506 0.0008692730078789313
-0.2108833481433848 1.0009553335383456 0.0008773165222678236
-0.20968482365583474 0.998896225924755 0.0008690231160775083
-0.209494459845689 0.9989755491777516 0.0008767601165040159
-0.20829592208679093 0.9996350890762348 0.0008691459610613459
-0.20810557154799056 1.0000193095155625 0.0008776110104198676
-0.20690702075057776 1.0005125511858268 0.0008692264662359961
-0.20671668324892853 1.000072592096902 0.0008773777692573781
-0.20551811918016905 0.9988252326601414 0.0008686282313813325
-0.2053277949503219 0.9993764483926113 0.0008769273033189968
-0.2041292176099887 0.9983292906247507 0.0008683617048208092
-0.20393890665262612 0.9992393684123446 0.0008768212061718978
-0.20274031604117193 0.9994073380525748 0.000869209392452808
-0.20255001812164428 0.9990345688483893 0.000876927200047461
-0.20135141470495876 1.0012870428664196 0.0008692964319773525
-0.20116112982303766 1.0001772577264163 0.0008771520517142264
-0.19996251313500546 0.9989791625413333 0.0008687231061359508
-0.1997722415248838 1.0018666366269176 0.0008787811658670968
-0.19857361156550757 0.9989406979197837 0.0008691447230821572
-0.19838335322627718 1.0004918469161639 0.0008773965970386191
-0.1971847102283849 1.0004644679624402 0.0008694705220768621
-0.19699446492812597 1.000273458612504 0.0008772945007774021
-0.19579580865888568 0.9990856339375199 0.0008688783892727079
-0.19560557663043018 1.001321036717001 0.0008775480858534693
-0.19440690732176302 1.0008429640932825 0.0008689205281383751
-0.19421668833273173 1.0010066895684073 0.0008775655618129448
-0.1930180057527192 1.0011628290288432 0.0008697865860828196
-0.19282780003458053 0.9998390737322437 0.0008769841915459173
-0.1916291041836754 1.000286675901418 0.0008688921339670646
-0.1914389117359739 0.9999921324072938 0.0008774708078038891
-0.19024020284609866 1.0000976494676226 0.0008695933472350685
-0.19005002320499206 1.0000727151614808 0.0008770957863635112
-0.18885130127568994 1.001476264828223 0.0008694823817757122
-0.18866113490638545 0.9999839663830484 0.0008768860408067472
-0.18746239993970448 1.001262623853981 0.0008698059914065272
-0.18727224660823158 0.9998328074466908 0.0008768888879530047
-0.18607349837088838 1.0006629131000808 0.0008696712207179599
-0.1858833583105358 1.000650991764078 0.0008773829676605745
-0.18468459680093507 0.9996159002397002 0.0008693673647839777
-0.18449447001192917 0.9990309879988427 0.0008768571365607447
-0.1832956954642665 1.002661783579415 0.0008705258766882269
-0.18310558171286714 1.0010379799077513 0.0008773582271009318
-0.1819067938943132 1.0009700788618314 0.0008696480832432231
-0.18171669341517135 0.9996699094772339 0.0008775629685260355
-0.18051789255764594 1.0031702229756134 0.0008700550671202244
-0.18032780511769925 0.9989010605201075 0.0008773166375700218
-0.17912899098769264 0.999658576798818 0.0008691785512856756
-0.1789389168193217 1.00028966500302 0.0008773610370516704
-0.17774008965147947 0.9992198605871911 0.0008694023634338713
-0.17755002852162324 0.9999933245965017 0.0008773039971712679
-0.17635118808243566 0.998412717906259 0.0008689510733372915
-0.17616114022347204 1.000052926362979 0.0008770354764725628
-0.1749622867448576 1.0011472518358473 0.00086975633451399
-0.17477225192441 1.0002009769194815 0.0008773177018237105
-0.1735733851744502 0.998961908424024 0.0008687326578293554
-0.17338336362671422 1.0003835960135576 0.0008778519183309723
-0.17218448383846408 1.0003803480029225 0.0008695925933180546
-0.17199447532901577 0.9999054123787839 0.0008769822615317628
-0.1707955822696473 1.0007076945914213 0.0008699222826436873
-0.17060558703040915 0.9994905866710724 0.0008777127315828039
-0.16940668093252464 0.998178042702072 0.0008686966833105624
-0.16921669873134979 0.9994022585792791 0.0008774055544975497
-0.16801777936348083 1.00122842227919 0.0008700002550767654
-0.16782781043319592 1.0000654420851256 0.0008773143283478544
-0.1666288780268136 1.0004896728158141 0.0008695963644051322
-0.16643892213550013 0.9999861725614269 0.0008771718484347042
-0.1652399766892355 0.9988740106235738 0.0008690819372217107
-0.1650500338368935 0.9994852868691292 0.0008768398807821637
-0.1638510751192822 1.000758522980969 0.0008694642300102011
-0.1636611455394241 1.0002171849563537 0.0008777615905894009
-0.16246217378306904 1.0020121204129446 0.000869898276438954
-0.16227225724195468 1.0007343975681082 0.0008773022627321306
-0.16107327221402523 0.9992367207199624 0.0008689741621521078
-0.16088336894289265 0.9998198282390359 0.0008770249054344106
-0.1596843708764485 1.0009774581355282 0.0008694596266817219
-0.15949448064428604 0.9996673717757234 0.0008772225002774385
-0.15829546953887041 0.9986684597780905 0.0008692582818700519
-0.15810559234658758 0.9993220512327821 0.0008769309792168323
-0.1569065679698266 1.0003059821750628 0.0008694143788120726
-0.15671670404843638 1.00097898385219 0.0008777572222930464
-0.15551766663384115 1.0006603609488358 0.0008694608047119299
-0.1553278159826604 0.9996561114127503 0.0008774339583610222
-0.15412876506411555 0.9998579507521278 0.0008691246119538525
-0.1539389276845092 1.000135886052155 0.0008774218820587739
-0.15273986372790238 0.9995649162378816 0.0008693289278916767
-0.15255003938590259 0.9999926097402908 0.0008772810866320513
-0.1513509623912338 0.9995806584038589 0.0008688782623293434
-0.15116115108775138 0.9995786976064374 0.0008770970604704224
-0.14996206082082641 1.0013373446520042 0.0008694733582911196
-0.14977226279005293 0.999858275275663 0.0008770007112049725
-0.14857315948370375 1.0002249539363004 0.0008690397763703653
-0.14838337449235714 0.9998207293170025 0.0008774715686411234
-0.1471842581474906 0.9986497004414014 0.0008683294905082357
-0.14699448619420327 1.0001226519570139 0.0008770930963590844
-0.14579535657844678 0.9999477269197066 0.0008685550918554845
-0.14560559789559666 1.001143314713943 0.0008777753096422719
-0.1444064552408687 0.9993763689425892 0.0008690371501246786
-0.14421670959744545 1.0001420791302087 0.0008770457193387694
-0.14301755390329196 0.999226062011595 0.0008689142229470378
-0.14282782153166948 1.0003697372338745 0.000877217606278149
-0.1416286525670788 1.0005908885392536 0.0008697119267877538
-0.14143893323351828 1.000062814407265 0.0008772322599211303
-0.14023975099803498 1.0001543649153222 0.0008691190687628051
-0.14005004493581982 0.9981409679553269 0.0008766492910704601
-0.1388508496613664 0.9980157027323154 0.0008687128351213405
-0.1386611566372132 0.9997349195885008 0.0008771535045769876
-0.13746194832515324 1.000598960847628 0.0008687522246851135
-0.13727226833815384 1.002053762792364 0.0008773475381932418
-0.136073046988486 1.0007459149890532 0.0008694694044188251
-0.1358833800404554 1.0020106013961576 0.0008774449261121269
-0.13468414541807727 0.9990238821397428 0.0008689778402949844
-0.13449449197559024 0.9997185369547331 0.0008764939567014724
-0.1332952440809546 0.9997606687449233 0.0008690836436403202
-0.13310560367743637 1.0001352776284294 0.0008773784405920548
-0.13190634274474144 0.9996200341182664 0.0008692524168483463
-0.13171671537974058 0.999681414752106 0.0008768776253039402
-0.13051744140852828 0.9992479513826193 0.000868435259348018
-0.13032782708158938 0.9985103012566793 0.0008767194417038416
-0.1291285398381209 1.0002669651591398 0.000869909758308784
-0.12893893878252735 0.9997919039678527 0.0008766420017013281
-0.12773963850054282 0.9994489801634051 0.0008694839660981574
-0.12755005071765954 0.9983871502145063 0.0008771111426765119
-0.12635073716432965 0.9998008582758044 0.0008687914196127963
-0.12616116241996375 0.9996818426358757 0.0008768316967767542
-0.12496183582811649 0.9995492906452068 0.0008690056100846277
-0.12477227412135714 1.0005739772127709 0.0008777237711683893
-0.12357293449144924 1.0011707182208516 0.0008693306440134458
-0.1233833858222951 0.9997112859140658 0.0008768289643490543
-0.12218403315523607 1.0000135849342602 0.0008693765005431292
-0.12199449775697455 1.0002932997629648 0.0008770769322984059
-0.12079513158573685 0.9994809263676893 0.0008686414010689271
-0.12060560945927608 1.00069683346574 0.0008770358195991176
-0.1194062302481601 1.0017864415851951 0.0008695841246775838
-0.11921672116066946 1.0014634909072881 0.0008771169223167585
-0.11801732891103744 1.0008941490314318 0.0008691310913306985
-0.11782783286297369 1.0001171496058863 0.0008763682987192795
-0.11662842757482428 0.998522980310217 0.0008686448557332099
-0.11643894479833491 0.9992092185654101 0.0008770630277301146
-0.11523952623861111 1.0003414823216175 0.0008689696746295137
-0.11505005649949925 1.00160800271238 0.0008769718982555143
-0.11385062490103304 0.9997537254242219 0.0008686400504877773
-0.11366116820089263 1.0002692091899603 0.0008765829693465296
-0.11246172356436579 1.0000951946820604 0.0008682803758493653
-0.11227227990319685 0.9985823473163272 0.000876433298471483
-0.11107282222815262 1.0007103042728103 0.0008684346311241405
-0.11088339183787631 0.9990036263187562 0.0008763907790448112
-0.10968392089102996 1.0006328201628025 0.0008688635037305317
-0.10949450353926969 1.0005403882169084 0.0008767869249456509
-0.10829501932153074 0.9991714787590587 0.0008688086083954624
-0.1081056152411158 1.000522826153087 0.000876993262324145
-0.10690611798531757 0.9988784705350828 0.0008683901297041942
-0.10671672717533982 0.9993487779762233 0.000876320023125524
-0.10551721664865032 0.998048799725026 0.000868357106960119
-0.10532783887718863 1.0000541599554416 0.0008769401399167183
-0.10412831531107225 0.9997846112159339 0.0008681695754955964
-0.10393895057949286 1.0000070422427316 0.0008765448069921649
-0.10273941397394959 0.9998462804875181 0.0008686823362175963
-0.10255006251462503 0.9996247559817508 0.0008765680251972389
-0.10135051263773642 0.9990832070650906 0.0008688123159815782
-0.10116117421601842 0.9990514363291845 0.0008767688366096391
-0.09996161130152326 0.998951750500887 0.0008684259469810491
-0.09977228591786722 0.9992107805027636 0.0008762847617745772
-0.09857270996485601 1.0001824773314656 0.000869079955236371
-0.09838339785254667 0.9996787209267229 0.0008764669528781673
-0.09718380862773335 1.000049711088732 0.0008690831170621855
-0.09699450955394005 1.0025576945625554 0.0008777795925994882
-0.09579490729106477 0.9989252833113313 0.0008685320571291465
-0.09560562125578616 1.0016296597705394 0.0008766486222437892
-0.09440600595394211 0.9993690342492186 0.0008691378995561211
-0.09421673319092103 0.9997991254552875 0.0008763804847091947
-0.09301710461727486 0.9991077740756837 0.000868743384556686
-0.09282784489231441 1.0008988080331278 0.0008770595617766639
-0.0916282032810617 0.9992296685823046 0.0008683650992858914
-0.09143895682608302 0.9998009403715346 0.0008766037609013908
-0.09023930194439311 0.999116141857173 0.0008688971205569618
-0.09005006852838725 1.000545491052895 0.00087714085769199
-0.08885040060681637 1.0000738671421432 0.0008684676996362898
-0.08866118023068878 1.0003283121397517 0.0008766008533061894
-0.08746149950252435 0.999690070438613 0.0008687168793604809
-0.08727229216536822 1.001056540913234 0.0008773975988139687
-0.08607259816631119 0.9998482444162556 0.0008687969471522058
-0.08588340386766975 0.9997914610661532 0.0008761179891216187
-0.08468369683009802 0.9988475945999005 0.0008685953934414157
-0.08449451580189378 1.0000356042091239 0.0008765250917442993
-0.08329479549342944 0.999677068217691 0.0008687560327270398
-0.0831056275030608 1.0003079930407475 0.0008765291076879869
-0.08190589415630678 1.0000128821403647 0.0008687227770845078
-0.08171673920468055 1.0003298766265922 0.0008765151426050411
-0.08032785113981541 0.9995317127253145 0.000876094595318173
-0.07893896284211695 1.0014723270660653 0.0008770832082910695
-0.07773919014584829 0.998398559152699 0.0008681307946739428
-0.07755007477588825 1.001533899357799 0.000876720386318704
-0.07635028880963513 0.9994189610658615 0.0008685761991411771
-0.07616118647773436 0.9993753325469146 0.0008768837897498359
-0.07496138770534311 1.000270362471032 0.0008687738966773324
-0.07477229841286923 1.0001532718150843 0.0008770523148623715
-0.0735724863679934 1.000422700554964 0.000868536389288195
-0.07338341011426261 1.002068760388271 0.0008772243323202892
-0.07218358503109779 0.9998833003965073 0.0008684537427641751
-0.07199452204939479 1.0001044381395285 0.0008765451167377566
-0.07079468369488462 0.9984938199587744 0.0008681539292687555
-0.07060563375169901 1.0002661170883103 0.0008763942832887454
-0.06940578235867145 0.9997469120516825 0.0008686765341842813
-0.06921674568546762 1.0004896502055076 0.0008763507558385286
-0.06801688125483485 0.9991516913283176 0.0008684361751440466
-0.06782785738731642 0.9994686056655753 0.0008765366812752213
-0.06662797991771219 0.9999064731348158 0.0008686630776317524
-0.0664389693224486 0.9992884205131699 0.0008764049338861584
-0.06523907858104361 0.9976411695365884 0.0008684013678176392
-0.06505008102429741 0.9989819644696276 0.0008764104044829811
-0.06385017724392095 0.9994398801387034 0.0008683647372064127
-0.06366119295852143 1.0007980281068867 0.0008761484785125661
-0.062461275907253706 1.000920482961731 0.0008692126027450345
-0.06227230466037023 0.9999976946287451 0.0008760305209611295
-0.061072374803871184 0.9992921714567184 0.0008685553588808229
-0.06088341659459426 1.0002513828568935 0.0008762223254115279
-0.05968347346674852 0.998841705486745 0.0008684323960934082
-0.05949452829644306 0.998508568384713 0.0008754974687383118
-0.058294572129170434 0.9972004018857985 0.0008677700306406314
-0.05810564023157524 0.999463868790939 0.0008760458245154621
-0.05690567079318498 0.9991136776218887 0.000869218618966589
-0.05671675193387946 0.9987298481829565 0.0008764793668918629
-0.05551676969003017 0.9995268812168973 0.0008682907398378788
-0.05532786386810349 0.9992460317515387 0.000875978668045038
-0.05412786835290751 0.9975408907980662 0.0008683755794825338
-0.053938975802780245 0.998419164840421 0.0008758900380868126
-0.05273896701623892 0.9980526254925138 0.0008682982837640902
-0.05255008750417363 0.998577448140097 0.000876120369508947
-0.0513500659119469 0.99912594579579 0.0008685162296154443
-0.051161199438853076 0.9989069964528146 0.0008755110174528589
-0.04996116457527967 0.9974236306510552 0.0008682901202632902
-0.04977231114070188 0.9995563715111573 0.0008764538810340394
-0.048572263238157005 1.0002798843861496 0.0008688401923659481
-0.048383423075834056 0.9993161724908677 0.0008766273594928785
-0.047183362134319055 0.9982008924717738 0.0008677408046052028
-0.04699453477813828 1.0016156954165911 0.0008768346499042059
-0.04579446079810589 0.9999320132629091 0.0008690557746545097
-0.04560564671190689 1.0002824733152835 0.000876384863773249
-0.04440555946098323 0.998817789035706 0.0008684501828205289
-0.044216758646130915 0.9980077565252158 0.0008757003170051684
-0.04301665835623714 0.9987901611692257 0.0008683493253147184
-0.04282787034843514 0.9985496337909603 0.0008757306935851673
-0.04162775702025101 0.9981431594641815 0.0008684520840518305
-0.041438982283111894 0.9989180416368417 0.0008759065584030379
-0.04023885568426488 0.9985075173509802 0.0008680501645660098
-0.04005009421824676 0.9997088994611124 0.0008759543942523715
-0.03884995457997286 0.9986222077306909 0.0008686634779605546
-0.038661205919640146 1.0006512445810374 0.0008762921604257661
-0.03746105324330563 0.9995707351792839 0.0008694933248339108
-0.03727231785340875 0.9975339243613631 0.0008755389341344724
-0.03607215213901361 0.9983946673512367 0.0008687524696605277
-0.03588342978876999 0.9987179163834148 0.0008758456825811559
-0.034683250802345016 0.9992176769171288 0.0008683760882829718
-0.03449454149130057 1.000617026066479 0.0008759861085089268
-0.033294349465222355 0.9986351293484146 0.0008688451268451518
-0.0331056534255246 0.9982227222217985 0.0008760518695383696
-0.031905448361385765 0.9979088314539573 0.0008679331133201928
-0.03171676536020405 1.000340546134597 0.0008763086309397507
-0.030516547025172595 0.999068608353014 0.0008687526664474737
-0.030327877061597435 0.9984550952623684 0.0008762109776512175
-0.029127645920880577 0.9981837263337997 0.0008684541239028104
-0.028938988996274187 0.9998906471591686 0.0008762809298677225
-0.027738744583302496 0.9991260645663093 0.0008685268646127657
-0.027550100930498214 0.9988661315570329 0.0008757884116539363
-0.026349843479919973 0.998821362517676 0.0008688492420617026
-0.026161212632802442 0.9979241479618488 0.0008753082287432444
-0.024960942143934517 0.9985485314462791 0.0008685356308929411
-0.024772324567934614 0.9969079656065707 0.0008757496503999762
-0.02357204103987021 0.9972158934484501 0.0008682194592956195
-0.023383436501705917 1.0010654161777104 0.0008763768393527933
-0.022183139703201623 0.9965387963448269 0.0008684752829740606
-0.021994548203552025 0.9977508758493951 0.0008758836181667452
-0.020794238598909606 0.9976539597964401 0.0008686035831385748
-0.020605660138686897 0.9990512877233848 0.0008758846649113348
-0.019405337262242365 0.9985214196125278 0.0008682934028762701
-0.019216772073366344 1.0000798369547546 0.0008761173960034296
-0.018016436157950348 0.9984330260661125 0.0008686173528559357
-0.01782788400759037 0.9992345045865906 0.0008757648343038999
-0.01662753482128176 0.9984292862214702 0.000868341438343844
-0.016438995709891904 0.9999398184451685 0.0008763446579838349
-0.015238633717899238 0.9986926144539219 0.0008685042380160432
-0.01505010764457135 1.0006303562834709 0.0008765568480448428
-0.013849732380776577 0.9977648290680656 0.0008680607721267106
-0.013661219578339956 0.9985674366510299 0.0008756856815932391
-0.012460831276030485 0.9983158382726459 0.0008682572565504577
-0.012272331513474826 0.9971629124024456 0.000874980899624907
-0.011071929939817319 0.997302502755936 0.0008682699006556282
-0.010883443215776356 0.9994823029600843 0.0008758494492510251
-0.009683028836434796 0.9992113774143796 0.0008683116917159568
-0.009494555150000384 0.9972464197665736 0.0008755571753662446
-0.008294127732596853 1.000221882716008 0.0008688956395756853
-0.008105667084679831 0.9982755807385483 0.0008756279433360229
-0.006905226395929612 0.9987201593152218 0.0008689867659895757
-0.006716779018903859 0.998385067739625 0.0008753842634775336
-0.005516325291637595 0.9993008401585693 0.0008689529851052252
-0.005327890953583308 0.9984829341116963 0.0008755141033085925
-0.004127423954969008 0.998667284752176 0.0008685300532301496
-0.003939002655203055 0.9982347277165431 0.0008759881914375856
-0.0027385228506769904 0.9988918925193105 0.0008685401378701608
-0.0025501145905642867 0.9983217477241842 0.0008759745140648607
-0.001349621747294468 0.9984727426879788 0.0008685808822643579
-0.0011612265256964612 1.0003169182781904 0.0008759691591367022
3.9279588918698544e-05 0.9997624181263968 0.000868729430432169
0.0002276615405322378 0.9988016969066388 0.0008757215777541893
0.0014281806936647897 0.9987675427424426 0.0008681566301072544
0.0016165496063082106 0.9987905039810464 0.0008756490597598021
0.002817081798412228 0.9991629510961701 0.0008680520454847547
0.003005437671176036 0.9985037958827795 0.0008757289085174725
0.004205983134625394 0.9983566855257678 0.0008683271309378335
0.0043943259693272315 0.9982326411285368 0.000875533297279569
0.005594884238007917 1.0000412850900495 0.0008686543445886634
0.005783214034195057 0.9977575444469304 0.0008755471472337103
0.006983785341844514 0.9971944730464697 0.0008686334204371164
0.007172102099971029 0.9988857251926916 0.0008755517434175527
0.008372686678740138 0.9987947768771213 0.0008685325592848096
0.008560990166199729 0.9987273272678188 0.0008758568282086369
0.009761587782805118 0.9993353110668957 0.0008686174031884026
0.009949878231067555 0.9977284272770421 0.0008754452914049993
0.011150488886641715 0.9967575287852453 0.0008681592100767005
0.011338766295706322 0.9983443162747758 0.000875811662740049
0.012539389990933732 0.9983807733765775 0.0008685857358678974
0.012727654361255931 1.0008561877994642 0.0008761916548662919
0.013928291327146899 0.9982289900045189 0.0008688733322301047
0.014116542659407127 0.9988860206636746 0.0008756383965224596
0.015317192430529421 0.9992405842980239 0.0008689399669371852
0.0155054307251831 0.9991663807241072 0.0008756702893140434
0.01670609353527686 0.997483018916712 0.0008678964369805869
0.01689431879050365 0.9989977302847878 0.0008758424472571156
0.01809499464002295 0.9978691962970456 0.000868342279583242
0.018283206856279623 0.9997112518529533 0.0008755758840012676
0.019483895976236117 0.9982680043817456 0.0008684715142950235
0.01967209492114745 0.9983143392113634 0.0008748350933792678
0.02087279707961864 1.0001750763612562 0.0008688568524333141
0.02106098298601258 0.9998994908432786 0.0008756425217861362
0.022261698183456583 0.9982826861016358 0.0008683367534737279
0.022449871052243973 0.9990225700919952 0.0008752960449818294
0.0236505992877486 0.9979629589547319 0.000868386690684895
0.023838759117564525 1.0003190942444629 0.0008759218883819883
0.025039500391585198 0.999500014347522 0.0008688388194140929
0.025227647182432353 0.9971384323505795 0.0008750849414571218
0.026428401728253784 0.9994207935048289 0.0008685300833507603
0.026616535248208326 0.9999633175086705 0.0008756749930347306
0.027817302832545802 0.9986762938205261 0.0008680607722873149
0.028005423313528875 1.0004649784121373 0.0008762469465703601
0.029206203935928324 0.997870310712765 0.0008685117384919469
0.029394311378394006 0.9976358702310982 0.0008751422044328507
0.030595105039310847 1.000269728258329 0.0008686974664798124
0.030783199443717255 0.998590305564404 0.0008756562478107559
0.031984006144056935 0.9986971263055504 0.0008691067197095187
0.032172087509945956 0.9989476759580068 0.0008756143986188209
0.03337290724880438 0.9989346680233744 0.000867862574632175
0.03356097557481378 0.9996887518149068 0.0008759761867428953
0.0347618083521869 0.997497179205739 0.0008682490215136374
0.03494986363967891 0.9988272475423307 0.0008754989789271169
0.036150709455569426 1.000527156329862 0.0008691431433025244
0.036338751705454884 0.9999849316067428 0.0008762312322019127
0.03753961079223666 0.997691004074264 0.0008683551801721263
0.03772763977077813 0.9989939124414734 0.0008755486229099357
0.03892851189561918 0.998265268758271 0.0008684228045639964
0.0391165278365541 0.9987286426716944 0.0008754868091279504
0.040317412999684166 0.9984855937981915 0.0008680413985097926
0.040505415901874654 0.9986099293813693 0.0008757242201322163
0.04170631410420322 0.9996186836309239 0.0008688464506159295
0.04189430396765063 1.0001035934900555 0.0008768709505435795
0.043095215208495234 0.998224796350536 0.0008682973700999225
0.04328319203228939 0.9997427843202441 0.0008756594367239266
0.04448411631187776 0.9993130274021501 0.0008684399885181732
0.04467208009692816 0.9987379249487343 0.0008758001146828813
0.04587301741526028 0.9993384806329515 0.000868412431036186
0.046060968163159556 0.9988265033087288 0.00087570483331758
0.047261918520007724 0.9980572475010545 0.0008681787419171311
0.04744985622893553 0.9987322849323085 0.0008754757395920612
0.04865081962475381 0.9980290807920227 0.0008682516609954997
0.04883874429380066 0.9987884405296749 0.0008754770764854597
0.05003972072813633 0.9987634323217556 0.0008685558460200544
0.050227632359123905 0.9975442089560967 0.0008751032260453442
0.051428621831518855 0.9999934614877541 0.0008687158031168113
0.05161652042398904 0.9989113020595377 0.0008752875579801685
0.052817522935356805 0.9980692143948616 0.0008683008238639881
0.05300540848976501 0.998025033568883 0.0008756133288785157
0.05420642403873933 0.9985313032592563 0.0008684698571470457
0.0543942965559964 0.9989489935000397 0.0008761223892537498
0.055595325143031345 0.9972225965658975 0.0008681340601954774
0.055783184620861535 0.9991105865658966 0.0008754588492048836
0.056984226247550396 0.9994461302950871 0.0008683997894353422
0.05717207268572936 0.9986097006341934 0.0008754835846436948
0.05837312735161538 0.9987286616548622 0.0008687298086001748
0.05856096051821927 1.0001271305782993 0.0008758684378434245
0.0597620284549979 1.00049614090733 0.000868723079749352
0.059949848583768874 1.0010552173403147 0.0008761351354106419
0.061150929558380425 0.9993100400850881 0.0008686624175121815
0.06133873664931579 0.9985035803335617 0.0008753873068417958
0.06253983066221702 0.998754499235932 0.0008684584563013205
0.06272762471463904 0.9985653394222411 0.0008752690302960759
0.06392873176696445 0.9993139409608832 0.0008691355827750012
0.06411651278041501 1.0008052327810109 0.0008762848991518081
0.06531763287125647 0.998809396945646 0.0008686555540566431
0.06550540084528014 1.0001614747587886 0.000875945847926695
0.06670653397463899 0.9995799812293611 0.0008690513779951065
0.06689428891014797 0.9996483641062726 0.000875872914661442
0.06809543484564495 0.9986359950800291 0.0008687983117064311
0.06828317697637666 1.0000179786543126 0.0008760320504950115
0.06948433594902748 1.0004820097725537 0.0008690927272762139
0.06967206480886927 0.999463082975441 0.0008755812393249984
0.0708732370533195 0.9994006373223407 0.0008684174412003893
0.0710609528737344 0.9997447236977373 0.0008758782671845684
0.07226213815806692 1.0014659013385943 0.0008692374062388975
0.07244984093951037 0.9996594439995593 0.0008761320487294497
0.07365103926190353 0.9994273565708605 0.0008687233387269581
0.07383872900483092 0.9992012211633963 0.000875484436249781
0.07503994036528605 1.000174413129413 0.0008690874564486529
0.07522761706969874 0.9992359230149007 0.0008756893821906891
0.07642884146866857 0.9983095314307129 0.0008683431646756395
0.07661650490218866 1.0002308514604825 0.0008762932826170935
0.07781774233967587 0.9999298175650814 0.0008686035455497821
0.07800539296842005 1.0005670952696293 0.0008763564962008622
0.07920664344396788 0.9989831430185695 0.0008690022239811226
0.07939428103328518 0.9990022499591177 0.0008756128352334764
0.08059554454780449 0.9992277830820588 0.0008689711754855235
0.080783169098153 1.0007657295996606 0.0008762969503055354
0.0819844456520965 1.0009344033947103 0.0008689716612718845
0.08217205716392897 1.0003159070239471 0.0008762488707329395
0.08337334675593444 1.000056658552614 0.0008685231021683932
0.08356094499641889 1.000988803974854 0.000876142117149408
0.08476224762648632 0.9995081991088761 0.0008685097984631698
0.08494983306219486 0.9995566256030698 0.0008757721453240139
0.08615114873077834 1.0001900239954926 0.0008689967403782456
0.08633872112751541 1.0008230149337873 0.0008760353043976165
0.08754004983552444 1.0001488706530417 0.0008685274672362811
0.08772760919329138 1.0011497290968745 0.0008763062647090692
0.08892895093936237 1.0002992012738439 0.0008689665847729279
0.08911649702532856 0.9990369031852545 0.0008765673308763152
0.09031785180991425 0.998881970921397 0.0008689618341946473
0.0905053850901937 1.0002584173819393 0.0008762390921858607
0.09170675291329677 0.9995393113134997 0.0008682891557582553
0.0918942731564251 1.0000951713859798 0.0008760721489315512
0.09309565401713338 0.9994875521967125 0.0008690764350617955
0.09328316122174564 0.9993553544964969 0.0008760696455947665
0.0944845551214254 0.9993566729172522 0.0008690100116747128
0.09467204905378282 1.000216677756861 0.0008758339559739748
0.09587345599243269 0.9995177871896661 0.0008685666266637636
0.09606093711910338 1.00101619339174 0.0008756716672445443
0.0972623570967247 1.0001259191145782 0.000868880073596182
0.0974498251839712 0.9992611542261799 0.0008756989661894429
0.09865125820056131 1.0007450147407166 0.000869668229475977
0.09883871301600569 1.0001142578797249 0.0008759457739835099
0.10004015907111319 1.0004862805385837 0.0008689786165893372
0.10022760108223708 1.0011582865069337 0.0008764631422637964
0.1014290601754052 1.0006643765530427 0.0008690863905273852
0.10161648914801305 0.998955884149042 0.0008758606696969956
0.10281796128015264 0.9990747722215668 0.0008692334959533277
0.10300537721287818 0.9997824085523516 0.000875950719876092
0.1042068621511586 1.0002176859834322 0.0008689793758062991
0.10439426504537079 1.0010183199663205 0.000876412675820074
0.10559576325454112 0.9989756013311902 0.0008686661417513316
0.10578315311114676 0.9984518187299989 0.000875664148796368
0.10698466435792364 1.0005829349183664 0.0008689534089042701
0.10717204117646731 1.0001238817199931 0.0008760845439805682
0.10837356522893093 0.9999259731324485 0.0008688421259342245
0.10856092900918628 0.9998750934690291 0.0008762287897425348
0.10976246633322295 0.9993803632018654 0.0008689119071289469
0.1099498170747332 0.9998401770965898 0.0008760627725014672
0.11115136743705956 1.0000067920163065 0.0008692445579304476
0.11133870490677038 1.002135636651359 0.0008764045287435008
0.11254026830852093 1.0002430880765298 0.0008690318442028856
0.11272759297163551 0.9990473428632825 0.0008759921749985917
0.11392916941235887 0.9988305899136757 0.0008695093659197485
0.11411648103695606 1.0006128320632115 0.0008762021151558001
0.11531807028291075 1.000851798094775 0.0008686643802075513
0.11550536886990138 1.0001601675040936 0.0008762701951432706
0.11670697138720276 0.9995055105866852 0.0008683270141602784
0.11689425693522464 0.9997474989219826 0.0008760488084330472
0.11809587225911822 1.002653789034056 0.0008691688789140092
0.11828314500100061 0.9994664447960813 0.0008760210382013545
0.11948477336295615 0.998656884644499 0.0008685353812595099
0.11967203283349051 1.0001677383482053 0.0008762549985088931
0.12087367423350803 1.0008455342918676 0.0008689647559900652
0.12106092089835564 1.000802688966311 0.0008763465859409201
0.12226257533689056 0.9997483011219549 0.0008691397742444595
0.12244980873130097 0.9999592277035594 0.0008763160516976923
0.12365147620789652 1.0005534621296757 0.0008686959168864705
0.12383869679753237 0.9998857897945671 0.0008758721106524324
0.12504037731218853 0.9995173204491661 0.0008686418025928533
0.1252275846293405 0.9991937325972373 0.0008765318674568159
0.12642927841602647 1.0014345977983448 0.0008693163782118895
0.12661647269397927 0.9990432200357867 0.0008757723784491259
0.12781817928748784 0.9996867235875864 0.000868838117557376
0.12800536075975524 1.0007510705437643 0.0008761799868692304
0.1292070801584938 1.0000183547340793 0.0008692940497937417
0.1293942485917924 0.9987823115432193 0.0008761637098990776
0.13059598126187633 0.9991040590641642 0.0008688465899075001
0.13078313665711297 0.9982516139234979 0.0008756916992620072
0.1319848821333377 0.9987498094439745 0.0008687775021212953
0.1321720244905137 1.0010634214033824 0.0008764698557809233
0.13337378323808513 1.0012499725857067 0.000869552530810835
0.13356091255537886 1.0016942021709774 0.0008768462410120315
0.134762684108637 1.0001371928507148 0.0008692538248392365
0.13494980038741602 1.0039052128994939 0.0008769064901714279
0.13615158521201953 0.9989892151160019 0.0008689044090685463
0.136338688453192 0.9999767525562353 0.000876259117319596
0.1375404860830255 1.0010918549172747 0.0008688343917208909
0.13772757628659274 0.9993803662842959 0.0008759398378766682
0.13892938718709047 0.9998861640984453 0.0008696435682447422
0.1391164643519133 0.9990810706028191 0.0008757998626642849
0.1403182880583248 0.9999324722924816 0.0008694004344369434
0.1405053521839478 0.9993284473596852 0.0008760855957688548
0.14170718892933076 0.9993813351312362 0.0008693668818488973
0.14189424024927103 1.0010393384476066 0.0008764540594530979
0.14309609003362278 1.0004356937484205 0.0008693129365505333
0.14328312808130553 0.9986564190503804 0.0008755921089602722
0.14448499090463007 1.0000841597318333 0.0008687668360440873
0.14467201614617334 0.9988668386377624 0.0008756998084511723
0.14587389177518195 1.0005510982387744 0.0008696027233467768
0.14606090397957142 1.0008175923752418 0.0008764410244439614
0.14726279287947397 1.0018045917310885 0.0008691290544715084
0.1474497920453474 0.9989974427906366 0.0008762004033081288
0.14865169375138942 0.9988826967486386 0.0008684922608421182
0.14883867987738456 1.0007916612398042 0.0008764954506190795
0.1500405946219413 0.9989292363769707 0.0008693709768876233
0.15022756794270511 1.0007764602710565 0.0008769081545808653
0.15142949572532383 0.9999493938799497 0.0008689428266778537
0.15161645577565044 1.0000386858725034 0.0008763972239794291
0.15281839659633112 0.9986115059271482 0.0008692175435375209
0.153005343840971 1.0003171760707494 0.0008763910625449037
0.1542072974677925 1.00176856868967 0.0008694277549972646
0.15439423167391633 1.0013494123100164 0.0008765287992464261
0.1555961985716291 0.9997218664584658 0.0008688257905145674
0.1557831195064089 0.9987842908078913 0.0008758334357662956
0.1569850994426364 1.0020621179502378 0.000870139028887534
0.15717200757127406 0.999630548941208 0.0008758608868525733
0.15837400031409776 1.0013710220540224 0.0008695214899436129
0.15856089540331123 0.9998544968404177 0.0008762266136902438
0.15976290141793437 1.001098436467161 0.0008694238856237753
0.15994978346863178 1.0003547863008617 0.0008765587576475463
0.16115180228848625 1.0001775205141108 0.000869283123558987
0.1613386713015771 1.000260843762812 0.0008760995372474581
0.16254070315994762 0.999203297495928 0.0008689168248621374
0.16272755913406703 1.0001878834488391 0.0008760132278673059
0.1639296040318644 1.0008281235823628 0.0008692690541150028
0.164116447199843 0.9999506449300899 0.0008762486021465462
0.16531850513524693 1.0008631811396351 0.0008695599101249896
0.16550533503233292 1.000178524306755 0.0008764001002530216
0.1667074060057988 0.9990181846860775 0.0008693224537116107
0.16689422309720073 1.0006612835696485 0.0008760677658854393
0.16809630687680477 0.998487148722437 0.0008693322222195396
0.16828311093014606 1.0005654337239074 0.0008765075964770546
0.16948520774826614 0.998710033328461 0.0008686861756664083
0.1696719987635468 1.0001130149467035 0.000876375640127447
0.17087410861927343 1.0011849943164626 0.0008702253692101123
0.17106088682818557 1.0008977989798162 0.0008764393396847057
0.17226300972311004 0.9990309801401899 0.0008692848865368953
0.1724497746599937 0.9976817151624102 0.0008757106943897304
0.1736519105945714 1.000481322723011 0.0008694291982486267
0.17383866249293903 0.99976872649303 0.0008758882189797107
0.1750408114651233 0.9997023465500486 0.000869319497140041
0.17522755055780417 0.999811464923505 0.0008758626500509426
0.17642971233567517 0.9993171174307639 0.0008689825537811009
0.17661643839029675 1.0006652055985992 0.0008770143806527574
0.17781861320759196 0.9988725694697392 0.0008686780218478117
0.17800532622369483 1.0009743206369646 0.0008765785751952486
0.1792075140795074 0.9999098029256521 0.0008692628118930476
0.17939421428856264 1.0000370748536527 0.0008761637394966999
0.1805964149500593 0.9997395426586083 0.0008693099451863679
0.18078310212059714 1.000216905090403 0.0008762362354266333
0.18198531605344181 1.000290146114531 0.0008692364962528705
0.18217198995354247 0.9982915278305783 0.0008760878998515108
0.1833742169244491 0.9995917524212128 0.0008699420501042229
0.18356087801977386 1.0003005148686317 0.0008757486195023719
0.18476311779591048 1.0000404785434212 0.0008688321927927447
0.18494976585226378 0.9993546169089893 0.0008757234874534141
0.18615201866691644 0.9996851010153853 0.0008698822110235451
0.18633865368430094 0.9994309221909472 0.0008761701673623983
0.18754091953815077 1.0008027838105464 0.0008691949019859748
0.18772754151701992 1.0021873861605568 0.0008770437867921928
0.1889298204093851 1.0004460397429638 0.0008695712563504923
0.18911642958165867 1.0009394278251584 0.0008764443876957902
0.190318721279937 0.9997821609750508 0.000869098121397742
0.19050531741369317 1.0001515076561431 0.000876276904696946
0.19170762215048887 1.0007844759722564 0.0008696048577306413
0.1918942052470939 0.9991158701252909 0.0008764673462598041
0.19309652302240432 1.0007436909522052 0.0008693852837443287
0.19328309308003924 0.9998004578502969 0.0008756911458311604
0.1944854238943211 0.9984963038009999 0.0008687404534233619
0.1946719811449044 0.9995495988407936 0.0008762725703645275
0.195874324764873 0.9990489592533319 0.0008690779854120198
0.19606086897739697 0.9996481244209161 0.0008761711790358919
0.19726322563542487 0.9992797924829436 0.000869089307289554
0.1974497568103423 1.0020022857382616 0.000876453579318938
0.19865212650643083 1.0009717056020557 0.0008695199110749282
0.1988386446428322 0.9996326268373128 0.000876356670696358
0.2000410273778922 1.0002746431740142 0.0008696468943763308
0.20022753247577754 0.998684823614267 0.0008757892680531158
0.2014299282488995 0.9996159713703735 0.0008699118721508959
0.2016164205410981 0.9992450539321265 0.000875981873252172
0.20281882912036087 0.9997333487215702 0.0008695682227713158
0.20300530837313527 0.9992839582814808 0.0008760240716355814
0.20420772999136683 1.0016627119731238 0.0008699231229505221
0.20439419620516977 0.999665175471773 0.0008765633876455709
0.2055966308619187 0.9991314341089939 0.0008692442834601149
0.20578308403765969 1.0006239844608202 0.0008758615111745962
0.20698553173247058 1.0016232901056086 0.0008693754798370736
0.20717197187060502 1.000893589753981 0.0008768056018069834
0.20837443260347788 1.000361251044558 0.0008693815882674901
0.20856085993592824 0.9996481287829583 0.0008767701574334642
0.20976333347539333 0.9992131637660215 0.0008690405013988564
0.20994974776887357 1.0010969667076624 0.0008762878582693506
0.2111522343468547 1.0000976458526802 0.0008696102892841843
0.21133863560090807 0.9993190837376218 0.0008760369636696756
0.21254113521740658 0.999856868909328 0.0008690611905233983
0.21272752343294524 0.999817274638721 0.0008761814189509323
0.21393003585558323 0.998145414611994 0.000868286415779761
0.21411641126634332 0.9989125753750471 0.0008761053431281808
0.2153189367261351 1.0013214128190338 0.0008692035531955842
0.21550529909974406 1.0005440239198877 0.0008760653460309199
0.2167078375975965 1.0002844009336649 0.0008690746944500627
0.21689418693178122 0.9987493022375957 0.000876103054634841
0.21809673846951194 1.0003127624422319 0.0008692342401921673
0.21828307499664637 1.0000036952417326 0.0008766110071253201
0.21948563934051923 1.0010686555135782 0.0008695346094799663
0.21967196282913629 1.0005970703620424 0.0008763545888564428
0.2208745402110711 0.999256613005821 0.0008692538528925003
0.22106085066117345 1.0008865915014757 0.000876559059008368
0.222263441081623 0.9999234013793356 0.0008699362467184048
0.22244973849366337 1.0000216938433706 0.0008761292988302489
0.2236523417197983 0.9996012633436545 0.0008690551166805451
0.2238386263270641 0.9995447936624408 0.0008762501067914187
0.2250412425917151 1.0017646169240968 0.0008699442859670722
0.2252275141590986 1.000090824377835 0.0008762988996006826
0.22643014346317647 0.9988799964043528 0.000868962511819081
0.22661640199113578 1.0002934519219193 0.0008757626061520909
0.22781904433372835 1.000245039120129 0.0008690807532649183
0.2280052898240811 1.0006423348615952 0.0008764733133122678
0.2292079452047343 0.9998506920379339 0.0008694234784661859
0.22939417765748185 1.0001655597169965 0.0008767411194092605
0.23059684584245554 0.9998344838997 0.000869255501804793
0.23078306548997177 1.0002674681174786 0.0008761281553065722
0.23198574671391692 1.0003079017384588 0.0008692367674631126
0.23217195332200627 1.0005528199299332 0.0008767701586292533
0.2333746475858337 0.9995594894297132 0.0008690989730206199
0.23356084138778224 0.9992871061204699 0.0008762962588573876
0.23476354845683967 0.9999449300939991 0.0008686856634015
0.23494972921959306 0.9987499667750406 0.000876276875788832
0.2361524490945609 0.9982910525530989 0.0008686165742446929
0.23633861705140116 0.9989675611331463 0.0008760620952620925
0.23754134996511278 1.0002993038414354 0.0008688467041168463
0.23772750488479924 0.9999988080861344 0.000876045924437518
0.23893025083612007 0.9996101693763699 0.0008693709282635367
0.23911639271774457 0.9999371873671042 0.0008761183085512963
0.24031915170758145 0.9997775777381301 0.0008696748340147051
0.24050528054978174 1.0006859295877486 0.0008762444597479116
0.24170805234575676 0.9985672792322714 0.0008682176829053706
0.24189416838227165 1.0009130858152875 0.0008761054896588055
0.24309695321721814 0.9994768385744834 0.0008690389222929764
0.24328305621521698 1.0005734422686907 0.0008766591989150963
0.24448585408822543 0.9997945062607648 0.0008687601642445066
0.2446719440477069 1.0000611467045324 0.0008762694124397666
0.24587475472594666 1.0013224585404181 0.0008691392829023692
0.24606083188065223 1.0019160558928106 0.0008767964793292434
0.24726365559740804 0.9996720935912355 0.0008690843203291902
0.2474497197131448 0.9999450517228967 0.0008763122514216227
0.2486525564693235 1.0010956703024119 0.0008693716123485214
0.2488386075451793 1.0001512517602833 0.0008761037201273304
0.25004145710750014 1.0011909016118117 0.0008690295315901224
0.2502274953772165 0.9990516040846936 0.0008766814566913403
0.251430357978052 1.0007024418944785 0.0008692152014347194
0.25161638320993274 0.9992504839941354 0.0008763781647712936
0.25281925861577326 1.0007797780266847 0.0008697552125045608
0.25300527104265175 0.9989474357945965 0.0008758892259010651
0.2542081594867792 0.9996478980682787 0.0008690784969516185
0.25439415864231096 1.0004257394541285 0.0008765203138810907
0.2555970603582406 1.0017886605642898 0.0008696615247294302
0.2557830464752563 0.9994528704605113 0.0008764283053773937
0.25698596099641724 0.9991471848457923 0.0008686125069120999
0.2571719343072935 1.0006465975500567 0.0008764226947895978
0.2583748618678786 0.9990959347399458 0.000869157222072048
0.25856082213932796 0.9990345980972286 0.0008761323722960999
0.25976376250605393 1.0005266072546883 0.0008689836496560187
0.2599497099718179 1.000901127559546 0.000876283150624139
0.2611526633766058 0.9993402542077419 0.000868706208311456
0.2613385978052186 1.0003724362383202 0.0008769331293639099
0.26254156401523654 0.9990726059932502 0.0008689455578268097
0.26272748563816395 0.9999771169720796 0.0008764863227762226
0.2639304648871533 0.9996900971867142 0.000868984587583273
0.26411637347020117 1.0006749307042937 0.0008762634703641003
0.2653193657581593 1.0012871882868368 0.000869304976935592
0.2655052613026911 0.9993341848552649 0.000876094884211302
0.2667082663958805 1.0014537016409688 0.0008692305298881642
0.26689414913472553 0.9990183251923392 0.000875907490419985
0.2680971672664324 0.9989078830166005 0.0008688519619896506
0.26828303696721817 1.0003462164383088 0.0008760392498678597
0.2694860679048361 1.0009500851870383 0.0008690809285357389
0.26967192456778555 1.000483274184387 0.0008768139341392332
