# index, TIC ID, TMag, separation (arcsec)
0, 160390955, 12.0729, 0.0
1, 2004604110, 20.4095, 3.776
2, 2004604111, 17.8959, 5.731
3, 2004604113, 19.5076, 11.889
4, 2004604114, 19.6809, 15.463
5, 2004604109, 18.0857, 16.247
6, 160390947, 16.1663, 16.056
7, 160385514, 12.2899, 19.881
8, 160385499, 14.9959, 20.05
9, 160390941, 14.7165, 20.001
10, 2004604108, 18.54, 20.908
11, 2004604112, 20.1157, 21.108
12, 2004604119, 20.5999, 24.58
13, 160385497, 17.2497, 26.605
14, 160390966, 17.4882, 29.648
15, 160390972, 17.1662, 30.109
16, 160390968, 15.2525, 33.155
17, 160385530, 17.0476, 34.144
18, 2004604122, 20.6801, 38.389
19, 2004603153, 20.0966, 40.563
20, 160385492, 14.451, 41.67
21, 160385493, 16.937, 42.024
22, 2004603152, 20.6654, 44.025
23, 2004604115, 19.2594, 43.665
24, 160385507, 17.873, 44.437
25, 160390929, 17.8423, 45.614
26, 2004603151, 19.22, 47.298
27, 160390938, 18.3224, 49.149
28, 2004603149, 17.8628, 50.36
29, 2004604120, 19.504, 50.321
30, 160385504, 16.9908, 51.092
31, 2004603163, 19.3343, 51.52
32, 160390990, 14.6042, 50.334
33, 160390981, 19.1837, 50.803
34, 160385495, 18.0002, 53.591
35, 2004604116, 18.9965, 52.842
36, 160390957, 15.9799, 53.201
37, 160385524, 13.7992, 54.766
38, 160385482, 17.0594, 54.374
39, 2004603150, 19.8876, 56.568
40, 160385535, 16.0682, 58.375
41, 2004603166, 18.7338, 60.148
42, 2004603148, 19.0815, 60.148
43, 2004603976, 20.824, 59.623
44, 2004603967, 19.4634, 61.045
45, 2004603968, 19.8655, 61.066
46, 2004604118, 19.9016, 62.996
47, 2004603165, 20.7183, 64.021
48, 160385460, 17.2123, 64.362
49, 2004604132, 18.5193, 64.543
50, 160390933, 14.6017, 64.977
51, 2004603039, 19.3303, 65.595
52, 2004604123, 20.6596, 67.038
53, 2004604124, 19.2737, 67.931
54, 2004603966, 20.5284, 67.863
55, 2004603975, 20.5899, 67.893
56, 160390915, 15.2364, 68.318
57, 160385536, 15.2808, 69.976
58, 2004604133, 19.4547, 69.791
59, 2004604117, 20.1139, 69.976
60, 2004603147, 20.6356, 70.933
61, 2004603965, 18.6728, 71.081
62, 160385545, 17.7506, 72.381
63, 2004603974, 20.6013, 71.605
64, 2004604152, 19.6063, 73.169
65, 2004603154, 19.5498, 73.171
66, 160390977, 16.2302, 72.861
67, 2004603979, 18.1215, 73.115
68, 160385541, 17.266, 74.386
69, 2004604121, 19.3087, 74.511
70, 2004604125, 18.8949, 74.211
71, 160385465, 13.5733, 74.679
72, 160390906, 16.4383, 74.586
73, 2004603970, 18.3421, 75.223
74, 2004603978, 18.0767, 76.506
75, 160385506, 17.4104, 79.509
76, 2004603972, 19.0686, 78.382
77, 160385508, 16.1748, 80.413
78, 2004603971, 19.7232, 79.601
79, 160390919, 15.3107, 80.806
80, 2004603037, 19.7082, 81.45
81, 2004604130, 20.6146, 82.462
82, 160391001, 17.8528, 81.735
83, 2004603164, 19.6343, 82.736
84, 160385474, 15.6209, 83.182
85, 2004604136, 19.6624, 82.547
86, 2004604153, 20.1524, 83.701
87, 2004603977, 19.2581, 82.877
88, 160390927, 16.6494, 83.512
89, 2004603964, 18.6415, 84.208
90, 2004604129, 20.807, 85.287
91, 160385556, 16.324, 85.778
92, 2004603041, 20.6223, 85.419
93, 160385484, 16.1352, 86.55
94, 160390904, 13.6109, 85.938
95, 2004603958, 19.1429, 86.212
96, 160385463, 15.9519, 87.045
97, 2004604131, 20.6749, 87.255
98, 2004603973, 20.416, 86.754
99, 2004603994, 18.9349, 87.141
100, 2004603969, 19.4038, 87.142
101, 2004603157, 19.0749, 88.461
102, 2004603143, 19.4698, 88.135
103, 2004603144, 19.3533, 88.835
104, 2004604126, 20.1611, 88.571
105, 2004603961, 19.9697, 88.923
106, 2004603197, 18.9528, 90.938
107, 2004604145, 20.8699, 90.731
108, 2004604159, 19.5963, 91.621
109, 160385473, 15.9611, 92.867
110, 2004604127, 20.6706, 92.766
111, 2004604128, 19.7036, 93.879
112, 160390962, 17.0797, 93.785
113, 2004604150, 18.9288, 95.092
114, 2004603997, 21.2423, 94.297
115, 2004603036, 19.3906, 96.46
116, 160385523, 15.0018, 97.397
117, 2004603201, 20.8308, 97.723
118, 160390980, 16.9941, 96.667
119, 2004603993, 19.1949, 96.746
120, 2004603146, 20.6422, 98.277
121, 2004603038, 19.5455, 98.164
122, 160390997, 15.8378, 97.618
123, 160385436, 18.4813, 98.2
124, 2004604140, 18.94, 99.304
125, 2004603998, 19.7274, 99.095
126, 2004603995, 18.4747, 99.527
127, 2004604160, 19.9793, 100.486
128, 160385450, 17.0589, 100.609
129, 160385469, 17.5429, 100.943
130, 2004604154, 19.7515, 101.364
131, 2004604143, 19.4291, 101.655
132, 2004603158, 19.7686, 102.104
133, 2004603199, 19.0486, 103.789
134, 160390892, 17.8279, 103.38
135, 2004603159, 19.5298, 103.859
136, 160385568, 16.0808, 103.52
137, 2004603200, 20.6216, 104.212
138, 160391013, 17.175, 103.729
139, 2004603155, 20.2454, 105.132
140, 160390939, 17.2112, 104.132
141, 160385470, 18.4505, 105.623
142, 2004603962, 20.3138, 105.255
143, 160391015, 13.7416, 106.082
144, 2004603198, 20.1428, 107.179
145, 160391008, 18.4857, 106.49
146, 2004603162, 19.8058, 108.788
147, 160390888, 16.5151, 108.723
148, 2004603959, 20.7615, 109.17
149, 2004603160, 19.3618, 110.666
150, 2004604155, 19.4158, 110.678
151, 160385531, 18.0857, 110.767
152, 2004603029, 18.8907, 110.597
153, 2004603963, 20.2951, 110.763
154, 2004604161, 19.654, 111.726
155, 2004603040, 20.7778, 112.283
156, 2004604135, 19.1892, 112.679
157, 2004603021, 18.953, 112.529
158, 160385557, 17.1198, 114.292
159, 160390883, 17.1242, 113.649
160, 160385526, 17.5428, 114.53
161, 2004604134, 17.9751, 113.743
162, 2004603996, 19.0411, 113.861
163, 160390918, 17.853, 114.309
164, 160390886, 18.6545, 114.722
165, 2004604156, 19.606, 115.853
166, 2004603960, 18.4632, 115.384
167, 160390932, 18.4983, 115.594
168, 2004603145, 20.1872, 116.802
169, 2004603156, 20.2427, 117.327
170, 2004604144, 20.4175, 117.192
171, 2004604157, 20.6702, 117.912
172, 2004603999, 20.7641, 117.09
173, 160390901, 14.9953, 117.514
174, 160385454, 17.2893, 118.482
175, 2004603030, 20.6662, 119.148
176, 2004604158, 18.3358, 119.681
177, 160390959, 17.4335, 118.587
178, 2004603192, 18.1107, 120.571
179, 2004604141, 18.163, 120.141
180, 2004603027, 19.2244, 120.256
181, 160391019, 17.1379, 120.134
182, 2004604151, 18.3606, 121.189
183, 160390877, 13.9905, 121.011
184, 2004603980, 19.0142, 120.406
185, 508441059, 19.6453, 121.195
186, 160390993, 14.9003, 121.584
187, 160390987, 15.2105, 122.667
188, 2004603982, 18.5193, 122.899
189, 160391000, 17.5878, 122.989
190, 2004603193, 19.3714, 124.737
191, 2004603195, 18.8921, 125.283
192, 160390909, 17.6156, 124.92
193, 2004603020, 18.402, 125.274
194, 160385418, 17.7488, 126.222
195, 160390916, 17.8797, 125.997
196, 2004603194, 20.8968, 127.424
197, 2004603026, 20.6706, 126.879
198, 2004604005, 20.1397, 126.889
199, 160385414, 16.5749, 127.582
200, 160385567, 18.4418, 128.01
201, 2004603028, 19.1214, 128.171
202, 160385585, 18.7231, 128.739
203, 2004603033, 20.6092, 128.521
204, 2004603161, 20.5997, 129.424
205, 160385424, 17.8455, 129.627
206, 2004604162, 18.5847, 129.729
207, 2004604164, 18.7312, 130.599
208, 160385472, 17.2523, 130.915
209, 160390876, 17.777, 130.906
210, 160391007, 14.7037, 131.315
211, 160391030, 18.1838, 131.534
212, 160385542, 18.2017, 132.317
213, 2004604163, 20.2489, 132.179
214, 160390923, 16.2469, 131.756
215, 160385412, 17.8469, 132.564
216, 160385537, 16.4749, 133.341
217, 2004603032, 19.8032, 132.986
218, 2004603927, 17.5271, 135.122
219, 2004603985, 18.3551, 135.1
220, 160391016, 16.3966, 135.516
221, 2004603931, 16.3966, 135.516
222, 160391003, 17.0409, 135.745
223, 160385489, 17.8145, 136.642
224, 2004603024, 19.6666, 136.428
225, 2004603012, 18.8939, 136.664
226, 160390950, 14.8949, 136.0
227, 2004604006, 19.9407, 136.693
228, 160385496, 18.4234, 138.105
229, 160385428, 15.4149, 137.736
230, 160391028, 17.966, 137.572
231, 160385481, 17.9464, 138.72
232, 2004603138, 19.9138, 138.628
233, 160385453, 17.4658, 138.747
234, 160385511, 18.2424, 138.83
235, 2004604166, 19.9447, 138.735
236, 2004603984, 19.5221, 137.781
237, 160390875, 17.2019, 139.504
238, 2004603180, 20.7208, 140.858
239, 2004603025, 18.7593, 140.534
240, 160390930, 17.0264, 139.881
241, 2004603981, 18.9586, 141.15
242, 160390900, 16.4602, 141.565
243, 2004603035, 20.7566, 142.575
244, 2004604003, 19.2483, 142.437
245, 2004603983, 18.8702, 142.402
246, 160385415, 18.3288, 144.578
247, 160391002, 16.179, 143.857
248, 2004603208, 19.5486, 146.83
249, 2004604171, 18.7912, 146.66
250, 2004603034, 20.2825, 146.377
251, 160385400, 16.973, 146.335
252, 508440968, 19.4487, 146.607
253, 2004603031, 20.1228, 146.722
254, 2004603176, 19.1758, 147.471
255, 160385401, 18.3211, 146.856
256, 2004603142, 20.6668, 147.524
257, 2004603019, 20.4985, 147.715
258, 2004603196, 17.7968, 148.588
259, 160385513, 15.8527, 148.64
260, 160391025, 18.4254, 147.794
261, 2004604176, 18.7138, 148.47
262, 2004603942, 18.6077, 147.833
263, 160391037, 16.6523, 148.267
264, 160390866, 17.5302, 148.879
265, 2004603023, 18.3045, 149.786
266, 160385547, 16.4914, 150.68
267, 2004604178, 20.1873, 150.419
268, 2004604004, 18.4025, 149.843
269, 160391035, 17.0693, 150.781
270, 2004603204, 19.6137, 151.678
271, 2004604000, 18.9294, 151.008
272, 2004604168, 20.6956, 152.288
273, 160385455, 16.229, 152.187
274, 160390862, 14.0204, 151.83
275, 160390899, 13.3252, 151.565
276, 160390905, 17.0624, 151.697
277, 160385437, 17.6345, 152.778
278, 2004604142, 19.6378, 152.518
279, 2004603986, 18.6246, 152.057
280, 2004603945, 20.7308, 152.82
281, 160390873, 17.3108, 153.514
282, 160390864, 16.0265, 153.521
283, 160391017, 16.1133, 153.58
284, 2004603182, 18.0172, 154.76
285, 160390991, 16.5676, 153.516
286, 2004603007, 19.3994, 154.284
287, 2004603179, 20.4846, 154.991
288, 160390920, 15.4751, 153.951
289, 2004603004, 19.051, 155.189
290, 160391021, 15.9316, 155.255
291, 2004603022, 20.5771, 155.571
292, 2004604167, 20.311, 156.426
293, 160385533, 16.0755, 156.884
294, 2004603928, 20.6616, 156.233
295, 160390872, 16.4671, 157.146
296, 2004603203, 18.5463, 158.419
297, 160385551, 17.2356, 158.702
298, 2004603932, 19.4173, 158.129
299, 2004603175, 17.9787, 159.566
300, 160385583, 14.6191, 159.524
301, 160390976, 17.4138, 158.925
302, 2004603987, 19.3702, 159.367
303, 2004603173, 19.9943, 160.622
304, 2004603137, 19.0636, 160.89
305, 160391051, 18.1468, 160.434
306, 160385571, 17.6972, 161.281
307, 160390894, 17.4484, 160.649
308, 2004604138, 18.2551, 160.896
309, 160391042, 16.9415, 161.239
310, 2004603136, 18.8723, 162.101
311, 160385488, 18.075, 163.161
312, 160390891, 15.4295, 162.439
313, 2004603141, 20.8629, 163.018
314, 2004604173, 19.9027, 163.157
315, 160390895, 18.3878, 163.028
316, 160385601, 18.942, 163.64
317, 160385550, 16.061, 164.351
318, 2004604001, 18.7943, 163.214
319, 2004603944, 18.8705, 163.551
320, 160385387, 15.0397, 164.273
321, 2004603005, 19.6555, 164.529
322, 2004604174, 19.7732, 164.677
323, 160385408, 16.0307, 165.008
324, 160385582, 15.3205, 165.19
325, 2004603205, 19.5089, 165.68
326, 2004604172, 19.8336, 165.448
327, 2004603991, 19.5695, 165.007
328, 160385477, 18.2052, 166.32
329, 160390967, 17.2495, 165.289
330, 160385596, 17.316, 166.531
331, 160390860, 18.3071, 165.996
332, 2004603140, 20.4007, 166.435
333, 2004603209, 19.4651, 166.762
334, 160385432, 17.3884, 166.249
335, 2004603989, 18.8306, 165.762
336, 2004603177, 19.0477, 167.617
337, 2004604007, 20.7914, 166.884
338, 2004603011, 18.6744, 167.141
339, 2004604002, 19.4443, 166.938
340, 2004603955, 20.7451, 166.909
341, 160390852, 17.0619, 167.755
342, 160385411, 16.356, 167.894
343, 2004603014, 19.5263, 167.687
344, 2004603129, 19.7839, 168.232
345, 2004603178, 19.7018, 168.557
346, 2004603206, 19.8916, 168.827
347, 2004604175, 18.2521, 168.217
348, 2004604147, 20.6077, 167.851
349, 2004603015, 19.4988, 168.104
350, 2004604137, 19.0516, 168.119
351, 2004603988, 19.2528, 168.233
352, 160390964, 14.0382, 167.671
353, 2004604165, 18.4342, 169.433
354, 2004603992, 20.1749, 168.208
355, 2004604177, 20.0379, 169.471
356, 160385398, 15.7945, 169.747
357, 160391010, 15.7428, 169.328
358, 2004603930, 20.4536, 169.779
359, 2004603929, 20.8036, 169.696
360, 160385464, 17.5171, 171.155
361, 2004604170, 20.0191, 171.41
362, 160391039, 14.4031, 170.526
363, 2004603957, 20.218, 170.652
364, 2004603210, 19.1451, 172.588
365, 2004603926, 19.859, 172.186
366, 2004603190, 19.7976, 173.283
367, 2004604169, 19.4676, 173.949
368, 2004603925, 19.7685, 173.406
369, 2004603211, 19.8989, 175.172
370, 2004603010, 18.3302, 174.724
371, 2004726753, 20.806, 175.542
372, 2004603181, 20.6953, 175.843
373, 2004603207, 19.8802, 176.085
374, 2004603006, 20.3591, 175.935
375, 160385578, 16.0937, 176.531
376, 2004604183, 20.8868, 176.167
377, 160385527, 16.0478, 177.13
378, 160390956, 16.2385, 175.977
379, 2004604072, 20.196, 176.441
380, 2004603191, 19.7149, 177.516
381, 160385420, 19.6119, 177.424
382, 2004603990, 19.74, 177.015
383, 2004603017, 19.5634, 178.605
384, 2004602982, 18.7129, 179.081
385, 2004603139, 20.5739, 179.888
386, 2004726748, 18.6878, 180.169
387, 2004727845, 17.1206, 180.077
388, 2004726749, 19.1965, 180.458
389, 2004603947, 20.6757, 179.381
390, 160385586, 15.4683, 180.681
391, 160385380, 17.6745, 180.237
392, 2004726751, 19.7484, 180.918
393, 2004604139, 19.1722, 180.538
394, 2004603174, 19.2912, 181.864
395, 160390857, 16.2446, 181.027
396, 160385384, 18.0938, 181.668
397, 2004726747, 19.8953, 182.49
398, 2004604073, 19.9472, 181.601
399, 160391038, 16.0653, 181.725
400, 2004726739, 19.1837, 183.679
401, 160390898, 13.6158, 182.725
402, 2004604146, 18.7957, 183.087
403, 160385443, 15.8325, 183.898
404, 160391059, 18.7746, 183.051
405, 160385381, 18.449, 183.432
406, 2004726740, 19.6203, 184.166
407, 2004603946, 20.0135, 182.781
408, 160390935, 14.1756, 182.935
409, 160391055, 17.3921, 183.682
410, 160385512, 14.6113, 184.729
411, 160391056, 18.2212, 183.944
412, 2004603189, 19.8872, 185.381
413, 160390992, 15.109, 184.455
414, 2004603135, 19.0577, 185.512
415, 160385597, 17.0674, 185.644
416, 160385377, 15.5512, 185.666
417, 160385427, 17.3638, 186.131
418, 160385605, 17.7736, 185.961
419, 2004603953, 18.7, 185.196
420, 2004604197, 18.3081, 185.911
421, 2004604064, 19.2266, 185.85
422, 160385554, 16.779, 187.182
423, 160390960, 13.9082, 185.899
424, 160391053, 20.491, 186.205
425, 2004603923, 20.6272, 186.186
426, 2004727853, 19.2359, 187.523
427, 2004603016, 19.548, 187.035
428, 160390921, 17.3847, 186.605
429, 160391005, 15.4288, 186.647
430, 2004603948, 19.5587, 186.674
431, 2004603202, 18.0068, 188.443
432, 2004727844, 20.6937, 188.304
433, 2004603943, 19.2169, 188.157
434, 2004603018, 19.7767, 188.722
435, 2004604182, 20.2217, 189.105
436, 160385375, 18.2388, 189.474
437, 2004603130, 18.7752, 189.994
438, 2004604179, 19.262, 190.222
439, 160390986, 17.6039, 190.18
440, 160391060, 16.2218, 190.561
441, 2004604184, 19.6656, 191.147
442, 2004603954, 19.4538, 190.524
443, 2004604196, 18.3298, 191.159
444, 2004727839, 18.9302, 191.906
445, 2004604200, 20.809, 191.051
446, 160391065, 15.4062, 191.409
447, 2004603008, 20.2066, 191.881
448, 2004602983, 19.9323, 191.294
449, 160385434, 13.4287, 192.34
450, 160385478, 16.8222, 192.851
451, 2004604181, 18.8452, 192.401
452, 160385621, 16.7501, 192.512
453, 2004603132, 19.5667, 192.846
454, 2004604206, 19.9871, 192.467
455, 2004603956, 16.9966, 192.23
456, 2004602995, 19.8767, 192.768
457, 2004604053, 19.324, 192.371
458, 2004604069, 20.6097, 192.872
459, 2004604149, 20.2772, 193.646
460, 2004604148, 20.5626, 193.831
461, 2004604067, 19.5958, 193.853
462, 2004603126, 19.5672, 194.793
463, 160391031, 17.6022, 194.159
464, 2004603949, 18.5034, 194.184
465, 160385615, 17.9176, 195.302
466, 2004727840, 19.1475, 195.793
467, 160385402, 18.3474, 195.55
468, 160391067, 17.2846, 195.732
469, 508440969, 19.5206, 196.268
470, 160390856, 19.4672, 195.728
471, 2004603167, 19.8383, 196.66
472, 2004603921, 20.5449, 195.514
473, 2004604065, 19.4152, 196.321
474, 2004603188, 18.4472, 197.449
475, 2004603013, 19.9278, 197.419
476, 160385417, 14.9469, 198.398
477, 160385559, 18.7675, 198.523
478, 160385403, 17.43, 198.779
479, 2004726746, 20.1876, 199.298
480, 2004726737, 19.1973, 199.436
481, 2004604050, 19.8755, 198.42
482, 2004727850, 19.9834, 199.908
483, 2004603133, 19.7404, 199.685
484, 160385366, 16.2969, 199.261
485, 160385370, 16.4943, 199.741
486, 160385564, 15.6347, 200.26
487, 2004604209, 19.7375, 199.414
488, 2004602980, 19.0246, 199.381
489, 2004604068, 20.6523, 199.537
490, 2004603187, 19.3793, 201.071
491, 2004604186, 19.6945, 201.083
492, 2004604051, 18.3947, 200.413
493, 2004603171, 20.7785, 201.379
494, 2004603009, 20.6445, 201.294
495, 160390936, 16.5326, 200.512
496, 2004603952, 19.8086, 202.644
497, 2004604026, 19.6592, 202.669
498, 160385376, 16.3198, 204.415
499, 160385619, 18.1582, 204.665
500, 2004603951, 19.7703, 204.459
501, 2004727852, 21.004, 205.696
502, 2004604185, 18.1683, 205.405
503, 2004604071, 20.191, 204.918
504, 160385632, 18.1683, 205.405
505, 2004603170, 20.0425, 206.219
506, 2004726750, 19.9475, 206.62
507, 160385448, 16.2131, 206.704
508, 2004604025, 19.843, 205.735
509, 160385439, 17.9046, 206.762
510, 2004603124, 19.4967, 206.976
511, 160391075, 16.4163, 206.564
512, 2004603168, 19.1595, 208.014
513, 160390926, 16.0353, 207.178
514, 160385480, 14.7781, 208.385
515, 160390954, 17.2809, 207.084
516, 2004602979, 19.4488, 207.53
517, 160390839, 14.2753, 207.795
518, 2004604058, 19.0833, 207.507
519, 2004602994, 18.9886, 208.095
520, 2004726712, 19.5227, 208.783
521, 160385634, 18.7292, 208.29
522, 2004726745, 20.52, 209.227
523, 2004726719, 20.7442, 209.829
524, 2004602977, 19.543, 208.851
525, 2004604210, 19.8791, 209.071
526, 2004603941, 17.5905, 208.584
527, 2004604027, 19.9952, 209.076
528, 2004726752, 20.7389, 210.854
529, 160391073, 19.637, 208.867
530, 2004726741, 19.5933, 211.967
531, 160385441, 18.7652, 212.02
532, 160391054, 14.3991, 211.222
533, 2004603917, 19.9579, 211.306
534, 160390897, 17.4628, 211.395
535, 160385624, 17.6714, 212.305
536, 2004603184, 19.1791, 212.997
537, 2004604180, 18.8139, 212.245
538, 2004604056, 19.0095, 211.928
539, 2004602998, 19.1764, 212.666
540, 160385356, 17.6899, 212.751
541, 508440971, 20.4106, 213.377
542, 2004727841, 19.196, 213.376
543, 160385444, 17.6051, 213.644
544, 160390975, 12.716, 212.429
545, 160385457, 16.5551, 213.834
546, 2004726743, 19.7925, 214.007
547, 2004603131, 18.6992, 214.512
548, 160385579, 17.5537, 214.773
549, 160385466, 17.0161, 214.996
550, 160385355, 17.215, 214.099
551, 2004604054, 15.7817, 214.015
552, 160385522, 17.553, 215.268
553, 2004603939, 15.8887, 214.034
554, 2004603950, 19.2032, 214.39
555, 2004603922, 20.7717, 214.42
556, 2004603920, 19.0374, 214.731
557, 2004727876, 19.5692, 216.001
558, 2004726713, 19.8092, 216.509
559, 2004603933, 20.1736, 215.233
560, 2004603169, 20.1892, 216.439
561, 2004604070, 19.9667, 215.595
562, 2004604207, 18.1466, 215.91
563, 160390870, 15.6438, 215.801
564, 2004604199, 19.9764, 216.254
565, 2004726720, 18.7601, 217.281
566, 160385413, 16.196, 217.207
567, 160390859, 16.9518, 216.451
568, 2004603125, 18.5449, 217.768
569, 160390893, 9.7046, 216.699
570, 160385584, 17.1816, 218.283
571, 2004604194, 20.6226, 218.049
572, 2004727842, 19.8683, 218.469
573, 160391045, 17.8173, 217.475
574, 160385409, 16.7956, 219.217
575, 160390832, 16.342, 218.842
576, 160385445, 12.2752, 219.291
577, 160391081, 7.84324, 219.375
578, 160390830, 18.4773, 219.875
579, 2004604066, 19.4422, 219.412
580, 2004727843, 20.7349, 220.445
581, 2004726744, 20.394, 220.906
582, 2004602974, 19.8488, 220.086
583, 2004604239, 19.6419, 220.734
584, 2004603172, 18.6206, 221.55
585, 2004603940, 20.7521, 220.527
586, 2004603134, 19.9351, 221.543
587, 2004604187, 17.0593, 222.025
588, 160390912, 15.6151, 221.08
589, 2004603127, 20.6245, 221.914
590, 160390845, 15.8014, 221.757
591, 2004603935, 20.2356, 221.45
592, 160390854, 17.144, 222.019
593, 2004726742, 20.6963, 222.994
594, 160385378, 17.9958, 222.838
595, 2004604055, 19.6403, 222.061
596, 2004604195, 20.6994, 222.757
597, 160385369, 17.9789, 222.836
598, 160385642, 16.3565, 223.122
599, 2004726711, 19.6068, 224.04
600, 160385553, 16.9169, 224.161
601, 2004603186, 20.2664, 224.348
602, 2004602993, 18.749, 224.392
603, 160385438, 15.5972, 225.005
604, 160385422, 17.1097, 224.698
605, 160390998, 17.6469, 224.023
606, 2004602981, 19.8095, 224.48
607, 2004603002, 20.6447, 225.679
608, 160385416, 16.4114, 226.217
609, 2004604023, 18.7048, 225.299
610, 160385346, 16.7669, 225.642
611, 160385641, 17.5731, 226.306
612, 2004604188, 20.6394, 226.353
613, 2004726709, 20.0998, 226.915
614, 2004727849, 20.2548, 226.484
615, 2004603128, 20.1311, 226.666
616, 2004603924, 20.9477, 225.92
617, 2004603003, 18.6343, 227.101
618, 160385456, 16.8076, 227.512
619, 2004603001, 20.4326, 227.271
620, 160391026, 15.1328, 226.647
621, 2004602972, 18.3844, 227.187
622, 2004604029, 20.8396, 226.983
623, 2004726708, 19.2475, 228.25
624, 2004726755, 19.2299, 228.229
625, 2004726738, 18.903, 228.402
626, 2004604075, 19.6222, 227.188
627, 160385595, 15.2962, 228.334
628, 2004727846, 18.7752, 228.241
629, 2004604052, 20.8895, 227.768
630, 2004727838, 19.2757, 228.735
631, 160385627, 17.4535, 228.821
632, 2004604240, 18.9632, 228.646
633, 160385519, 17.6105, 229.402
634, 160390871, 15.2896, 229.296
635, 2004603918, 19.1282, 229.764
636, 2004603185, 18.555, 231.291
637, 2004726718, 20.8049, 231.441
638, 160385393, 17.0345, 231.213
639, 2004727848, 19.151, 231.145
640, 160385371, 15.2288, 231.451
641, 2004602971, 16.8451, 230.707
642, 2004602992, 19.7121, 231.132
643, 2004604242, 20.2594, 231.393
644, 160385341, 17.2399, 231.614
645, 2004603000, 20.312, 231.898
646, 160385560, 15.5551, 232.382
647, 160385505, 17.3391, 232.584
648, 160385383, 17.427, 232.419
649, 2004727851, 19.9783, 232.756
650, 2004602990, 19.3514, 232.32
651, 2004602973, 20.2483, 232.229
652, 160391014, 16.2377, 232.27
653, 160390903, 16.7689, 232.349
654, 2004602978, 19.3117, 232.653
655, 160391071, 17.1663, 232.993
656, 2004604204, 20.2221, 233.221
657, 508441060, 20.7655, 233.144
658, 2004603183, 19.4963, 234.439
659, 2004604198, 18.3184, 233.615
660, 2004603919, 17.8854, 233.632
661, 160391068, 17.6489, 234.032
662, 2004602970, 18.9046, 234.28
663, 160390910, 18.1802, 234.145
664, 2004726716, 20.2715, 235.453
665, 160390829, 17.3615, 236.099
666, 2004602991, 18.8332, 235.158
667, 2004726757, 19.2902, 235.749
668, 160385394, 14.8274, 235.465
669, 2004604189, 19.6138, 235.457
670, 2004727847, 18.2694, 235.922
671, 2004604057, 17.2534, 235.212
672, 2004602961, 20.9358, 236.02
673, 2004603464, 19.5001, 235.737
674, 2004602999, 20.0574, 236.319
675, 160390948, 14.8583, 235.772
676, 2004727857, 19.7128, 237.234
677, 2004604028, 20.7507, 236.33
678, 2004726765, 19.6414, 237.877
679, 2004603937, 20.5783, 236.614
680, 160385649, 17.1298, 237.569
681, 2004603934, 20.0108, 236.755
682, 2004602975, 20.6228, 237.0
683, 160390917, 17.5237, 236.809
684, 2004726714, 20.2496, 238.169
685, 160391064, 17.829, 238.039
686, 160390822, 16.8849, 238.711
687, 2004727854, 19.958, 239.265
688, 160385399, 15.1487, 239.193
689, 160385501, 20.7909, 239.747
690, 2004604192, 20.6134, 239.588
691, 160385342, 16.9306, 239.801
692, 2004602960, 19.4678, 239.569
693, 160390963, 17.2561, 238.972
694, 2004726704, 19.5328, 240.558
695, 2004602997, 20.1125, 239.793
696, 160385336, 16.7473, 239.982
697, 160390858, 16.9968, 239.695
698, 2004604201, 19.6395, 239.915
699, 2004726701, 18.5045, 241.088
700, 2004603936, 19.8117, 239.807
701, 160391070, 12.8506, 240.355
702, 2004727870, 19.159, 241.099
703, 160391100, 16.7907, 240.656
704, 2004602976, 19.6268, 240.742
705, 2004604024, 18.4313, 240.35
706, 160385612, 17.2363, 241.504
707, 160385630, 17.2763, 241.513
708, 2004604074, 18.8331, 240.994
709, 160385389, 17.6652, 241.722
710, 160385617, 17.0992, 241.995
711, 160385358, 19.398, 241.857
712, 2004726760, 20.1355, 242.215
713, 508440967, 19.9359, 241.911
714, 160390836, 18.4255, 241.662
715, 160385458, 16.1379, 242.664
716, 2004603938, 20.0112, 241.46
717, 160385396, 17.2052, 242.739
718, 2004602996, 19.4353, 242.445
719, 2004726717, 20.6692, 243.723
720, 2004726702, 19.5354, 243.838
721, 160390983, 17.1688, 242.654
722, 160385331, 15.301, 243.351
723, 2004726754, 19.418, 244.225
724, 2004603109, 19.3748, 244.34
725, 2004604032, 19.5093, 243.079
726, 2004604013, 19.7296, 243.115
727, 160385332, 17.0853, 243.998
728, 160385657, 17.8702, 244.365
729, 2004602969, 20.6477, 244.122
730, 2004602988, 19.8065, 244.853
731, 160390952, 17.1708, 244.315
732, 2004604203, 20.7425, 245.068
733, 160385442, 17.7815, 245.776
734, 2004604191, 19.2857, 245.639
735, 160391082, 17.3211, 245.228
736, 160391078, 18.065, 245.145
737, 2004726710, 20.0893, 246.329
738, 160385421, 17.5472, 246.254
739, 2004603478, 19.3592, 245.207
740, 2004727874, 19.045, 246.727
741, 2004603080, 18.2734, 247.011
742, 2004604213, 19.7626, 246.8
743, 160385343, 16.7529, 247.456
744, 160390820, 14.5502, 247.54
745, 160385648, 17.7888, 248.013
746, 160390922, 16.5952, 247.021
747, 2004604059, 19.4759, 247.369
748, 2004727856, 19.265, 248.6
749, 160385468, 17.3037, 248.663
750, 160391062, 19.0807, 247.974
751, 160385593, 16.2684, 250.007
752, 160390823, 17.6796, 249.212
753, 160391103, 17.7231, 249.237
754, 2004604205, 20.3594, 249.436
755, 2004727875, 20.7201, 250.143
756, 2004602959, 18.6205, 249.862
757, 2004604193, 20.3906, 250.223
758, 160385329, 17.4816, 250.29
759, 2004604190, 18.5746, 250.756
760, 2004604008, 17.6833, 250.114
761, 2004602472, 19.6738, 250.361
762, 2004604077, 19.5991, 250.481
763, 160391104, 14.2278, 250.65
764, 508440973, 19.1104, 251.203
765, 160385664, 18.0273, 251.747
766, 160390925, 15.7784, 251.124
767, 2004602937, 20.2298, 251.872
768, 2004603462, 18.1554, 251.093
769, 2004726715, 19.6201, 252.843
770, 2004602967, 20.0861, 252.076
771, 160385604, 16.9893, 252.997
772, 2004603106, 18.7095, 252.95
773, 160385552, 18.65, 253.281
774, 2004602968, 20.0994, 253.02
775, 160385623, 18.1232, 253.648
776, 2004602989, 19.8996, 253.345
777, 2004602964, 19.3344, 252.954
778, 2004602935, 18.4564, 253.468
779, 2004603066, 19.9824, 253.541
780, 2004727871, 19.5964, 253.547
781, 2004603466, 20.0182, 252.773
782, 2004604208, 19.4168, 253.594
783, 2004604030, 18.6315, 253.166
784, 160385365, 16.838, 253.911
785, 160385364, 17.2328, 254.177
786, 160391074, 18.2169, 253.732
787, 160390828, 17.4463, 253.73
788, 160390984, 18.0414, 253.588
789, 2004726700, 18.0508, 255.101
790, 2004727881, 20.422, 254.55
791, 2004726697, 20.1095, 255.667
792, 160385574, 17.7413, 255.791
793, 2004603081, 18.6948, 255.492
794, 2004602986, 17.728, 255.221
795, 2004726763, 19.7007, 255.992
796, 160385588, 17.3818, 256.288
797, 160385561, 15.8325, 256.267
798, 160385653, 15.8585, 255.927
799, 2004602985, 18.9989, 255.993
800, 160391012, 18.4689, 255.703
801, 160390831, 17.254, 256.017
802, 2004603461, 18.9369, 255.831
803, 2004603458, 18.9018, 255.936
804, 2004727855, 18.5685, 257.119
805, 2004726759, 20.1103, 257.368
806, 160385323, 14.769, 257.026
807, 160391048, 17.8167, 256.295
808, 160390824, 15.4276, 256.829
809, 2004604079, 17.1415, 256.747
810, 2004603071, 16.9609, 257.696
811, 2004602934, 19.6273, 257.653
812, 160385446, 17.81, 258.035
813, 160390996, 17.6973, 257.276
814, 160390902, 17.9004, 257.608
815, 160385611, 18.6637, 258.821
816, 160385629, 15.46, 258.657
817, 160390853, 16.8909, 258.318
818, 2004727860, 19.844, 258.779
819, 2004603463, 19.6323, 258.115
820, 2004727877, 19.2552, 258.927
821, 2004604078, 16.8909, 258.318
822, 2004726732, 18.1313, 259.473
823, 160385638, 18.4255, 259.488
824, 2004726766, 20.67, 259.906
825, 2004726699, 18.9037, 260.211
826, 160391105, 16.6565, 259.877
827, 2004603070, 18.9822, 260.345
828, 2004603117, 19.1298, 260.923
829, 160385490, 16.2406, 261.222
830, 2004603476, 20.0826, 259.891
831, 508441062, 19.0228, 260.228
832, 2004727865, 19.3551, 261.252
833, 2004603064, 19.6059, 261.109
834, 160390885, 10.2967, 260.616
835, 160390970, 11.8609, 260.388
836, 2004603083, 20.0231, 261.779
837, 2004726698, 20.2192, 262.291
838, 2004604076, 19.8239, 261.396
839, 2004604012, 20.3514, 261.315
840, 160385665, 16.498, 262.482
841, 2004727859, 20.7422, 263.07
842, 508440970, 19.5747, 263.262
843, 2004603460, 18.332, 262.092
844, 2004604011, 19.6223, 262.07
845, 2004603479, 19.4141, 261.965
846, 160385662, 14.6093, 262.962
847, 160385592, 16.1279, 263.394
848, 2004604010, 19.4777, 262.326
849, 160385608, 17.3856, 263.721
850, 2004604062, 17.7052, 262.758
851, 2004602474, 20.3838, 263.058
852, 160385570, 15.3729, 264.159
853, 2004603456, 19.3733, 263.092
854, 160385600, 16.4284, 264.365
855, 2004726703, 19.4534, 264.35
856, 2004727861, 18.7069, 264.611
857, 2004602987, 18.411, 264.114
858, 2004602941, 20.0036, 264.204
859, 160385406, 17.3627, 264.603
860, 160390931, 17.1896, 263.928
861, 2004727872, 19.5978, 265.172
862, 2004727866, 19.3701, 265.109
863, 2004727858, 20.5902, 265.464
864, 160385626, 16.5363, 265.537
865, 2004602949, 18.9706, 264.872
866, 2004603105, 19.6423, 265.564
867, 160385321, 18.6006, 265.254
868, 2004602936, 18.901, 265.547
869, 2004604061, 20.3964, 265.081
870, 160391108, 16.5905, 265.512
871, 160385395, 17.9551, 266.263
872, 2004603110, 20.6641, 266.212
873, 2004727873, 18.6659, 266.28
874, 2004603107, 19.6448, 267.403
875, 2004603079, 18.1132, 267.83
876, 160385318, 14.477, 267.751
877, 2004726761, 19.2492, 268.562
878, 160390813, 15.8411, 267.889
879, 160390849, 12.5274, 267.956
880, 2004604245, 19.0229, 268.875
881, 160385351, 15.8556, 268.997
882, 160390944, 18.3461, 268.097
883, 160385510, 16.8409, 269.732
884, 160390814, 17.4978, 269.407
885, 2004727868, 20.7841, 269.922
886, 2004602933, 17.8948, 269.72
887, 160391095, 18.4123, 268.936
888, 160390840, 17.8571, 269.861
889, 2004602966, 19.6775, 269.9
890, 160391099, 18.1293, 270.291
891, 2004726762, 19.6445, 271.392
892, 2004603111, 20.7472, 271.394
893, 2004726706, 20.3197, 271.732
894, 2004726736, 20.0195, 271.94
895, 160391063, 15.5848, 270.831
896, 2004602939, 20.5196, 271.649
897, 160385317, 16.1197, 271.928
898, 2004726707, 19.1702, 272.717
899, 2004602932, 18.6146, 272.571
900, 160385572, 17.5995, 273.235
901, 2004726642, 20.7546, 273.386
902, 160391080, 15.7642, 272.683
903, 2004603459, 18.3867, 272.765
904, 2004603123, 19.3627, 274.076
905, 2004726764, 20.2222, 274.31
906, 2004602965, 18.2161, 273.76
907, 160385675, 16.3999, 274.443
908, 2004603480, 19.414, 273.67
909, 2004603116, 19.7802, 275.037
910, 160390979, 18.4312, 273.733
911, 2004602473, 19.5547, 274.059
912, 2004603082, 20.7035, 274.877
913, 2004604009, 18.4628, 274.03
914, 2004726756, 18.9058, 275.351
915, 160390994, 13.9488, 273.967
916, 2004603069, 20.9322, 275.049
917, 2004603104, 18.9827, 275.689
918, 2004726705, 19.2976, 275.979
919, 2004604060, 19.9113, 275.424
920, 2004604212, 19.6424, 275.821
921, 160385687, 16.3517, 276.417
922, 2004727867, 19.9932, 276.689
923, 2004603119, 20.8784, 276.884
924, 160385651, 18.6883, 276.923
925, 2004604063, 20.3164, 276.214
926, 2004726758, 19.8423, 277.225
927, 160385532, 17.7659, 277.671
928, 160385312, 15.5171, 276.928
929, 2004727882, 19.1482, 277.368
930, 2004603067, 20.8066, 277.296
931, 2004603465, 20.5766, 276.542
932, 160385494, 15.5885, 277.766
933, 160385684, 18.4379, 277.535
934, 2004603541, 19.6506, 276.549
935, 2004603063, 18.1044, 277.675
936, 160391118, 13.6538, 277.601
937, 2004604015, 17.9889, 277.915
938, 2004602475, 20.666, 278.365
939, 160390934, 17.3861, 278.337
940, 160391122, 15.5232, 279.155
941, 2004602963, 19.0342, 279.186
942, 2004603455, 18.2154, 279.015
943, 2004726788, 20.6811, 280.24
944, 2004603475, 19.6371, 279.444
945, 2004603108, 17.8499, 280.502
946, 160390855, 13.8294, 279.719
947, 160385405, 13.324, 281.266
948, 2004726637, 20.339, 281.282
949, 160391024, 17.709, 280.333
950, 2004726724, 18.4234, 281.674
951, 2004604100, 20.6931, 281.026
952, 2004726726, 19.1162, 282.06
953, 2004727863, 19.8451, 281.878
954, 160391020, 15.365, 280.913
955, 160385337, 14.9473, 281.883
956, 160390945, 17.529, 281.107
957, 2004603457, 20.597, 281.229
958, 2004603477, 20.6443, 282.145
959, 2004726730, 17.9822, 283.615
960, 160385521, 16.4037, 283.76
961, 160390808, 14.7328, 283.203
962, 2004603120, 20.5831, 283.587
963, 2004604214, 20.6397, 283.228
964, 2004603454, 18.7631, 282.825
965, 2004726791, 18.3365, 283.936
966, 2004602940, 19.8784, 283.714
967, 2004726787, 18.5552, 284.071
968, 160385681, 16.0789, 284.606
969, 160391052, 17.2255, 283.616
970, 2004602922, 19.291, 284.348
971, 2004726721, 19.6173, 285.28
972, 160385645, 13.8028, 285.231
973, 160385602, 16.4936, 285.3
974, 2004604098, 18.7805, 284.527
975, 2004602962, 20.5219, 284.575
976, 2004726733, 20.1338, 285.648
977, 160385435, 14.9079, 285.559
978, 2004603453, 19.4766, 284.745
979, 2004603076, 20.0294, 285.717
980, 2004604241, 18.5309, 285.636
981, 2004602958, 19.4653, 285.687
982, 2004727891, 20.5148, 286.474
983, 2004726792, 19.3426, 286.316
984, 2004602923, 20.7077, 285.931
985, 2004604202, 18.6214, 285.837
986, 2004603542, 20.6931, 285.716
987, 2004603068, 20.6406, 286.566
988, 2004603121, 20.8374, 286.905
989, 2004727879, 20.1248, 286.813
990, 160385674, 15.1155, 286.831
991, 2004727878, 19.5728, 286.77
992, 2004726734, 20.731, 287.616
993, 2004602953, 18.7497, 287.108
994, 2004603065, 19.9777, 287.494
995, 2004604211, 18.4754, 286.98
996, 2004604014, 20.8274, 286.69
997, 160391029, 16.7796, 286.78
998, 160391125, 16.69, 287.385
999, 2004727899, 20.7021, 288.264
1000, 2004603122, 17.2214, 288.35
1001, 2004604031, 17.947, 287.381
1002, 160385668, 17.7746, 289.221
1003, 2004727892, 19.427, 288.48
1004, 2004602984, 18.8265, 288.074
1005, 2004603101, 19.7492, 288.529
1006, 2004603451, 20.711, 287.612
1007, 160385419, 17.1322, 288.917
1008, 2004604016, 18.541, 287.662
1009, 2004603118, 17.1322, 288.917
1010, 2004604087, 20.2419, 288.315
1011, 160385544, 15.1094, 289.621
1012, 2004602952, 18.7785, 288.877
1013, 2004727864, 17.7746, 289.221
1014, 2004604246, 19.014, 289.375
1015, 2004603540, 19.4581, 289.014
1016, 2004727894, 20.0537, 290.312
1017, 160390908, 16.6095, 289.814
1018, 160390879, 14.7813, 290.087
1019, 2004604017, 18.692, 289.98
1020, 2004604022, 16.9059, 290.17
1021, 2004604047, 20.4995, 290.516
1022, 160385517, 17.3667, 291.594
1023, 2004604019, 19.3198, 290.485
1024, 2004726640, 20.6273, 291.725
1025, 2004603062, 19.7323, 291.492
1026, 160391102, 16.0246, 290.975
1027, 160391032, 17.5911, 291.442
1028, 2004727862, 18.9554, 292.25
1029, 508441058, 19.4984, 291.149
1030, 2004602954, 20.3483, 291.868
1031, 160390806, 17.6357, 291.859
1032, 2004604020, 19.6428, 291.495
1033, 160390951, 18.456, 291.848
1034, 160390817, 18.559, 292.83
1035, 2004726641, 20.0741, 293.063
1036, 2004603056, 18.8397, 293.007
1037, 2004727893, 19.4216, 293.192
1038, 2004726731, 20.4237, 293.511
1039, 2004603075, 19.8944, 292.761
1040, 2004727944, 20.6835, 292.948
1041, 160385698, 17.8893, 293.201
1042, 160385528, 15.4162, 293.782
1043, 160385313, 16.5954, 293.495
1044, 160391006, 17.1574, 292.643
1045, 2004726794, 19.8513, 294.139
1046, 2004726775, 19.3612, 294.514
1047, 160385691, 14.8477, 294.102
1048, 2004726643, 20.7109, 294.578
1049, 160390958, 17.4924, 293.426
1050, 2004726735, 20.1148, 294.839
1051, 160385462, 16.9944, 294.789
1052, 2004603114, 18.8699, 294.841
1053, 160385372, 17.7013, 294.672
1054, 2004604086, 19.3175, 294.162
1055, 160390805, 16.8313, 294.615
1056, 2004602948, 19.042, 294.634
1057, 2004602471, 20.7181, 294.825
1058, 2004727897, 20.7114, 295.79
1059, 160385546, 17.4736, 296.118
1060, 2004726725, 18.7744, 296.205
1061, 160385322, 17.9165, 296.014
1062, 160391123, 16.3427, 295.473
1063, 160385701, 17.2851, 296.028
1064, 2004602942, 20.7589, 296.388
1065, 2004602938, 20.0333, 296.626
1066, 160391094, 17.875, 296.125
1067, 2004726729, 20.6385, 297.273
1068, 2004603469, 19.7101, 295.992
1069, 160385430, 16.7189, 297.301
