Sector 14:
[992, 14], [992, 15], [993, 15], [994, 15], [992, 16], 
[993, 16], [994, 16], [995, 16], [992, 17], [993, 17], 
[994, 17], [995, 17], [992, 18], [993, 18], [994, 18]

Sector 19:
[383, 971], [382, 972], [383, 972], [384, 972], [385, 972], 
[382, 973], [383, 973], [384, 973], [385, 973], [382, 974], 
[383, 974], [384, 974], [385, 974], [383, 975], [384, 975]

Sector 20:
[1959, 1423], [1960, 1423], [1958, 1424], [1959, 1424], 
[1960, 1424], [1961, 1424], [1962, 1424], [1958, 1425], 
[1959, 1425], [1960, 1425], [1961, 1425], [1962, 1425], 
[1959, 1426], [1960, 1426], [1961, 1426], [1962, 1426], 
[1959, 1427], [1960, 1427], [1961, 1427]

Sector 21:
[1467, 1094], [1468, 1094], [1469, 1094], [1470, 1094], 
[1466, 1095], [1467, 1095], [1468, 1095], [1469, 1095], 
[1470, 1095], [1466, 1096], [1467, 1096], [1468, 1096], 
[1469, 1096], [1470, 1096], [1466, 1097], [1467, 1097], 
[1468, 1097], [1469, 1097]

Sector 40:
[2022, 180], [2023, 180], [2021, 181], [2022, 181], 
[2023, 181], [2024, 181], [2021, 182], [2022, 182], 
[2023, 182], [2024, 182], [2022, 183], [2023, 183], 
[2024, 183], [2023, 184]

Sector 41:
[661, 142], [662, 142], [661, 143], [662, 143], [663, 143], 
[664, 143], [661, 144], [662, 144], [663, 144], [664, 144], 
[665, 144], [661, 145], [662, 145], [663, 145], [664, 145], 
[662, 146]

Sector 47:
[229, 1415], [230, 1415], [228, 1416], [229, 1416], 
[230, 1416], [231, 1416], [228, 1417], [229, 1417], 
[230, 1417], [231, 1417], [232, 1417], [228, 1418], 
[229, 1418], [230, 1418], [231, 1418], [229, 1419], 
[230, 1419]

Sector 48:
[1897, 864], [1898, 864], [1899, 864], [1900, 864], [1901, 864], 
[1897, 865], [1898, 865], [1899, 865], [1900, 865], [1901, 865], 
[1897, 866], [1898, 866], [1899, 866], [1900, 866], [1898, 867], 
[1899, 867]