-0.29385668172562873 0.9979487469903113 0.0016412738568258557
-0.29346504059626805 0.9992746322208962 0.0016408946574036317
-0.29246778830770415 0.9990575756141863 0.0016412384107215682
-0.29207618863197476 0.9997100024781362 0.0016396199293258185
-0.29107889535612264 0.9989883217633652 0.001644327605028586
-0.2906873366674551 0.9995236904867255 0.0016421847467502772
-0.28969000193887984 1.0014602941854573 0.0016430490028802708
-0.2892984847024774 0.999721331836708 0.001641083030922872
-0.2883011089875247 0.9976588060750394 0.0016418985518210215
-0.287909632737505 0.9984050993017768 0.0016415658910235505
-0.2869122160366263 1.000139891983018 0.0016433819960936828
-0.2865207807732117 1.0001126789987644 0.0016414937424299141
-0.2855233226193835 1.002210681944305 0.0016430093047746985
-0.2851319288080076 0.9987796386148168 0.0016439838011334906
-0.2841344296673466 1.0010581305568194 0.0016429960720194157
-0.2837430768423507 1.000587598477643 0.0016423794735489759
-0.2827455362501038 1.0004120384389559 0.0016440100496277173
-0.2823542248771466 0.9986343731825641 0.001640333310080639
-0.2813566432994318 1.0004737773056456 0.001642403029496184
-0.28096537291285334 1.000505874110457 0.0016411579968049702
-0.27996775034785026 0.9991375937616003 0.0016419754455894693
-0.27957652094788094 0.9974298327431206 0.0016394586732109643
-0.27857885693060747 0.9970637433460873 0.0016435433273989447
-0.2781876689829032 0.998102747314955 0.001640293837496037
-0.27718996397970774 0.9989469856424884 0.0016414560125815995
-0.27679881701838355 0.999632974503606 0.0016425368255124511
-0.27580107102744444 0.9968236514722643 0.0016398958494707723
-0.27540996505409027 0.9983000039511206 0.0016401380179812772
-0.27441217760974757 1.0005599053343164 0.0016422667374913138
-0.27402111308911253 0.9995747985345323 0.0016412311788444847
-0.27302328465862014 0.9984060234144654 0.0016411651160497308
-0.2726322611232293 0.9975300275448742 0.0016395913576225773
-0.27163439170726633 0.9994806324827474 0.001641148392520839
-0.27124340915825695 1.0004008173461676 0.0016424919093961242
-0.2702454987559125 0.9993903000646132 0.0016418091943638845
-0.2688566053391238 0.998153361669027 0.0016416622226997604
-0.2684657052287595 1.0009895855686688 0.0016416788643871477
-0.2674677123870882 0.9982211722040298 0.0016420154297012643
-0.2670768532637818 1.0001438722261469 0.0016411420631983783
-0.2660788194348249 1.0016677166756898 0.0016429446404103174
-0.2656880012992621 1.0009238367031839 0.0016424014713938534
-0.2646899260182639 1.0019229705635415 0.0016414704074183357
-0.26429914933496884 1.0021654166815266 0.0016414397189671998
-0.2633010330666824 1.000141513344567 0.0016425226584949112
-0.2629102973699911 0.9984829440980446 0.0016422820899659376
-0.2619121401151009 0.9988125761890858 0.0016449435770887518
-0.2615214454050187 1.0003695587066048 0.0016429516847257407
-0.2605232471644289 0.9988831266899039 0.0016414839665865038
-0.2601325939054759 1.000875077729583 0.0016418616346765844
-0.25913435374673066 1.000776279532035 0.0016399035494560356
-0.258743741939819 1.0011431118445722 0.0016421257215567114
-0.25774546079423966 1.0023268271134214 0.001644556047164042
-0.2573548899746149 1.0012670100191723 0.001641163741578167
-0.25635656784356764 0.9982028870723015 0.0016464514423387454
-0.25596603801032164 0.9987453886137919 0.0016430096865381989
-0.25496767489198613 0.9983647760287532 0.0016416836203915026
-0.25457718604602836 0.9998824668535611 0.0016402215933161112
-0.2535787819404046 1.0009871584081564 0.0016436287906701828
-0.25318833408082964 1.0012644767328787 0.0016423636019652005
-0.2521898885240713 1.0005293269011497 0.001642589371765387
-0.25179948211585185 0.9989938770921037 0.0016419690763491278
-0.2508009955729452 1.0011000413659596 0.001642676500894245
-0.25041063061721985 1.0009229766822418 0.0016427182997915313
-0.2494121026209083 0.9991480338918621 0.0016415128757042209
-0.2490217786522421 0.9984066739684515 0.0016406182829288621
-0.2480232096688727 0.9988832976990524 0.0016412151828391127
-0.2476329266863589 1.000244330091195 0.001642027628263391
-0.24663431671774527 0.9998950490387558 0.0016415517644783027
-0.2462440747213865 1.000284060484234 0.001641395367813416
-0.24524542376616376 0.9984234893812172 0.001640912976306629
-0.24485522275709323 1.0016899048185803 0.0016422904672494473
-0.24385653034914867 0.9988548135838536 0.0016400286867703556
-0.2434663707925682 0.9978055917118738 0.0016420148123419838
-0.24246763739824895 0.9996463168238179 0.001643017509092643
-0.24207751929325713 1.0009195813450742 0.001641691424515403
-0.24107874444621336 0.9984215006713478 0.0016416069810983593
-0.240688667328053 0.9994919261136269 0.001640815027946214
-0.23968985149372235 0.9981300270989032 0.001641097976729437
-0.23929981536375972 1.0005456578176066 0.0016424099423906018
-0.23830095854305033 1.0004114915856808 0.0016426943959372254
-0.23791096339810286 1.0015978971143007 0.0016423955412533742
-0.23691206559146882 1.0023793441878577 0.0016440697392475518
-0.23652211189810732 0.9972978953026035 0.0016409272538306762
-0.2355231726398873 1.0010497884473057 0.0016426961888705996
-0.23513325993358766 0.9987548764561522 0.001640971996923387
-0.2341342796892153 0.9990120162761688 0.001640809303194294
-0.23374440796929438 1.0004537449879092 0.0016397693900242222
-0.23274538673695067 1.0009150897078893 0.0016427800871883942
-0.23235555600431662 0.9997863424198488 0.0016423777534341577
-0.23135649378468737 1.0019540658499986 0.001641725300583492
-0.2309667045047738 0.9988973181068934 0.0016410730453197567
-0.22996760083401535 1.000222344407589 0.0016448023046468452
-0.22957785254048052 0.9969092415519732 0.001639356089392457
-0.22857870788243384 0.999915627031264 0.0016460650829605407
-0.22818900057618724 1.0009434881295887 0.0016433158709989845
-0.22718981446519104 1.0011064427141754 0.0016454551326410716
-0.226800148610304 1.0012426311127716 0.001641419859550247
-0.22580092151451903 1.0009084532142065 0.0016419254247656571
-0.22541129711030847 1.0011588522541435 0.0016434003454224202
-0.22441202856293752 1.001287565724953 0.0016460507450045607
-0.2240224451457888 1.0009953182681846 0.0016415936331875942
-0.2230231356104465 0.9986218831491933 0.0016421698125178672
-0.22263359318149553 0.9988194257477815 0.0016425206169766412
-0.2216342426590927 1.0028457114580422 0.0016429610081553805
-0.22124474168217906 1.0006241416026938 0.0016438178186861504
-0.22024534970819298 1.0021655325053527 0.0016426667996865282
-0.21985588971720668 1.0023630468377442 0.0016420709521678192
-0.21885645675661147 0.9998028644333312 0.0016430831698057374
-0.21846703775268164 0.9999251246819795 0.0016419148671219957
-0.21746756380502996 0.99913208908267 0.001641151487067876
-0.21707818625404965 1.0012653718070483 0.0016424679025487244
-0.21607867085367616 1.0016282494418884 0.0016435287566080418
-0.2156893342890773 0.9984652212421136 0.0016404315042379308
-0.21468977790141286 0.9990845580497444 0.0016400754262345736
-0.21430048232318868 0.998221400068215 0.0016408344737355648
-0.21330088494983135 0.9987384771005542 0.0016410640988944907
-0.2129116308238776 0.9994130436511827 0.0016427502117898976
-0.21191199246482062 0.9988008723808134 0.001642007068301944
-0.2115227788586735 1.0006315080313684 0.0016443602256509026
-0.2105230995132391 0.9998189023030628 0.0016419111456421266
-0.2101339268937011 1.0002485024860146 0.001640920269914669
-0.2091342065616576 1.002910286340457 0.0016427059534376474
-0.20874507539506912 0.9991243422418201 0.001640125855001242
-0.20774531361098558 0.9999547707698213 0.0016422570648122184
-0.20735622343054408 0.9987915878528559 0.0016413875375532756
-0.20635642065849458 0.999022706797356 0.0016404232892803612
-0.20596737193123302 0.9990010198062718 0.001640718624571239
-0.20496752770645765 0.9981289879560511 0.0016410870291084503
-0.20457851996625526 0.999805209762633 0.001642224902047981
-0.20357863475578564 0.9969519517271425 0.001641412572707229
-0.2031896684667178 1.000519272384945 0.0016402710646939618
-0.20218974180420413 1.0008416108533602 0.0016434759750394675
-0.20180081650174003 1.0004494437673628 0.001640959724374448
-0.20080084885262262 0.9997523446402766 0.001643789077675597
-0.20041196453676227 0.9991372905149288 0.001641189689720599
-0.19941195590172422 0.9986536680814238 0.0016426770483887374
-0.19902311303722484 1.000902993155276 0.0016438310495449087
-0.1980230629494596 0.9980016389104173 0.001640710448190503
-0.19763426107293156 1.0006942808177899 0.0016414071176260783
-0.1966341704630853 1.0021577804094184 0.001642495204253079
-0.19624540957429956 0.9998396717248496 0.0016421646933930123
-0.19524527751195786 0.9976366085397623 0.0016408273739138396
-0.19485655760909543 0.9992000652186952 0.0016426253990480394
-0.19385638456128584 0.9981462499292362 0.0016411469882517114
-0.19346770610977895 0.9986654270612939 0.0016414407552713063
-0.19246749160970433 0.9992722486424218 0.0016453367170314594
-0.1920788541448066 1.0012184622034803 0.0016421951853276633
-0.19107859865812282 1.0021338263865447 0.0016426317204227864
-0.19069000264481104 1.0000777456055214 0.0016412064770867038
-0.1896897057065413 0.9990969319591158 0.0016427039670257441
-0.1893011506796069 0.9968375188105784 0.0016388500858103955
-0.188300813220167 1.000079012925206 0.0016439029311949081
-0.1879122991809749 1.000938402567352 0.0016417262420242746
-0.1869119202685855 1.000085497159503 0.001642253118771814
-0.18652344721668163 1.0010638441330426 0.0016402259953298014
-0.18552302731791348 1.001399847103679 0.0016431619150382723
-0.1851345957171388 0.9994598737627738 0.0016416039585136787
-0.18413413436633197 1.002325602891801 0.0016437812407833017
-0.18374574375216643 0.9994556138471684 0.0016418190188019256
-0.18274524141475046 0.9993395456659662 0.001643115560457925
-0.18235689225330268 1.0001481479146763 0.001641184809763097
-0.18135634892883024 0.9962859572010797 0.001639298357090451
-0.18096804028833033 0.9978355286839705 0.0016403843573985111
-0.1799674559767933 0.9987531810232209 0.001644100911984111
-0.17957918878833476 1.0003308422804411 0.001640804197017288
-0.1785785630252118 0.9990628135601098 0.0016436045644178568
-0.178190336823357 0.9995099224162097 0.0016445424023801977
-0.17718967007431208 0.9994642074740548 0.0016412491404068186
-0.17680148532449863 0.9997328795420231 0.0016412243051190639
-0.17580077758861956 1.0036176144811784 0.0016435710036444946
-0.17541263336020535 1.001019380267677 0.0016428206561337046
-0.17441188463703805 1.0002084041073593 0.001643267016698164
-0.17402378186088888 0.9985573409031487 0.001640598519225698
-0.17302299168545654 0.9982081742309546 0.001641006022137473
-0.17263493036135144 1.0004307760353468 0.00164137890016864
-0.17163409873319324 0.9986426767423399 0.0016410410515008047
-0.17124607839705816 1.0021841618090024 0.0016421966493327183
-0.17024520624750072 1.0013155345052676 0.001643199403495001
-0.16985722689842617 0.9989916644182891 0.0016416650090910396
-0.1688563132963733 0.9995127562260742 0.0016443513990608116
-0.16846837493253755 0.9999112285890781 0.0016409943683829465
-0.16746742034479178 1.0023443716328533 0.0016443336307568398
-0.167079523432542 0.9991454509088447 0.0016404062684470184
-0.16607852785909927 1.0015657943122926 0.001642779975777878
-0.16569067193368364 0.9990560750951555 0.0016411723262977382
-0.16468963490819954 0.9993262947745659 0.001642431791020941
-0.16430181996870588 1.0010000705291318 0.0016411410468720594
-0.16330074195661803 1.0007123595026954 0.0016421119833534175
-0.1629129684693948 1.000747494160712 0.0016418145514479922
-0.16191184947024373 0.9973749288990208 0.0016405576236356329
-0.1615241169707628 0.9981641818768541 0.0016423092394575413
-0.16052295651866222 0.9983082589334912 0.0016429801136646576
-0.16013526500624317 1.0010480832880553 0.0016411603653397472
-0.1591340635679902 1.000762183486956 0.0016428998892871725
-0.1587464135069267 1.0003848296898814 0.0016426875454336263
-0.15774517108206998 0.9998529535874484 0.0016433641948587119
-0.15735756200693113 1.000832373795653 0.0016403487878531653
-0.15635627813048847 0.9989236544736755 0.0016421789758773021
-0.15596871004172702 0.9998405205081309 0.0016406389330539716
-0.15496738517890696 0.9993615571401716 0.0016419681420483476
-0.15457985854309503 1.0001382775270036 0.001641038624650912
-0.15357849269253132 0.9984310051696517 0.0016450132169065863
-0.15319100704355756 0.9999059098852888 0.001640421310531335
-0.1521895997409498 0.9989318497357663 0.0016418007122485593
-0.1518021550785798 0.9996333692136463 0.0016430418556833933
-0.150800707255485 0.9966412929173573 0.0016404275405159565
-0.1504133035799478 1.0011971859268065 0.0016418328025472597
-0.14941181430412986 0.9996127003005985 0.0016438649150160303
-0.14902445208108947 0.9989573981022887 0.0016417313245292275
-0.14802292135277606 1.0002917136774163 0.0016431556041442395
-0.1476356001161117 1.0002652708238393 0.001641459415295101
-0.14663402886685584 0.9988943646649997 0.0016421330856529542
-0.14624674861611614 0.9976475373176987 0.001640012182929995
-0.14524513591436483 0.997831491804072 0.0016421855624104142
-0.14485789711680505 1.0011715565027324 0.0016436488984839365
-0.14385624342867231 0.9983324578851196 0.0016428087432742281
-0.1434690456179413 0.9991446248045673 0.0016401801282740988
-0.1424673504777726 0.9978906652113763 0.0016410109377334688
-0.14208019365296895 1.0016472577717166 0.0016432777208779696
-0.14107845799185237 1.0009192576705155 0.001642550131255119
-0.1406913421534261 1.0001303622815982 0.001639563440517238
-0.13968956504027086 0.9978189526687962 0.0016416159983612551
-0.1393024906547941 1.0016219253227638 0.001641842868442981
-0.13830067255457834 0.9980538011158675 0.0016408235224972727
-0.13691177960231504 0.9992708939005079 0.0016418836616610847
-0.13652478765616655 1.000321545564619 0.0016422631945178605
-0.13552288711639482 0.9974227539834948 0.0016395653823557171
-0.13513593569096244 0.9998238244284865 0.0016421811582155706
-0.1341339941657228 0.9968883008908733 0.0016447061952204307
-0.13374708419165135 1.0001742665823963 0.001641717168746862
-0.13274510168048437 0.9997061101505015 0.0016429103561128938
-0.13235823269233488 0.9997521837963455 0.0016411532973973726
-0.13135620872913056 0.9996832965484846 0.0016414980876412405
-0.13096938119279206 0.9983446741096804 0.0016419625239110316
-0.12996731624230085 0.9964815577578717 0.001641017537490673
-0.12958052969416006 1.000423621871683 0.0016428390356449767
-0.12857842329071933 0.9981317513509171 0.001641677709175002
-0.12819167772986678 0.9975191112991857 0.0016402875257181778
-0.12718953080502682 1.0006037161198165 0.0016418447470378903
-0.12680282623032932 1.0025444951132512 0.0016411952360789784
-0.12580063785367168 0.9993285993146216 0.001642634136378338
-0.12541397473101284 0.9981704655693215 0.0016405829404151117
-0.12441174536820687 1.001933422998407 0.0016423685183588753
-0.12402512323215449 1.0023782586998307 0.0016426725882179708
-0.12302285241662536 0.9991446992839694 0.0016418506325021323
-0.12263627173283803 0.9974227484925813 0.001641253901336015
-0.1216339599309315 1.001979623949177 0.001642189106148571
-0.1212474202326161 1.0009424736741033 0.001642451707119518
-0.120245067445239 1.000788109764411 0.0016433010156733296
-0.11985856826763834 0.9992191371641628 0.0016435304204360872
-0.11885617449274799 0.9989918755777232 0.0016420473764127159
-0.11846971676900635 0.9982322605140327 0.0016405522770866073
-0.11746728200682777 1.0019653787367195 0.0016446906928038762
-0.11708086527037435 0.9973284129929719 0.0016393291708899581
-0.11607838905615575 0.997691432545686 0.0016424277455169218
-0.11569201377106327 0.9997910643060183 0.0016421930639477793
-0.11468949657023553 1.0003689821745563 0.0016414224159984581
-0.11430316227152043 1.0012729440561872 0.0016424819176286932
-0.1133006040843153 1.000228976519676 0.0016416569131301527
-0.11291431077288844 0.9986425199289607 0.0016399207751255287
-0.1119117111327338 1.000113862088151 0.0016430999541394641
-0.11152545927289288 0.9989591030712984 0.0016387445886208427
-0.11052281864635949 0.9990619803087103 0.0016462016502352963
-0.11013660777267095 1.0027428375343237 0.0016415089384066142
-0.10913392569477798 0.9997723946726477 0.001642603140025981
-0.10874775627403896 0.9999825458238821 0.0016414909308467552
-0.10774503320976725 1.000798242758325 0.0016412306241196007
-0.10735890477517522 1.0001913054181142 0.0016420259938493714
-0.10635614072430111 1.000570937566122 0.0016425391030588355
-0.10597005327586413 1.001204103257314 0.0016422664188101806
-0.1049672477729473 0.998289119659516 0.0016416910140859553
-0.10458120177654766 0.9987241919767713 0.0016403750058837934
-0.10357835528634529 0.997912282907839 0.0016415564696042858
-0.10319235027791566 1.000593237982217 0.0016406170618179223
-0.10218946280042507 0.9991731154733611 0.0016420427746379473
-0.10180349877905731 0.9973063758205245 0.0016402513359008875
-0.10080056984884356 1.0033587854671775 0.0016423558985109695
-0.10041464727883538 0.9984803371247135 0.0016390566495386235
-0.09941167736315105 1.0013554746314788 0.0016428925666046085
-0.09902579577883983 0.9983338675073178 0.0016403077537316404
-0.0980227848779126 1.0009314165730296 0.0016423774632865938
-0.09763694381454655 0.9991013383028899 0.0016417098397924716
-0.09663389239199238 1.001091540348827 0.0016426565101868738
-0.09624809231591455 0.9988415646828873 0.0016402540470673262
-0.09524499943995546 1.0003120881254963 0.001643677836267509
-0.094859241282033 0.9976818002856769 0.0016394278042832734
-0.09385610695403523 0.9988514437925795 0.001641211893609099
-0.09347038978271653 0.998342581760978 0.0016415607099878483
-0.09246721446811501 0.9982277107173351 0.001641939425310789
-0.09208153828408454 1.0005697607054147 0.001639937175073256
-0.09107832198219479 0.9996968594827945 0.0016427740786064552
-0.09069268678477345 1.001534269016134 0.001641414105807669
-0.08968942903152277 1.0004984555606538 0.0016411077493515122
-0.08930383528454613 0.9996691190383497 0.0016412676985822583
-0.08830053654560255 1.0014242747027498 0.001644508755745899
-0.08791498378523506 0.9985846964485086 0.0016407012854835776
-0.08691164405968232 1.0020672325775177 0.0016440191215469607
-0.0865261322863767 1.0015564103168118 0.001641657161556111
-0.0855227515737621 0.9996344243001863 0.0016404685832034646
-0.08513728078706023 1.0017546749036867 0.0016437330109761214
-0.08413385862172651 0.998521244723022 0.0016458107978793543
-0.0837484292875174 0.9993456084724404 0.0016396156468507352
-0.08274496613580629 0.9996357209911775 0.0016424637953012793
-0.0823595777888854 0.9984997160023442 0.001641396280317069
-0.08135607365079556 0.9990312184552919 0.0016421579258017332
-0.08097072629025341 1.0008541849273007 0.001641724590287547
-0.07996718116487533 1.0001427199572437 0.0016451980455956965
-0.07958187479071596 1.0002424665138647 0.0016417575700245484
-0.07857828867895511 0.9984546359608163 0.0016425562171310402
-0.07819302329139949 0.9981013196697727 0.0016397374468790239
-0.07718939619303489 1.0014303095992896 0.0016425968333139288
-0.07680417179208841 0.9997107062135134 0.0016437530039021065
-0.07580050324145338 0.998731113662236 0.0016424482135525378
-0.07541532029277194 0.9990973816702895 0.0016404464514114523
-0.07441161075553315 1.0000278814751167 0.0016427319174118643
-0.07402646925911675 0.9983947758932452 0.0016413257220074934
-0.07302271826961293 0.9981366034734639 0.0016412243311788829
-0.0726376177595793 0.9990340899121148 0.0016412350763090543
-0.0716338257846022 1.0008643192699476 0.0016413190304003773
-0.07124876626094731 1.0007336451196698 0.0016416427744728934
-0.07024493329868198 1.0014658369506757 0.0016425660155280216
-0.06985991476231532 0.9995867743033104 0.0016419609539444129
-0.06885604081230634 0.9978243533995682 0.0016409433936182825
-0.06847106326277248 1.0006110472600684 0.0016403503686505177
-0.06746714832638612 0.9989140085446828 0.0016417276977439355
-0.06708221176345601 0.9998947353738832 0.0016415088972605077
-0.0660782553748046 0.9978991919878922 0.0016412024623129083
-0.06569336026414492 1.0011644418480767 0.0016420191486721026
-0.06468936288888438 0.9987473697259363 0.001644724024879316
-0.0643045092295789 0.9992356736707666 0.00164201091942279
-0.06330047040387365 0.9991682696613615 0.001639734664978207
-0.06291565773026782 0.9991341461206054 0.001639008223351712
-0.061911577917953424 0.9963973446354976 0.0016408263809086678
-0.06152680623140946 0.9955617191690102 0.0016395325610679085
-0.06052268543135142 0.9995902356127966 0.0016443562118115306
-0.060137954732777464 0.9969422222366713 0.0016392107332499446
-0.05913379294565891 0.9988139177112958 0.0016423204429182182
-0.058749103233461 0.9988650866132943 0.0016405997419597974
-0.057744900459738686 0.9984348060240942 0.00164131134986269
-0.057360252199579444 0.9950611235605261 0.0016394771497627702
-0.05635600797381846 0.9981170911197249 0.0016430402257700625
-0.05597140070094745 0.9986603645335292 0.0016434715746648984
-0.05496711548858002 0.9983451651704783 0.001640139905701472
-0.05458254920141001 0.9985751686921532 0.001639526815732325
-0.05357822300288751 0.997428539392319 0.0016407319537333747
-0.053193697701414445 0.9991962951354177 0.0016391858989037386
-0.05218933051605779 1.0004327315633248 0.0016428839765245682
-0.05180484666775926 0.9963038722732637 0.0016400004341212621
-0.05080043803013757 0.9996495613789893 0.001643102783636896
-0.050415995168900905 0.9988851274625595 0.001640198479237342
-0.04941154554444371 1.0002200009012665 0.0016425913843772602
-0.04902714367026891 0.999335259169364 0.0016422739247380776
-0.04802265305875119 0.9979374930035313 0.00164307410385654
-0.04763829217095244 0.9975031881465181 0.0016393083963690555
-0.046633760573286394 0.9993824511626939 0.0016425352538489773
-0.046249441137302644 1.0010824939652352 0.00164204362800441
-0.045244868088275665 0.9960204995474589 0.0016413948352148077
-0.0448605896384389 0.9976644136218039 0.0016408737840169745
-0.04385597560235544 0.9981147540308972 0.0016438352103014735
-0.043471738139127816 0.9984841229417146 0.001642038693886428
-0.04246708311597979 0.9990875880788553 0.001641777665851447
-0.042082886639132254 0.9975184614943889 0.0016408513914872708
-0.04107819063005957 0.9974989687423989 0.001641944481608424
-0.04069403560525071 0.997528388776145 0.0016394282538734757
-0.039689298144139344 0.9985626211869186 0.001641398648983994
-0.039305184106618714 0.9992887560168332 0.001640103676688383
-0.03830040565821912 0.9984455337170898 0.0016406369384293193
-0.03791633260707587 0.9992023089957174 0.0016432271021736263
-0.03691151317320839 0.9958918640899014 0.0016393128526713768
-0.03652748157342608 0.9983357647370387 0.0016385720923331659
-0.03552262068728817 0.9997809197897599 0.0016426688577653359
-0.035138630074794085 0.9976480800961453 0.0016396236187650333
-0.03413372820045845 0.996831877922795 0.001643989852127117
-0.03374977857616209 0.9960556192707016 0.0016393211204458284
-0.03274483571476594 0.9976004525619365 0.0016419376437598501
-0.032360927541596064 0.9981930039249264 0.0016396716539344653
-0.03135594322907343 0.998008914604217 0.0016415230094993405
-0.030972076041600505 1.001455915362766 0.0016420233002879382
-0.02996705120881449 0.9983946283790371 0.0016402098514549102
-0.028578158723348342 0.9996561241850249 0.0016437088239530317
-0.028194373509771442 1.0016806632225517 0.0016415138692502838
-0.02718926623765583 0.9982135126801678 0.001641710809314625
-0.02680552201046036 0.9964134493746347 0.0016398121901376294
-0.02580037375105382 0.9966242198032389 0.0016429095646710314
-0.025416670976578813 1.001890867997259 0.001642090841089813
-0.024411481265133598 1.0002939744729125 0.0016423291816838252
-0.02402781947794682 0.9995359655355097 0.0016409766564991835
-0.023022588779213374 1.0004390988174663 0.0016427659655179002
-0.022638967979314827 0.9995418974583413 0.0016413199686591993
-0.021633696293519515 0.9961627743479533 0.0016423825014171688
-0.021250116945433276 0.9971278207573258 0.0016387841466751825
-0.02024480427394371 0.9984556145222314 0.0016433328145660194
-0.019861265445437714 0.9997839911288701 0.0016410489371570189
-0.01885591178893298 0.998280639713202 0.0016413021030897597
-0.01847241441178253 0.9984040155463663 0.0016392672998691434
-0.017467019302103263 0.9973638707871167 0.0016418118169673746
-0.017083562912924174 0.9992114901607115 0.0016396913964156494
-0.01607812681572762 0.9976756227341939 0.001641072659642294
-0.01569471187927438 0.9973788075746438 0.0016393771453802352
-0.01468923433071689 0.9977225420145267 0.0016400696985515103
-0.014305860379957907 0.9973110183958709 0.0016390022488961982
-0.013300341844796667 0.998054602627748 0.0016420631275640893
-0.012917008881325914 0.9979259291588177 0.0016411067402223331
-0.01191144982453773 0.9983398549616387 0.0016415215877369424
-0.011528157847444365 0.9966202222417566 0.0016386459004984256
-0.010522557339299292 0.9986598870716568 0.0016415905857707566
-0.010139306348133283 0.9975497518006379 0.001638397885113371
-0.009133664852697284 1.000004537581457 0.0016451570718761623
-0.008750455314478097 0.997762789562711 0.0016432224707304548
-0.007744772366322986 0.9972601251107257 0.0016417896479042958
-0.007361603814935262 0.9976088213934691 0.0016398221506075657
-0.0063558803465181245 0.9974518190758261 0.0016422913405951852
-0.0059727527812854665 0.9974617669250213 0.0016394072135295667
-0.004966987860825611 0.9996042583738577 0.001642829092180691
-0.004583901281968995 0.9995887355290204 0.0016437595384031004
-0.0035780953751330985 0.9969114702988008 0.0016407425261047773
-0.0031950502487719254 0.9983655782378764 0.0016401959159224432
-0.0021892028896669485 0.9977030497912441 0.0016427098007406377
-0.001806198750139932 0.9980223271055201 0.001640165688945939
-0.0008003108694080125 0.998606234785759 0.001644492601987438
-0.00041734771649013663 0.9979394001083592 0.0016404392713983303
0.0005885816169662845 1.001278649070217 0.0016421828204519952
0.0009715037830526988 0.9983715769863475 0.0016409609058025234
0.001977474102886508 0.9975945760620678 0.0016405397595403244
0.002360354816707884 0.9987551808157561 0.0016411142437836458
0.003366366123145444 1.0000428929023326 0.0016413040970710282
0.003749205850357679 0.9987468695925681 0.001639852020469446
0.004755258609065668 0.9992575468614289 0.0016435002931893764
0.0051380573499005145 0.996428734040182 0.0016434889090922885
0.0061441510940763965 0.9972269220313551 0.001641591328684051
0.0065269083835557 0.9984603299294883 0.0016408220696433687
0.00753304357999662 0.9973738331285563 0.0016423934725434551
0.007915759882414056 0.9987483377098526 0.0016436340134663048
0.008921935600710976 0.9974906696163973 0.0016421056120938526
0.009304610915384762 0.9971371539720074 0.0016412683093442657
0.0103108280866312 0.9973884059724102 0.0016420656226863012
0.010693462414695844 0.9987973320527964 0.0016428099617959108
0.011699720571868293 1.000090141299135 0.0016420677400105672
0.012082313448351029 0.9962827162432983 0.0016415880193375466
0.013088612591900865 0.9973754051662486 0.0016420533402850602
0.013471164482232578 1.0006871058888547 0.0016406616211657398
0.014477505077821088 0.9973628897385832 0.0016403775791775698
0.01486001598222814 0.9981628386075673 0.0016404489941505807
0.015866397097624604 0.9973698486285406 0.0016455359338023415
0.016248867016109687 0.9988755338869231 0.0016433229623094535
0.017255289584000248 0.9984001942277739 0.0016421066845679565
0.01763771851474168 0.9961484054081444 0.0016416675490215017
0.018644182070374545 0.9973899601384828 0.001640204331486779
0.019026569547712386 1.000034998251147 0.0016409072579378458
0.020033074090179407 1.0013071645853833 0.0016443414306680291
0.020415420581588545 0.9981439594559616 0.001640095170332531
0.02142196657609963 0.9991715837765754 0.0016450769351619358
0.02180427208090502 1.0004112358598432 0.0016405582476869476
0.022810858596130856 0.9945405306846858 0.0016414774982884248
0.023193123113875724 0.9975100348993742 0.0016433361707690395
0.024199751081369295 0.9966346487031419 0.0016413057193098706
0.024581974147072794 0.996284878964914 0.0016384739495793133
0.025588643567743593 1.0007363695001774 0.0016444911196626115
0.025970825647068353 0.9974868596894879 0.0016413113493182212
0.026977535588912024 0.9969492585549129 0.0016427532317820467
0.027359676681402628 1.0008174500651381 0.001641361321187278
0.028366428073922752 0.9988651368868389 0.001641202496976669
0.028748527714373334 0.997807616260284 0.0016392395109021951
0.02975532009418169 0.9977519838080967 0.0016428093460013407
0.03013737921323708 0.9988215647269331 0.0016419467664613551
0.031144212580101912 0.9979112854331379 0.0016404490292883916
0.031526230246886874 0.998741439915897 0.0016408583526800245
0.03253310459945135 0.9975773505063762 0.0016425134794054257
0.03291508128076842 1.0001204130194907 0.001639890763479458
0.03392199708605471 0.9973535327411296 0.0016419176010634962
0.03430393231373913 0.9978622806202492 0.00164090940925096
0.03531088910699543 0.9960284159752639 0.0016410680294548319
0.03569278381237112 0.9987027997513764 0.0016412217443540615
0.03669978159200616 0.9983314154683434 0.0016407941201920103
0.037081634846705396 0.999376626626342 0.0016410304212766827
0.038088673612265096 1.0011286113405935 0.0016426126797855687
0.03847048588126604 0.9974157674764582 0.001639962500282454
0.03947756609818532 0.9980486890676662 0.0016406943627322896
0.03985933737989803 1.0032103850833796 0.0016428321113127304
0.04086645811753476 0.9971707710045117 0.001642674842793863
0.04124818841355321 0.997242172449095 0.0016410316954192652
0.04225535060299956 0.9966151070928936 0.001640186671558328
0.042637039447434764 0.9980198141449232 0.0016412354291576719
0.04364424262371392 0.9985919913945537 0.0016424912222037069
0.04402589048040547 0.9992691555009713 0.001640212558493287
0.045033135110315925 0.9995351692291494 0.0016425239321593227
0.045414741513376176 0.9979710120156542 0.0016396207119563696
0.04642202712989308 0.9969107132628309 0.0016414239171759384
0.04680359301291362 0.9987728463933206 0.001639920242026502
0.0478109196158133 0.9965940448578425 0.0016417732497180956
0.048192444047247894 0.9999356501340204 0.0016411921587968698
0.04919981163607224 0.9965130389240449 0.001640612047277249
0.04958129508112944 0.9995888348578339 0.0016420509775122152
0.05058870412108297 0.999647226506726 0.001641899155074979
0.05097014611410015 0.9974885402678181 0.0016403746553685342
0.05197759614179597 0.9977588142285233 0.0016413159472611187
0.05235899714775533 1.001795599958242 0.0016409764675799263
0.0533664881629644 0.9999181937514232 0.0016427820758704382
0.053747848647066415 0.9971330614589532 0.001640501486862082
0.05475538064797513 0.9987741714388884 0.0016445229571338462
0.05513669968026887 1.000625324655477 0.001640936733285816
0.05614427266823407 0.99919457181299 0.0016420659367260724
0.05652555071323958 1.0002068769075572 0.001641049093289512
0.05753316515415429 0.9973606455526776 0.001641990467998646
0.057914401746889374 0.9973767892369577 0.0016401132984018231
0.05892205717350373 0.9976379908208907 0.0016446199309079787
0.05930325278145002 0.9994802351158494 0.0016404088676590177
0.06031094919467216 0.9986948119044465 0.0016428432662138968
0.060692103815105196 0.9951130767308627 0.0016389115776047414
0.061699841681047814 0.9974566237106299 0.0016428645774239751
0.06208095531373719 1.0013365654049797 0.0016424475124421866
0.06308873370039725 0.9965921507114925 0.0016420517472638262
0.06346980634761874 0.999762989267015 0.0016414646958193165
0.06447762572065618 0.9997239876406517 0.0016426129063031375
0.06485865738126853 0.9973947775435638 0.0016390126100237804
0.06586651820657641 1.001689769787135 0.0016421959170854037
0.0662475084144656 0.998119485064004 0.001639739426943297
0.06725541022615221 1.0003725477718919 0.001645422476090772
0.06763635944812078 0.9994413310796899 0.0016416808358085408
0.06864430224618479 0.9974245376277574 0.0016421043028753014
0.06902521048177597 0.9963196706820908 0.0016389441692451184
0.0700331947330145 0.9994173622281594 0.0016432896484876074
0.07041406151474668 0.998782515690873 0.001640079649873249
0.07142208675327344 1.000101962589837 0.001643114608434071
0.07180291254862284 0.998563597459858 0.0016407447729051422
0.07281097877262288 0.9987087389146783 0.0016469945637661715
0.0731917635829571 1.0008041472826865 0.0016403632650461462
0.0741998712585431 1.0006230745871285 0.001643913676530747
0.07458061461683867 0.9989630650981155 0.0016401036240795976
0.07558876327880204 1.00166919008467 0.001642273670452628
0.07596946564980937 1.0003161294603191 0.0016406963470771724
0.07697765529906098 0.9996497793523681 0.0016440337724679744
0.07735831714844137 0.9989214730922413 0.0016398489102089154
0.078366547319774 1.0009342441405296 0.0016424090014945417
0.07874716818232291 0.9996163750720612 0.0016397844652477412
0.07975543980569422 0.9978710865287608 0.0016434950160089646
0.0801360192159781 1.0017371872774763 0.0016439070986151798
0.08114433182504366 1.0013034891089678 0.001641648994854146
0.0815248702489488 1.0009931235614316 0.0016417121572632049
0.0825332238453026 0.9984609264709072 0.0016429201972109832
0.0829137212825986 1.000260384279672 0.0016418313815278404
0.08392211586556153 0.999655880306402 0.00164331304529066
0.08430257231715924 0.994930441083229 0.0016377780897653261
0.08531100835057226 1.0011072318520289 0.001642208114531064
0.08569142335081442 1.0009287332007228 0.0016414089411197848
0.08669990037174069 0.9994924408163007 0.001643724065890834
0.08708027438378513 0.9990616255918263 0.0016413263374073425
0.08808879239245504 1.002394620252036 0.0016433183544667196
0.0884691254169822 1.0013236626167483 0.0016398131315685657
0.0894776844120322 1.0005167011582172 0.0016441740565890759
0.08985797645063738 0.9982459696721931 0.001640764342755133
0.09086657643206342 1.0007510552870256 0.0016421834325930358
0.09124682748451353 1.0003691493839408 0.001640264234500281
0.09225546891798364 0.9991824147373312 0.0016419385944160118
0.09263567851748424 1.0002281814717937 0.0016400587203311676
0.09364436093778716 0.9991284480961542 0.001641492398787716
0.0940245295518239 1.0014045906720457 0.001640929267378353
0.09503325295850151 1.0016285062735972 0.0016437239849522633
0.0954133801204969 0.998459625344829 0.0016403639800483308
0.09642214497921453 1.000720777458945 0.0016426266067913098
0.09680223115369396 0.9982479819622032 0.001636146729269935
0.09781103699901939 0.9970980312026592 0.0016411296520497357
0.09819108218666467 0.9982989077405728 0.0016374184858864306
0.09919992901836883 1.0010905032924715 0.0016440301106559088
0.09957993322031446 0.9975152876736485 0.0016386149333714158
0.10058882103862776 0.9980751248594667 0.0016444477417461628
0.10096878425419602 0.9991595011445161 0.0016411231297896454
0.10197771352454799 1.000338629061385 0.0016414698536961502
0.10235763528716672 1.0004461516356384 0.0016396079612405374
0.10336660554480692 0.9998653129230655 0.0016432908264652892
0.10374648632013743 1.0011344837481322 0.0016414532934754845
0.10513533735470346 1.002093009700842 0.0016448726022658833
0.10614438958577888 0.998254303156068 0.001641958022947447
0.10652418838903772 1.0011227442586699 0.0016413579239994858
0.10753328160512832 1.0019385851654679 0.0016437666712292459
0.10791303942223479 0.9998952774027539 0.0016417560230659045
0.10892217362538725 1.0009978529891475 0.0016423129786168466
0.1093018904552055 0.9993353733160292 0.0016410438534544547
0.11031106564564619 1.0001147716840986 0.001642038590697653
0.11069074102319401 0.9995499395517791 0.0016393988005866914
0.11169995766590513 0.9985428326691568 0.0016429615414974067
0.1120795920568492 0.9980809484509425 0.0016389019605497674
0.11308884968661947 1.000903317223235 0.0016446322357825769
0.11346844309004626 1.0013916575260833 0.0016416528107166305
0.11447774170687841 1.0014494066166135 0.001642917735698727
0.11485729412301697 0.9989646553134728 0.0016394266171320512
0.11586663372668193 1.0021281942947073 0.0016437012153686548
0.11624614515667216 0.9978562644674334 0.001640872591745616
0.1172555262123758 1.0008241470935864 0.0016451030859271506
0.11763499619123279 0.999994062343688 0.0016403073138941378
0.11864441823240701 1.0004612485919182 0.0016432835386079923
0.11902384675922668 0.9987170259191405 0.0016406547803795013
0.12003331025266595 1.0002655912013105 0.0016448633907898726
0.12041269779310285 0.9983136770968295 0.0016440947685162292
0.12142220227383438 0.9985517118832197 0.001642564225793206
0.12180154882675803 0.9972644667898579 0.0016388168018120193
0.12281109429386561 0.9994572418594679 0.0016438661763653049
0.12319039985972874 0.9944830884669277 0.001638745260206426
0.12419998631344276 1.0014382348560966 0.0016426971190538144
0.1245792508929258 1.0004268579798126 0.001640860824748753
0.1255888783327922 0.9978255415009748 0.001642227299531098
0.12596810146091972 0.9993466608045045 0.001640973528153953
0.12697777035305113 1.0010093976755048 0.0016418393731828583
0.1273569524945695 1.001838299681507 0.0016428176623848512
0.12836666237331007 1.000869129915713 0.0016426769509138273
0.12874580352845105 0.998096542223211 0.0016424276717336382
0.13013465456210624 0.9979213152318763 0.0016434263388562596
0.13114444594862074 1.0001222423530214 0.001645717909392231
0.13152350559575604 1.0019893934050161 0.0016404227988407998
0.1329123561639763 1.00038890340391 0.001640913421800298
0.13392222998845682 1.0000664820743226 0.0016486772182331148
0.134301207196947 0.9974253727721797 0.0016390459763385384
0.13531112200848805 0.9985465117579753 0.0016462051711605959
0.1356900582299177 0.9995166009804534 0.0016404934433370316
0.13670001402874699 1.0012409883750002 0.0016436408712519632
0.13707890879813797 0.9966701155440745 0.0016392923352602624
0.13808890604900592 1.0006764155647465 0.001644193569885093
0.13846775983178775 0.9991877184057731 0.0016396201278371682
0.13985661086544293 0.9989064185371301 0.001639701638890772
0.1408666900899792 0.9963229881441662 0.0016401856549276114
0.1412454618993191 0.999776367853902 0.0016419341476352181
0.14225558210978273 0.9977036389063141 0.0016409675182323946
0.142634312467313 1.0000536187056381 0.0016403718862298758
0.1440231635009682 1.000430863343923 0.00164033747235609
0.14503336615007423 0.9995618383781792 0.001642612330454474
0.1454120145339389 0.9991213148656319 0.0016410169906816876
0.14680086510215376 1.0006864521257643 0.0016462493041287149
0.1478111497256126 0.9978500629733272 0.0016415312204959226
0.14818971613580895 1.0012233993716195 0.0016414780813049554
0.14920004174587154 1.0008643426413566 0.0016433029304015116
0.14957856716900603 0.9978232774742406 0.001640634064798089
0.15058893376522098 0.99894184726543 0.001643494432574892
0.15096741773699993 1.0024305361784718 0.0016446618541755094
0.15197782578547991 0.9991417842514783 0.0016428919898334863
0.15235626877133418 1.0008201769439433 0.0016425956381596275
0.15336671780573885 1.0008565237998444 0.001643187839180344
0.1547556098259978 0.9995717375126588 0.001643782306219536
0.15513397037252516 0.9993294519745832 0.0016397983112689347
0.15614450138036773 1.0009894521399345 0.001643068185789177
0.15652282140549587 0.9984132150889746 0.0016406924446239408
0.15753339340039896 1.000614393202158 0.0016424986614285225
0.15791167197348438 0.997771038093373 0.0016422636064822153
0.1589222854206579 0.9983463741255878 0.0016432174858757856
0.1593005230073659 0.9994829340185558 0.00164064514879886
0.16031117744046275 1.001294804313727 0.001645188484488218
0.16068937404033662 0.9992569979530468 0.001640001560315539
0.16170006946049398 0.9999784447490089 0.0016466490319000345
0.16207822460764604 1.00098605085518 0.0016408306289142551
0.16308896101486392 0.999714047469871 0.0016426981471201012
0.16346707564220667 1.001125403633048 0.0016410460995648123
0.16447785303512286 1.000127215344721 0.001643042973598172
0.16485592621087966 0.9985075052500711 0.0016402109386375189
0.1658667450562913 1.0006967913366294 0.0016424244707797537
0.16624477724407674 1.0009589679994515 0.0016415323235863906
0.16725563707632252 1.0008617103758908 0.0016426174866749983
0.16763362781138616 0.9977634660570619 0.0016399468144092173
0.16864452863023838 0.9981218916424502 0.0016415582063495071
0.16902247884504135 0.9974378386557186 0.001640497480407678
0.1700334206504973 1.0004372661885168 0.0016423602119466293
0.17041132987869653 0.9977586466169526 0.0016393737997993333
0.17142231267075625 0.9987981339257107 0.0016421225724030924
0.1718001804462323 0.9989578128080917 0.0016450323425360991
0.17281120422512752 1.0002081814801054 0.0016422303183403033
0.1731890314798821 0.9983218995617128 0.001643696718996836
0.17420009624606825 0.9987407611972255 0.0016429768372170416
0.1745778820485551 0.9988509727612523 0.0016435402127163601
0.17558898826632718 0.9971738703273707 0.0016417466617271968
0.17596673308243663 1.0003920017239198 0.0016403208754278737
0.17697788028567663 1.0018338946996446 0.0016438399466325367
0.17735558364974605 0.9996919702304558 0.0016407076653503104
0.17836677184027427 1.0002508030395247 0.0016420255542200935
0.1787444346836276 0.9992785673520088 0.0016403102427877498
0.1797556638605332 1.0015999275950391 0.0016459681626559929
0.1801332852516215 0.999197855096397 0.0016395617999850163
0.18114455588079215 1.0018103543391055 0.0016422405818756001
0.1815221362845922 0.9987933920518633 0.001640184155106592
0.1825334474353898 1.000372945934405 0.0016425421370641414
0.18291098685212798 0.9992716314748279 0.0016427747134833987
0.18392233945542102 0.9994390702385504 0.0016439137115965082
0.18429983788577778 1.0012847191599625 0.0016405783130680883
0.18531123147545225 0.9991768123879697 0.0016431139560111356
0.18568868845445077 0.9991999494903016 0.0016404747668833234
0.18670012302959582 0.9999365177225031 0.0016437344950804838
0.18707753902244467 0.9998577300784557 0.0016419732699354307
0.18808901504985476 1.0000240078900473 0.001642852141967549
0.18846639005564172 0.9970835763393164 0.0016391289587564042
0.1894779066049065 1.002532338468187 0.00164394371086563
0.18985524062363562 1.0014959038801254 0.001642528267216737
0.19086679862516542 0.9980629721242651 0.0016448215796008915
0.1912440916575118 0.9979524565175566 0.0016396029571970959
0.19225569064542436 0.9995656579872672 0.001644068935517767
0.19263294222482122 1.0008851735067417 0.0016437905350770309
0.193644582200022 0.9988878329559537 0.0016421507546693617
0.19402179325779192 0.9985336961867857 0.0016444965608364394
0.19503347421937145 0.9991220840070079 0.001641539450505707
0.19541064382601217 0.9991001232669021 0.0016404211417066336
0.1964223657739691 0.9974951310157322 0.0016450334107278924
0.19679949439468516 0.9985840546883497 0.001640230191532366
0.19781125779468345 0.9988627943576146 0.0016414528287131559
0.19818834542834035 0.9996556758806726 0.0016409216707038016
0.19920014981494238 0.9988371750065651 0.001643340819346679
0.19957719599632887 1.0003976489652382 0.001638650462083654
0.20058904136954003 0.9989245457348283 0.0016426273734765422
0.2009660470302104 0.9991548945896629 0.0016394565801706308
0.20197793338979897 0.9982422487717845 0.0016426533399624796
0.20235489759751982 0.9978126295227248 0.0016386329664340408
0.20336682494348712 1.0009057635155776 0.0016451914080538254
0.20374374816482924 0.9981738898221219 0.001639688843429842
0.20475571696374606 0.9990343571104058 0.0016451882938145815
0.2051325991987108 1.0011087838725807 0.0016417978780747852
0.2061446085183437 0.9993099467607444 0.001641008688905534
0.2065214497667047 1.0000026110150524 0.0016396682033042447
0.20753350053860264 1.0012871280616067 0.0016434816161524056
0.20791030033424046 0.996695239707848 0.0016379223669785818
0.2089223920932003 0.997311418844262 0.00164434146416946
0.20929915136789026 0.9984657076356424 0.0016398536788868245
0.21031128411345923 1.0012677004439459 0.0016438133341809722
0.21068800193656326 0.9988795223586012 0.0016402257952908537
0.21170017566782917 1.0017067343658095 0.0016428549999415697
0.21207685250455716 0.9989381300285802 0.0016393115240045644
0.21308906768740632 1.0023200507308165 0.0016424619313218517
0.2134657035377542 1.0007295055802556 0.0016414482451099454
0.21447795924200397 1.0015672282526646 0.0016437135955247656
0.21485455410506363 0.9993685407495843 0.0016398665164260378
0.21586685126271699 0.9988818168189646 0.0016447029282514038
0.21624340467305753 0.9990843369852516 0.0016384689091712746
0.21725574281731463 1.0016589461355743 0.0016479632284160137
0.21763225524127242 1.0007213735886638 0.0016448982959101895
0.21864463483757357 0.9990486387305259 0.0016422238904624487
0.21902110627424312 0.9994522381968713 0.001641829544234511
0.22003352639217122 0.9981418386053655 0.0016418160447204293
0.22040995684246337 0.9976854266080671 0.001638413629115838
0.22142241794585937 0.9964761984904872 0.0016411847189406906
0.22179880741113636 1.0014104203320788 0.0016415655437457474
0.2228113099661183 0.9993452430376506 0.0016421357799011546
0.22318765844479155 0.9974646015301694 0.001638484701344602
0.22420020152117137 0.9992549972504163 0.0016424179161308831
0.22457650901232734 0.99774457879261 0.0016427356085017691
0.2255890935414303 1.000556276456312 0.0016439448394150087
0.22596535958032124 0.9990552445343234 0.001639896031799367
0.22697798509602796 0.9979847876978778 0.0016413607088456143
0.22735421014830973 0.9988446938285748 0.0016392530581797475
0.2283668771162869 0.9982720552214293 0.0016413253657872233
0.22874306071561915 1.003249084894736 0.0016441632555896537
0.22975576866997505 1.000421466240838 0.0016431422007384836
0.23013191174881623 0.999066424215478 0.0016409094829739203
0.2311446602245727 1.000741735169611 0.0016438985235255295
0.2315207623174946 0.9971843855479477 0.0016374915024002124
0.23253355224574113 0.9986786142600084 0.0016443969314310922
0.23290961288639395 1.0001369169651082 0.0016405129278560348
0.23392244380011107 0.9993369671996797 0.001643530371365441
0.23429846345370337 0.9981183664535391 0.0016390274707651315
0.235311335354481 0.9980510918114559 0.0016410901324156006
0.23568731402101278 0.9990559461585071 0.0016375065204266754
0.23670022737473995 0.998730054621657 0.0016425790247434166
0.23707616505489434 0.9992271724277404 0.001638152942697864
0.2380891189286558 1.0016391603048984 0.0016431528192097503
0.23846501562288283 0.9953451593811783 0.0016373144558255808
0.23947801048257167 0.9984584265632868 0.0016414959815364122
0.23985386619019225 0.9978174647796185 0.0016392642287111055
0.24086690250328469 0.9984722375815637 0.001644359045189801
0.24124271675772804 1.0009541606692873 0.0016408141125472647
0.24225579405879183 0.999703960570015 0.0016422909555489135
0.24263156732640104 0.9990869132894884 0.001638952637925265
0.24364468561247998 0.9996424239104046 0.0016432066656180274
0.24402041789507942 0.9990405867579552 0.0016392149989476077
0.24503357763273892 0.9983271149321256 0.0016447334948696132
0.24540926892805012 0.9990790524340315 0.0016406761959756283
0.24642246918733657 1.0014301798315393 0.001643705451619936
0.2467981194955859 0.9995787794859308 0.0016391567695378968
0.24781136074102472 1.001185066706074 0.0016428417905651374
0.2481869700635744 0.9990257865137331 0.0016395684455257926
0.24920025276128366 0.9978289518210821 0.001644881438329123
0.24957582063179468 0.9997794114264841 0.0016416367933104724
0.2505891443165631 1.0016863528700504 0.001643304163765821
0.2509646711991041 0.9982515823170037 0.0016401667157879267
0.25197803587093437 1.0001009131718557 0.0016429357480536035
0.25235352176709797 0.9980864413511304 0.0016420290660535423
0.253366927425532 1.0001644625871315 0.0016421748087842517
0.2537423723350865 1.000677593204456 0.0016417703892723915
0.25475581944579095 0.9992138010261479 0.0016439627094252485
0.25513122290330675 1.0002068908305837 0.0016404555667911824
0.2561447109997068 0.9994550318736932 0.0016438839742884512
0.2565200734713006 0.9999249590584424 0.0016395243343077875
0.25753360255407676 1.0010922879611588 0.0016439951024102206
0.25790892403928917 0.9965575892423639 0.0016390033415312197
0.2589224941095839 0.9997661859313295 0.0016426404883548161
0.2592977746075094 0.9982179947274009 0.0016430715382168336
0.26068662517481883 0.998233877656018 0.0016395220051910982
0.2617002776842128 0.9995279120823631 0.001641859674554466
0.26207547620778954 1.00044515163609 0.0016409252268249398
0.2630891692385827 1.0014609757819406 0.0016434662141904734
0.2634643267760098 1.0013749632021902 0.0016412785903643947
0.2644780607927263 1.0005434866972698 0.0016437929176236917
0.2648531773439983 1.0008023714767305 0.0016413747557934486
0.26586695234641444 0.9996111044278166 0.0016449358531950642
0.2662420279119922 0.9998666642498693 0.0016422393701148261
0.2672558439014662 0.9995224047936931 0.0016422175096950024
0.26763087848020706 0.9987041155497711 0.0016408676503037363
0.2686447359226346 1.0006558693581296 0.0016432259583121528
0.269019729048201 1.000416346351783 0.0016431439350287754
0.27003362747632276 0.9992500575306088 0.0016439536831161364
0.27040857961619486 0.9979859935011619 0.0016384767294796829
0.2714225190309204 0.9993337400914376 0.001644550993311047
0.27179743018373065 0.9983032013622237 0.0016390339881364579
0.27281141058551805 1.0000475082970712 0.0016436109989708893
0.27318628075104007 0.9991096065499319 0.0016391721678234246
0.2742003021392062 1.0015693463995943 0.0016418555807051565
0.2745751313190286 1.0030092754257867 0.0016421553251325682
0.27558919369471335 0.998404909957186 0.0016431855961329311
0.27596398142158757 0.9992304505115375 0.0016400666095360717
0.2769780852497664 0.9992824258570514 0.0016430272827960553
0.27735283198958144 0.9999561735290723 0.0016420589190117832
0.27836697680368094 0.9988593818226353 0.0016421546437871849
0.27874168255757 0.9968769515820044 0.001638968195950299
0.2797558688237135 1.0004873713830145 0.0016433646009083429
0.2801305331257902 0.998308642356743 0.0016378582255555602
0.28114476037831115 0.9990107240799113 0.001643955748704883
0.2815193836937841 1.0007736576145658 0.0016410721451795088
0.282533651932227 1.0002985352287432 0.0016425428251041626
0.2829082342613199 1.0002787733566132 0.0016416309093961327
0.28392254348750645 1.0008717340787365 0.0016462386252356672
0.28429708482930843 0.9994494983836067 0.001640802921665656
0.2853114350425582 0.9987749390759756 0.0016419707121031767
0.2856859353973023 0.9982952481808639 0.0016386341552688897
0.28670032659670175 1.0007282876122063 0.0016429490415164722
0.2870747859646117 0.9974528682995031 0.0016397350041739251
0.2880892181512994 1.0007086846856308 0.0016431040315086232
0.28846363653283197 1.0015816619816633 0.0016438012491006592
0.28947810970566934 1.0009230584295332 0.0016433187045254546
0.28985248710150496 1.0000813441750005 0.0016409398121139621
0.2908670012595852 1.0004864906346398 0.0016426203362569477
0.2912413376697198 0.9996840636638248 0.0016400524773485536
0.29225589281418285 0.9968843798733736 0.0016412036784540127
0.29263018777136796 0.9989224231912416 0.0016420004245789929
0.2936447843692346 1.0026562501515939 0.0016454191981692995
0.2940190383386774 0.9992368243111335 0.0016396619937571572
