-0.25600680462866876 0.997857607310845 0.0029838373113924826
-0.2554969414555099 0.9953656919892625 0.0029792835810985435
-0.25461792148144013 1.003383471232512 0.002985672252092733
-0.25410809509552296 0.9978312103386977 0.002981177231634695
-0.2532290387998728 1.0033434283956333 0.0029895470966498756
-0.25271924920165273 1.0014559419386704 0.0029899215598471495
-0.25184015565264417 1.0010283775488418 0.002983141549762345
-0.2513304033073271 1.0020368807069449 0.0029822097902977994
-0.25045127297107683 1.003221416954032 0.002989137707264487
-0.24994155694734016 0.9981651194691905 0.0029794505593228196
-0.2490623898247577 1.0001783542725857 0.002986508860466316
-0.24855271105301452 1.0084844596903306 0.0029856141713067103
-0.24767350714409986 1.0007428364533855 0.0029867292706930587
-0.2471638646930276 0.9977910884535712 0.002980778972787916
-0.24628462399687123 1.0021276699666994 0.0029856275097064518
-0.24577501879870195 1.0015112421497745 0.0029831184850545147
-0.2448957413153039 0.9964765125455595 0.0029813794943882466
-0.24438617290346545 1.002762549104206 0.002984123055908942
-0.24350685816807527 0.9970699179112442 0.002983818283658629
-0.24299732654348122 0.9983994726188707 0.0029818601001635734
-0.24211797548696268 0.9987440198012514 0.0029845285769291743
-0.24160848064915288 1.0030690264689683 0.0029882778737440087
-0.24072909233973405 1.0020516965594983 0.002986533141346349
-0.2402196342896214 1.0035766227874545 0.002981652928501378
-0.2393402096581667 0.9960960994939311 0.00298234082211184
-0.23883078839529576 1.0014939947747707 0.0029827979054142034
-0.23795132651139284 0.9973808670560917 0.002984829066709613
-0.23744194250097012 1.003687056369944 0.00298225425235875
-0.2365624438298255 1.004380844252292 0.0029851289774802214
-0.2360530961414386 0.9961290058954525 0.002982307369541953
-0.23517356068259687 1.0054455091137084 0.0029922304915961195
-0.2346642502462048 0.9934280737394665 0.0029790585404427194
-0.23378467800102953 1.001665405483117 0.002982454344058694
-0.23327540435142374 0.9956807411407218 0.002978483849772414
-0.2323957953194622 1.0020623109721971 0.0029833339234016138
-0.23188655799143681 0.9987620285695429 0.0029797815652484747
-0.23100691217268832 1.0002186822796604 0.0029822769368538244
-0.2304977120975639 0.9956749715600532 0.002981536350097413
-0.22961802949112098 0.9954898239622176 0.002983642969679867
-0.22910886573757966 0.9967486443550676 0.0029804031359319237
-0.2282291463443471 1.001904397279167 0.0029844173682086086
-0.22772001984325133 0.9979271491107631 0.0029820092462677188
-0.22684026366277976 0.9985068732789999 0.002983746442224132
-0.22633117394892838 1.0002090707644378 0.0029808168378386395
-0.22545138098121242 1.0036103960059308 0.0029883524658630674
-0.22494232758893876 0.9990055403820297 0.0029846069437822658
-0.2240624978339838 1.0000297820289044 0.002986844332253556
-0.22355348169506856 0.9953766969275865 0.0029788767658738787
-0.22267361515241646 0.9976257237129103 0.0029859849008726843
-0.22216463580028747 1.0037321909119703 0.0029832333596263925
-0.2207757899050537 0.9985607366626934 0.0029812317259385558
-0.21989584932407524 1.0044092501701845 0.0029905894016060168
-0.21938694354506677 1.0034356210516888 0.002981883674880627
-0.2185069666425079 1.0033382005995801 0.0029867875418183296
-0.21799809765119654 1.0030201816634328 0.0029849407928253745
-0.21711808396139531 0.995168093551693 0.002981168873036971
-0.2166092517568709 1.004147715541538 0.002983000097682785
-0.2157292008141667 1.0018714373072075 0.002986318611650674
-0.21522040539688397 1.0016924281789708 0.0029818608427483804
-0.21434031813259935 1.0023881685776144 0.0029848221971925173
-0.21383155950301105 0.9988915822404542 0.00298106853737317
-0.212951435451032 0.9935858613829076 0.00297819906168435
-0.2124427136086881 1.003018047085773 0.0029829667643056315
-0.21156255276946467 0.9999580746397665 0.0029850910456244396
-0.21105386771435977 0.9973134851496983 0.002978939311120564
-0.2101736696226908 1.0015183006561637 0.0029856295364115246
-0.20966502135437554 0.9949893288782923 0.002979006052827261
-0.20878478694112346 0.9987042600955343 0.002983195497207064
-0.2082761754600472 1.003305871308394 0.002980797202696577
-0.20739590425955612 1.0022628055930922 0.002986220141527479
-0.206887329566177 1.001433782213672 0.0029809462892671093
-0.20600702157844353 1.000625596323609 0.0029826738026477065
-0.20549848367185136 1.0018866055529971 0.0029824086845885067
-0.2046181384312149 0.997644927406753 0.0029817794695723263
-0.20410963731186443 0.9985916138631015 0.0029822340443978607
-0.20322925574964756 1.000049672495065 0.002986089037962294
-0.2027207914179942 1.0001899198181152 0.0029816202119219396
-0.20184037306808023 1.0001673687617463 0.0029907901504555826
-0.2013319455227604 0.9997524737445365 0.0029850950466144685
-0.2004514903865129 0.9931905291399988 0.002977863108815132
-0.19994309962797935 0.9987679561681728 0.002979787186455412
-0.1990626077054003 0.9959349738779005 0.002980921291032973
-0.19855425326799242 0.9993987509020225 0.002980188726883014
-0.19767372455817167 1.0014552010391093 0.0029844216385290865
-0.19716540737321137 1.0012470119455505 0.0029813941857562043
-0.19628484187660433 0.9967587534033566 0.0029823797170373373
-0.1957765614784303 1.0004480001904863 0.0029809246663511737
-0.1948959591959465 0.9973667238359816 0.002986922109569171
-0.19438771558410467 1.0018675526916652 0.0029806349242383384
-0.19350707651528865 1.0027403796538847 0.002985975136873002
-0.19299886968977903 1.0023455786699251 0.002985380851237786
-0.1921181938337213 0.9974725196018717 0.0029839315777801002
-0.19161002333024751 1.0021380340799846 0.0029800829454642392
-0.19072931115215397 1.0028414754841704 0.002988054327696819
-0.19022117743592187 1.0015807260697787 0.0029823515695958725
-0.1893404280044706 1.0052435097012735 0.0029889384512553937
-0.18883233154159623 0.9962967887686361 0.002975089003132772
-0.1879515453224485 0.9970847494469515 0.0029862315785064313
-0.1874434856472706 1.0044498168538287 0.0029835954148755713
-0.18656266264088117 1.0017192159412442 0.0029853650488028765
-0.18605463975294495 0.9976467648210182 0.0029795803543853955
-0.18517377995931383 0.9985813401149037 0.0029848401914705225
-0.18466579339341344 0.9971590012780773 0.0029787100518969658
-0.18378489727820124 1.0026410122990608 0.0029863183630085706
-0.1832769474990878 0.9987863995308951 0.0029778777879145967
-0.1823960145966339 1.0007755338901874 0.0029886981701386915
-0.18188810160476215 1.001825274255524 0.0029804376002448146
-0.18100713191506657 1.0020039767288427 0.0029880432479689697
-0.18049925571088923 0.9965100958833563 0.002978813743008195
-0.17961824923349923 1.0028046242096724 0.0029873978640213694
-0.17911040981656629 1.0003903979022573 0.0029814710640027535
-0.1782293665519319 1.0013137405174188 0.002984606802387876
-0.17772156392223795 1.003431962314494 0.002983169711131762
-0.1768404838708193 0.9979220183349571 0.002983425190604303
-0.176332718027915 1.00310963178559 0.0029829099238077106
-0.17545160072359067 0.9957032234613402 0.002980431751347454
-0.17494387213358667 1.0026499813607144 0.002981328327341695
-0.17406271804202333 0.9991138146130916 0.002983782218660122
-0.17355502577360243 1.0015065458667853 0.0029853949622238446
-0.17267383536091074 0.999330192110508 0.002985944504724109
-0.17216617987836597 0.9992305181983101 0.0029792647525037925
-0.1712849526793434 0.998578168834481 0.0029864297831947314
-0.17077733398404032 1.0016690853462307 0.002978826578919139
-0.16989606999777607 1.0030608246385717 0.0029898956616686984
-0.16938848808971468 0.9983155895269971 0.0029782090147719735
-0.16850718731620873 0.9986091135272276 0.002983312071802302
-0.16799964219538904 1.0026952181755122 0.002980883335447685
-0.16711830463555088 0.999907268880199 0.0029841785795761736
-0.16661079630015524 0.9969465970576039 0.0029769331413899264
-0.16572942195489304 1.005333043449965 0.002992082251336509
-0.1652219504058269 0.9943951547467116 0.002975807178827484
-0.1643405392733257 1.0026844448915275 0.002985282916824043
-0.16383310451150396 1.0010979162692377 0.002981170466192276
-0.16295165659175836 0.9995437229277292 0.0029833964094772387
-0.16244425861763107 1.0026931522480707 0.00298132392064317
-0.16156277391064577 0.9993201362659302 0.002986658219840961
-0.16105541272330542 1.004495231163157 0.002984808117195763
-0.16017389122907844 0.9961659188202138 0.0029830568912037453
-0.15966656682897978 0.999344213091441 0.002981580344392343
-0.1587850085475111 1.0003904485975494 0.0029850770081941763
-0.15827772046944827 0.9990377091510007 0.0029803446663077657
-0.1573961258663985 0.9993295733822158 0.0029849807025147256
-0.15688887457512263 0.9986667465566503 0.0029785142406923604
-0.15600724364958296 1.0030261010602617 0.0029899296215323617
-0.155500028680797 1.0010661510386991 0.002981517530947863
-0.15461836096756087 1.0002090628133633 0.002984780172805791
-0.15411118278647135 1.0007969516183657 0.0029821971997812374
-0.15322947828599354 1.0018863750465454 0.0029855290447791775
-0.1527223368921457 0.9992236388334974 0.002980288657785668
-0.15184059560488095 0.9978701208173176 0.0029829805056038883
-0.15133349099827548 0.9972241779633051 0.0029843074022169167
-0.1504517129233136 0.994446758253783 0.0029818331868610567
-0.14994464510394984 0.9959073797616337 0.0029796821346755958
-0.14906283024174627 1.0002744056858002 0.0029845401634352874
-0.14855579920916878 0.9983985581543079 0.002979952682215537
-0.14767394756017893 1.001270022311815 0.0029851911169604243
-0.14716695331393498 0.9952098545037685 0.002981459443396078
-0.1462850648786116 0.9970366376420036 0.0029869941885804006
-0.1457781074200621 1.003439419840358 0.0029819382168238
-0.144896182197499 1.0031597837511261 0.0029963030638893123
-0.14438926152573645 0.9948814909063657 0.0029780266554611905
-0.14350729951593166 0.9960016869010346 0.0029822509362151723
-0.1430004156314108 0.9989906301308493 0.0029831886121060042
-0.1421184173000256 1.0041123979537976 0.00298604831522169
-0.14161156973754058 0.9999994042405443 0.0029793616208809636
-0.14072953461936777 0.997880286214713 0.0029867057056776904
-0.14022272384321494 1.00027381796253 0.002981632869645015
-0.13934065193870993 0.9968815885317142 0.002981224674196017
-0.1388338779488893 0.9974570504144135 0.002980931348583087
-0.1379517692571426 1.002483012044853 0.002988980669037941
-0.13744503205456365 1.0024622235822462 0.0029830241463068194
-0.13656288657557525 1.0035731766133873 0.002987541504286131
-0.136056186160238 1.006219768819314 0.0029879793296657413
-0.13517400389446266 1.0034690756953413 0.002986240213937066
-0.13466734026591237 1.0006031051154658 0.0029798610737058564
-0.1337851216785566 0.9952903530100835 0.0029854426814933245
-0.13327849437067857 0.9975008198917171 0.0029825986511172456
-0.13239623899698927 0.9965221138693499 0.002985183545959259
-0.13188964847635024 0.997730758821427 0.0029813800297748896
-0.13100735631542193 0.9982692269165861 0.002984264428668991
-0.1305008025820273 0.9992979900742553 0.002979899150428553
-0.1296184736338546 1.0026936775376534 0.0029901790758031484
-0.12911195715381568 0.997759300404985 0.002982773143288812
-0.1282295914184033 1.0013054440289606 0.002990880596473375
-0.12772311125949004 0.99982229809679 0.0029817032124803467
-0.12684070873683595 1.0047761044864614 0.0029915191404496725
-0.1263342653651644 0.9989683832191449 0.002982876701920377
-0.1254518260552686 1.0019904187023267 0.002989768795854529
-0.12494541947038602 0.9990056017885104 0.0029810194256280603
-0.12406294337415602 1.0010700878946248 0.002989624725515657
-0.12355657357560496 1.002760267359034 0.002985223556044524
-0.12267406115734047 1.0009538954507924 0.002988113048911071
-0.12216772768127931 0.9973206500717858 0.0029821748817872506
-0.12128517847531839 1.0016103827882632 0.0029868517381035223
-0.12077888178695367 1.002541570810437 0.0029867935849087527
-0.11989629579375105 0.9992353335653794 0.002987870090264158
-0.11939003589308346 0.9999973775381854 0.0029810157176801844
-0.11850741311263846 0.9958360078734964 0.0029840837206570486
-0.11800118999875513 1.0002734589710813 0.0029814796737970637
-0.11711853089673241 0.9989694874767409 0.0029851522180832195
-0.11661234410443218 1.0041614276539406 0.0029857273535324035
-0.11572964821516507 1.000428518042763 0.0029837890376268545
-0.11522349821010384 1.000765109025652 0.002981779505768538
-0.11434076553359773 1.0014752994711185 0.002988966004285121
-0.11383465278144218 0.9982552077170712 0.0029847026878211877
-0.11295188331860118 1.005065517667391 0.002990619670849027
-0.11244580688756926 1.0037927428697258 0.0029862812126655413
-0.11156300063794333 0.998660650660932 0.00298514764841015
-0.11105696099324362 1.000964696104632 0.002983095564377027
-0.110174117956376 0.997411447880548 0.0029849165189107666
-0.10966811509891798 0.9945124624010498 0.0029790703182857653
-0.10878523574046994 1.0010304196023025 0.002991324762323645
-0.10827926920504777 0.9985562385274229 0.0029855387552901805
-0.1073963530589026 1.0014187631743041 0.0029901452204404997
-0.10689042331072213 1.0012668016355806 0.0029841391877505666
-0.10600747037779001 1.0023173581329676 0.002990396285216081
-0.10550157741639649 0.9961606690659256 0.0029813375762785177
-0.10461858816188396 0.9956656253641739 0.0029832597485687984
-0.10411273198773213 0.9979612143020972 0.0029821364434046483
-0.10322970548031662 0.9987566553934607 0.002985850715552698
-0.10272388609340649 0.9983344481728983 0.0029827693137234853
-0.10184082279920403 0.9980607163993023 0.0029911506907858636
-0.10133504019908085 1.0011549212703823 0.0029859332922065294
-0.10045194058329798 0.9977420569011209 0.002987051597476093
-0.09994619430293622 1.0036471474980098 0.0029859764265968264
-0.09906305790173064 1.0019804159464336 0.0029949336980965914
-0.09855734840815515 1.0021068925689909 0.0029877304954125266
-0.0976741756858246 1.0014286115025428 0.002991254186131319
-0.09716850251428494 0.9992029885009356 0.0029838354651870375
-0.09628529300425726 0.9977404036092661 0.0029888774494554304
-0.09577965708562058 0.9998128162936529 0.0029840152982428584
-0.09489641078880595 0.997439863503956 0.0029903105153383453
-0.09439081119129494 1.002841835273977 0.002985061705111302
-0.09350752810723861 0.9992273821542887 0.0029890640780635925
-0.0930019652969693 0.9985219960138499 0.002983186344224767
-0.09211864542612602 1.0008927692496243 0.002990659224500215
-0.09161311940264366 0.9977483335097604 0.002985650190243037
-0.09072976321021997 1.0019098706540384 0.0029925869007266653
-0.09022427350877343 1.0022155377248838 0.0029868861218589286
-0.08934088052774314 1.0008680291243204 0.0029902882972849595
-0.08883542808010908 1.0018263911523537 0.0029858583454678237
-0.08795199831138234 1.003115951258286 0.002992339649825494
-0.08744658218578344 1.0036606317392378 0.0029872482945330235
-0.08656311563026975 1.0054071895773296 0.0029925984882048892
-0.08605773629191323 0.9992696022876152 0.0029856238077490852
-0.08517423341527319 1.0017486330146723 0.00299089561041621
-0.08466889039758489 0.9958623632112831 0.002985838874208887
-0.0837853507341606 1.00243641644576 0.002990979101124379
-0.08328004496892323 0.9967901245048694 0.002981853459263057
-0.08239646851825455 1.0044633132645835 0.002993821743898765
-0.0818911990745949 1.0012733614219138 0.0029866748411632167
-0.08100758583714196 0.9996872868151302 0.0029879840187459505
-0.08050235318027195 1.0023282049529962 0.002988788385498103
-0.07961870362123591 0.9999578587254122 0.002986904432212757
-0.07911350728639903 1.0000320851774798 0.002986862212480038
-0.07822982093966857 1.0012262104160055 0.002989934699808104
-0.07772466185773468 1.0007900374815744 0.002984293979762004
-0.07684093872376252 1.0013067389801178 0.0029904840873776536
-0.07633581596295362 0.9957606731336133 0.0029809613813006237
-0.07545205604219518 1.0039487675480452 0.0029932115122622517
-0.07494697006771983 0.998061104062052 0.0029838199575656613
-0.07406317382674388 1.0019343304892048 0.0029890501348813357
-0.0735581241738496 0.9988151792668591 0.0029823730226097517
-0.07267429114517654 0.9978325027504067 0.0029893532877104654
-0.07216927874518525 1.0031112711570682 0.0029872775185706187
-0.07128540892927049 1.004163198148423 0.0029942596753285396
-0.07078043285085961 0.9989781444776247 0.002982427381178615
-0.06989652671381918 1.004415084636869 0.0029920019867157774
-0.0693915869569894 1.0016329945138416 0.0029867829885680867
-0.06850764403225185 0.9991455651160487 0.0029896791031758384
-0.0680027415274142 1.0032767044174005 0.0029839403494259244
-0.0671187618163458 0.9978604679979631 0.0029856032922829455
-0.06661389563263313 1.0028132224820738 0.002985587463472548
-0.06572987913477846 1.0057512914211464 0.002993543230960938
-0.06522504973830749 1.0017838824137102 0.0029864981640274012
-0.0643409969188724 1.0008665868453503 0.0029885391551977775
-0.06383620384443728 0.9989446685248772 0.0029831213471685505
-0.0629521147034211 1.0005764837340732 0.0029883415106197035
-0.062447358415772924 1.0044281299788402 0.002988299288198034
-0.061563232021853764 0.9990847247360837 0.0029875864670025143
-0.061058512521447283 1.002400431836602 0.002986603326827157
-0.06017434980594771 1.0013788430703614 0.00298859176047697
-0.05966966662712164 1.0031422616873005 0.0029853774949667607
-0.05878546759049641 1.0017728978665208 0.0029883969237163525
-0.05828082119845729 0.9959809645365304 0.0029801041344362906
-0.057396584909838566 0.996376651135453 0.002984542212084591
-0.05689197530458707 0.9985347522257608 0.002983235686067957
-0.056007702693932515 0.9981807498655147 0.002986394857459857
-0.055503129875922715 0.9980619207470244 0.0029833314714106784
-0.05461882001145568 0.9989109317367765 0.002982591848868824
-0.054114283981597074 0.9983071411210872 0.0029825711145091186
-0.05322993779554963 0.9962903522650214 0.0029857493546250635
-0.05272543808772685 0.9989840251252398 0.002982462125781245
-0.05184105558009833 0.9966810657502563 0.0029851119428245107
-0.05133659265815166 0.9973878437541215 0.0029815659553231785
-0.050452173364192276 0.9960923788306303 0.0029831741403639747
-0.0499477467633706 0.9934472805313996 0.0029791394561110547
-0.04906329068262494 0.9989096879159833 0.002985455046938593
-0.048558900869044956 0.9988626739796495 0.0029821169906703755
-0.047674408467173635 0.9948760494270558 0.0029840100480666588
-0.04717005544083602 0.9977296512108599 0.002980626306393437
-0.046285526251267584 0.9966109579167556 0.002989891900194538
-0.04578120954651038 0.9970495838639728 0.0029835486169620036
-0.044896643569700245 0.9992155614771481 0.0029876057105460096
-0.04439236411784603 1.0001002366497207 0.0029818412813500594
-0.043507761353794194 0.9980750355044459 0.0029890146794663845
-0.04300351822352039 1.0006950481998174 0.00298301544290441
-0.04211887913788814 0.9951144303637184 0.002984343415946513
-0.04161467232965017 0.9950534674814945 0.002980619016916327
-0.04072999692243684 0.997466954319384 0.0029891536665350446
-0.04022582690098581 0.9907421849972972 0.002977097867853296
-0.0393411142408695 0.997210720642074 0.002979979487447622
-0.03883698100666017 0.9919720307062921 0.002979006320117503
-0.03795223202496345 0.9982264690182173 0.0029893462445510755
-0.03744813557844854 0.9959316627081246 0.002984740888746704
-0.03656334980951215 0.9939393734225462 0.0029839873817404977
-0.0360592896841256 0.9982882266637648 0.0029819922417515595
-0.035174467593606096 0.9982479472884479 0.002982946988812219
-0.034670443788889116 0.9931515261198907 0.002975343412783874
-0.03378558491203876 1.001894454918666 0.002990682120226562
-0.03328159835976934 0.9957125235073627 0.0029798351278930452
-0.032396702696132706 0.9989215875771955 0.0029850674380433586
-0.03189275246589912 1.0011628145333293 0.002985338563778299
-0.031007820480226655 0.9951127067449819 0.0029846315597949476
-0.030503907037234764 0.9958580174610681 0.002982468795885514
-0.0296189382652301 0.9960921085297226 0.0029840803515334144
-0.029115061142909123 0.9949457996650806 0.00297875782972652
-0.028230056050233543 0.9973233870245863 0.002989620988819039
-0.02772621571333393 0.9983702599380646 0.0029847823643827016
-0.026841173834327492 0.9928918130555869 0.0029821747964723384
-0.02633736981855556 0.9939178819384804 0.002978018981343023
-0.0254522911532149 0.9958260722260937 0.0029831666619006304
-0.024948524390343934 1.0001109661739715 0.002985258129284712
-0.02406340893730885 0.9968279324206167 0.0029865069554369872
-0.02355967849602099 0.9927845334030935 0.002982160321487512
-0.02267452672094805 0.993934000543195 0.00298145534215237
-0.02217083306735394 0.9946333786213736 0.002977977419055498
-0.021285644504132506 0.9870535991106834 0.0029830107837248796
-0.020781987173030994 0.9960259993534057 0.0029785756923266854
-0.019896762288681202 0.9914899308731968 0.0029810018472440788
-0.019393141744819365 0.9954424473478132 0.002978967333177054
-0.01850788007277515 0.9917340683958691 0.002979819629303033
-0.018004295850493724 0.992123086247676 0.002976763632979521
-0.0171189978568691 0.9980177243870086 0.0029877923091426602
-0.01661545042182937 0.9936541196774726 0.0029828048651017185
-0.01573011517575651 0.9939586311985752 0.0029824953642099286
-0.01522660452795915 0.9928969143110227 0.002979615540947599
-0.014341232959850458 0.9932644871373022 0.00298103058769747
-0.013837759099294796 0.9978050637730986 0.0029826579474222423
-0.012952350743944407 0.9974596239804977 0.002985783604386326
-0.012448913204969155 0.9980392996023347 0.002981446166955069
-0.011563468528038356 0.9961830030679031 0.002982784509943657
-0.011060067776304802 0.995119043535783 0.002981340912613226
-0.010174586312132305 0.9965563173808922 0.0029864361031133597
-0.00967122188197916 0.9955952843385991 0.0029846996497772506
-0.008785704096681002 0.9997460884089162 0.0029856045394734947
-0.008282376453770229 0.9961430862249854 0.002982486647305479
-0.007396821880774951 0.9992356374846126 0.0029855683062726597
-0.006893530559444588 0.9944790082096194 0.002979592037700091
-0.0060079396648689 0.9999809913682138 0.0029882039835790416
-0.005504685130780234 1.00114295029564 0.0029828012070791648
-0.004619057449417596 0.994039916932176 0.002983636491977565
-0.004115839235999172 0.9931222304385964 0.0029783258067175972
-0.0032301752335115452 0.9976275365071293 0.002983545325201677
-0.002726993806879397 0.9940904008811206 0.0029782685461327407
-0.001841293018514989 0.99223146642283 0.0029823148809063602
-0.00133814791210103 0.9943133686830079 0.00298074554208216
-0.0004524108030636853 0.9891612335726866 0.0029834566399065208
5.069751747416578e-05 0.9957677973797298 0.0029800362534808606
0.0009364714123876183 0.9896410630037334 0.0029815419103836533
0.0014395429461385196 0.9921712093324238 0.002976204523806595
0.0023253536282936693 0.9949508971112366 0.0029852998059664453
0.0028283888400087395 0.9941017606343315 0.002978165530655278
0.0037142358441997203 0.9905920206424215 0.002981099274570295
0.004217234268673093 0.999662386319733 0.002984865389595799
0.005103118060105771 0.9933757804601187 0.002979962626176464
0.005606080162998734 0.9912779298081549 0.0029819782728343867
0.006492000276011822 0.9954205096664016 0.0029813563263103296
0.006994925591207667 1.0011024058833333 0.0029857287604102035
0.007880882491463126 1.000391522562453 0.0029833720562456884
0.008383771019874715 0.9900111109474801 0.0029768807777571017
0.009269764707369177 0.9988124531609522 0.0029824208167940542
0.009772616914197662 0.9966893128707466 0.002983201824407053
0.010658646923729975 0.9930716127051802 0.002979398954680199
0.01116146234286471 0.995041668568177 0.002980600553855969
0.012047529140545521 0.9948700804330726 0.0029832378968768156
0.012550308237187656 0.9941350426045098 0.0029805749711933494
0.013436411355996825 0.9924086751635778 0.002985378494761714
0.013939153665399284 0.9896447158762218 0.002977116474995636
0.014825293571902876 0.9911742903828931 0.0029778994189157177
0.015327999094063637 0.9970610230640475 0.002982594219814657
0.016214175787808927 0.9983845935316824 0.0029868365214156187
0.016716844988389278 0.9959381065177217 0.002982182878013538
0.01760305800326023 0.999628638843894 0.0029867122516535195
0.01810569041659821 0.9969631392788174 0.0029808844865082417
0.018991939753504994 0.9885479295493678 0.002984042284830795
0.019494535845262565 0.996447356092509 0.0029840097000492206
0.020380821969411045 0.991993736146121 0.0029806470539655502
0.02088338174049635 0.9972150661806335 0.002980515586073419
0.021769704185317096 0.9938892091367738 0.0029817950137915375
0.02227222716961613 0.9983036610558986 0.0029815650355083747
0.023158586401223147 0.9961109171602821 0.0029805973956590895
0.02366107259782506 0.9947881445429261 0.002980025324967493
0.02454746861667445 0.9902420589941185 0.0029779729244619594
0.025049918492153395 0.993312154491468 0.0029783225599092173
0.025936350832125754 0.993386546508265 0.002981947835727492
0.026438763920815053 0.9993297840335206 0.002982666503700532
0.02732523304712231 0.9937139425602811 0.002979678520668498
0.027827609349482103 0.9985222177416372 0.0029852146879215664
0.02871411526302836 0.9880682759406243 0.0029771706363386527
0.029216455243805048 0.990137040911131 0.002976776898319543
0.030102997012818378 0.9952036406394843 0.002985231753570998
0.030605300672016677 0.9949014031013688 0.0029796248784674908
0.03149187922872443 0.9923875468991133 0.0029783925840050456
0.031994146101133755 0.9957025000307282 0.0029802163567949234
0.03288076144463048 0.9930272540096167 0.0029785162256975657
0.03338299199637024 0.9949293529172604 0.0029815662855329464
0.03426964366008178 0.995033952873649 0.002982777732278195
0.03477183742503459 0.996765667726422 0.002982220885388131
0.035658525875987834 0.9975258989678971 0.0029867764616469767
0.036160682853243524 0.9932742967023869 0.0029832689173353165
0.0370474076262326 0.9913817874417303 0.0029791962923383063
0.03754952828190788 0.9944207218595329 0.002978303864467263
0.03843628984213865 0.9992459821404344 0.002984320080043782
0.03893837417623352 1.001541636579595 0.0029820476953723776
0.03982517205758995 1.0023011312979913 0.002988862602365799
0.04032721960444245 0.9966112918751259 0.002979891893072054
0.041214054273496004 0.9969832774828711 0.0029818440996949333
0.041716065033109505 0.993393118175922 0.0029785015308488694
0.042602936489402055 0.9901659929640837 0.0029779867014861974
0.04310491092743245 0.9945940392672006 0.0029793618128932347
0.043991818240101566 0.9998028056222839 0.0029866864161043464
0.04449375635700764 1.000417318518651 0.0029846551137984066
0.04538070045691711 0.9934326703075038 0.0029791827768813144
0.045882601785671995 0.9955596391990422 0.002983142226015031
0.046769582672368415 0.9956104576198518 0.0029805033213205472
0.04727144721433635 0.9950500171427483 0.0029779994996534426
0.048158464888274466 0.9947747007545912 0.002981436946291162
0.04866029310866199 1.000121909708757 0.0029821427731973496
0.04954734663806448 1.0000831709102573 0.0029841507489703455
0.05004913853732634 0.9943645948721839 0.002979974183854352
0.05093622885397053 0.994380543485358 0.00298368651989645
0.0514379839659907 0.9953108767731818 0.0029817773759003912
0.052325111069876584 0.9940727347968642 0.002981761742402292
0.05282682939419963 0.9993378256272348 0.0029818815371039672
0.05371399281921185 0.9995722407667552 0.002983806444230824
0.054215674822863984 1.0014862605536683 0.002981826138027054
0.05510287503420841 0.999301703394836 0.0029832242439783913
0.055604520717189625 1.0004121065494587 0.002986670968365137
0.05649175725011446 0.9961444986166544 0.002981722020598206
0.05699336614539856 1.0015762640018147 0.002987416619854263
0.057880639000359224 0.9995878349233143 0.002983825488942202
0.05838221157406561 0.9942577475854374 0.0029817165446158955
0.059269521216265275 0.9992201962717682 0.002983575670609204
0.059771057002727265 1.0004706698766184 0.0029839257179257454
0.060658403432171326 1.0019653663622146 0.002988475073418987
0.06115990243139432 0.99609083839384 0.0029797637190671347
0.06204728518196134 0.9924401335931956 0.002981542150856576
0.06254874832571726 0.9991456424187264 0.002983786729433668
0.0634361673978674 1.001287234272157 0.0029854856078734607
0.06393759375392889 1.002473901889787 0.0029871363215462385
0.06482504961377344 0.994583966319624 0.0029816162934481623
0.06532643918304597 1.0020195567292063 0.0029843628405975156
0.06621393136356346 0.9998689945336737 0.0029836099126065285
0.06671528461262116 1.0040798222626979 0.0029878489183258455
0.06760281357946951 0.9981251772865126 0.0029827455391490437
0.06810413004174094 0.9950962717029087 0.0029828353532915693
0.06899169532971428 1.0009800827117106 0.0029890813519335186
0.06949297547085802 1.002659266430761 0.0029874564903019504
0.07038057754562033 1.0014757849223732 0.002987862967697709
0.07088182136518635 1.0039805859521562 0.0029886896501824848
0.07176945976152638 1.002376308650148 0.0029864277567283916
0.07227066679384801 1.0036042379445962 0.0029860797056358913
0.0731583415113164 1.0018252137012675 0.0029886965997940104
0.07365951222251506 1.0024795371450628 0.002985658369664793
0.07454722372722244 0.99905320177551 0.0029831454098098076
0.075048357650724 1.0066752408139399 0.002988344534657805
0.07593610547746721 1.00109704886261 0.002984876729787463
0.07643720307938835 1.0034457327717683 0.002984438591150858
0.077324987693828 1.0001328615814307 0.0029831122129414978
0.0778260485080527 1.000830299944612 0.00298392804856829
0.0787138699101888 1.0030859240323153 0.002984427444833779
0.07921489393626163 1.0001193794833143 0.0029861618582560697
0.08010275166043357 1.0073105548463372 0.002988872504717064
0.08060373936492599 1.0008474360129975 0.002986408793198132
0.08149163387588487 1.002881201146832 0.0029860549680547433
0.08199258525925163 1.0035148112930794 0.0029862765227643205
0.08288051562522014 1.0048487781835773 0.0029873635531106808
0.08338143068791598 1.0027306057418957 0.002982994390929715
0.08426939784067145 1.0025149669515594 0.00298576341362666
0.08477027611658033 0.9981581707281787 0.002982077166260375
0.08565827959091621 0.9951817459539574 0.002980553968723661
0.08615912154478927 1.0023816138911301 0.002986619252523721
0.08704716180682226 1.0011631979221645 0.002983447380665394
0.08754796697345363 1.0032348217341616 0.0029877839097023047
0.08843604355661228 1.0058491812682786 0.0029889628041545077
0.08893681240211798 1.0015739600838094 0.0029895103775763043
0.08982492577251833 0.9971707986204665 0.002981055515111309
0.09032565783032691 1.003402636223211 0.002988257443721389
0.09121380752276309 0.9965162401551355 0.002986478656729885
0.0917145032599021 1.0025406966393187 0.0029852541293624323
0.09260268973866914 0.9994349136414873 0.0029831786155312748
0.09310334868902188 1.0007028201283679 0.00298731556076735
0.0939915714889139 1.005615051802751 0.0029879319443279744
0.09449219411768624 0.9997313550027976 0.00298634834144803
0.09538045370436521 0.9965357557770061 0.002983899721728843
0.09588103954589516 1.0004308533441868 0.002981799026514084
0.09676933545460997 0.9989722434253597 0.002981792879608228
0.09726988497455952 0.9985755589548034 0.0029846247691930373
0.09815821720485474 0.9994103575520332 0.0029824316963250864
0.09865873040413471 0.9981187960867238 0.0029792714512209195
0.09954709942030604 0.9963436516026312 0.00298460920978526
0.1000475758332518 0.9987672483887198 0.002981548907244383
0.1009359811705508 0.9969797317000652 0.0029823629730973424
0.1014364217271247 0.9941231103791948 0.002979466830423918
0.10232486338645685 0.9989572606098003 0.0029823907437596152
0.10282526715578637 1.0005717484726353 0.0029816050270710264
0.10371374513670162 1.0003798849885988 0.002985322151315255
0.10421411258445341 0.9995464665278112 0.002983720480761574
0.10510262735260767 0.9997067153838384 0.002984868685595318
0.10560295801311508 1.0014960348520094 0.0029818284681753454
0.10649150910239769 1.000518791757227 0.0029821317077361915
0.10699180344178212 0.9990500172843333 0.002981692762036452
0.10788039085264245 0.9974485474541821 0.0029827367418398905
0.10838064886999106 0.9980837616440743 0.0029813607199506327
0.1092692730685485 0.9985963793317467 0.0029810487030610547
0.10976949429865542 1.0045177373218597 0.0029872725278374482
0.11065815481833852 0.9969345229834237 0.002983782941965067
0.11115833972731977 0.9988891917685647 0.0029838549474352125
0.11204703656858328 0.999476544262924 0.0029841847834341864
0.1125471851555287 0.9987740269151509 0.0029802599792075634
0.11343591878448933 1.000814973302804 0.002982879834920552
0.11393603058419305 1.0015813508345057 0.0029833705936442045
0.1148248005347341 0.9995935223279782 0.0029868806487083435
0.11532487601376824 1.00282140045294 0.0029861132930145877
0.11621368228452411 0.9991600537003325 0.002983543584730692
0.11671372097722404 1.0023941906344944 0.0029838724791069952
0.11760256450043016 1.0020583966093521 0.0029856523078124956
0.11810256640543566 0.9943155308235687 0.0029821109713752928
0.11899144625067493 1.0003688421762928 0.002983356685544413
0.11949141183409732 1.000575846024112 0.0029813424327760547
0.12038032800046494 1.0030511966275883 0.0029869340618341777
0.12088025726276437 1.0001941290790344 0.0029800371230153905
0.121769210216371 1.0014949349962996 0.002988072229169913
0.12226910269142603 0.9993878932397149 0.002988184356123034
0.12315809196661576 1.0001598837971235 0.0029857558685961296
0.12365794812009308 0.9996956512931245 0.0029849477112923618
0.12454697371686052 1.0040350198933343 0.00298725461338307
0.125046793548302 0.9972037790897896 0.002985670168462017
0.12593585593276657 1.0032277611285203 0.002986407570935805
0.12643563897696636 1.0019929628452144 0.0029846648062899694
0.1273247376825566 1.00272143986353 0.002987739752275343
0.1278244844056307 0.9985627705194402 0.002978321364166294
0.12871361943280135 1.0028833822534917 0.002991075518796731
0.12921332983383965 1.0008261103784988 0.0029819308890540793
0.13010250118304612 1.0010504952590102 0.0029875404331061966
0.130602175262504 0.9974029748273664 0.0029816760793761133
0.13149138339849742 1.000614671648696 0.0029876337523690594
0.13199102069207921 1.001235608497269 0.002980710946430831
0.13288026514874218 0.9993659012126037 0.002984700467853384
0.1333798661211963 0.9981929065281154 0.0029803483816376714
0.13426914689898695 0.999313290903961 0.0029836235805460265
0.13476871154940792 0.9989688290773877 0.002982194533560923
0.1356580286492317 1.004753575666878 0.0029907663481610514
0.13615755697806958 0.999233468823145 0.002979212907430056
0.13704691086513776 1.0023851530004517 0.0029871213742379884
0.13754640194107534 1.002385168420127 0.0029843763254907177
0.13843579261447303 0.9987499201683756 0.0029823930347086455
0.13893524737064783 1.0026443947350392 0.002982249773999267
0.1398246743638083 0.9995633044164997 0.0029866179445513378
0.14032409279931218 1.00206699966938 0.002985933250901758
0.14121355611405306 1.001619544344678 0.0029844316559763475
0.14171293822797654 0.9986025955099579 0.002978789404909299
0.14260243786429783 1.0038984113351221 0.0029897091870131677
0.1431017836566409 1.000560909960846 0.0029821404054701114
0.1439913196145426 0.9958928427376473 0.0029803143753423527
0.14449062908530524 0.9959531589842908 0.002979767604339219
0.14538020183135814 1.002393291206165 0.0029858543873847758
0.1458794745139696 0.9954775373832884 0.00298133608509378
0.1467690835816029 1.0023561402578491 0.002989164717416289
0.14726831947651725 0.9998429779201699 0.0029842476559718903
0.14815796533184766 0.9968368167810829 0.002982605488073135
0.1486571649051816 1.0022609588238154 0.0029844350444328802
0.14954684708163768 0.9996479949894697 0.0029838315721563797
0.15004601033384596 0.999094156927975 0.002983881365934749
0.15093572883188244 0.9958432790174159 0.0029817248297034343
0.1514348557620576 1.0061711598587733 0.0029842789590909286
0.1523246105821272 1.002965775607282 0.002989263191910039
0.15282370119071925 0.997469360281394 0.002979009233240111
0.15371349233191722 0.9980632503527024 0.0029847452216414986
0.1542125466193863 1.0017523318558421 0.0029820582238289733
0.15510237454782327 0.9967258687589964 0.0029821465202181626
0.15560139158238667 1.0022486339920789 0.002982804148595691
0.15649125629806804 1.0044805182423995 0.00298833776220172
0.15699023701105372 0.9976975234110534 0.0029829620123975383
0.1578801380483128 1.000587033775297 0.002984412585251581
0.15837908243926263 1.0019949919103113 0.002984647461484183
0.15926901979855757 0.9962562159088661 0.0029815131931153933
0.15976792786792698 0.9987137566443298 0.0029842254504562197
0.16065790154834758 0.9989688756174563 0.002984148843894906
0.16115677329659134 1.0003207228034032 0.0029836306944232478
0.16204678329859235 0.9971742847939089 0.00298367816111731
0.16254561826004985 1.0002376649224802 0.0029797281537688475
0.1634356650488371 0.9986827163784925 0.0029845414610074395
0.16393446368916692 1.002320730977839 0.0029848338763760426
0.16482454679862713 1.0009521030215984 0.0029822826690796144
0.1653233091182867 0.9986644589915289 0.0029789441416465667
0.1662134285479624 1.0028472774614865 0.0029832863830620776
0.1667121545478619 1.0015534337246281 0.002985534754014645
0.1676023102977524 1.0016525756202015 0.0029866811813740774
0.16810099997652356 1.0030787936769907 0.0029822412554600707
0.16899119204799717 0.9963672943261545 0.002981490502943029
0.16948984493907387 0.9980405195916476 0.0029826406674757816
0.1703800737977872 1.0012417903331545 0.002988672829504142
0.17087869036773823 0.9986198895744908 0.002979752975256396
0.17176895554803195 0.998614870611785 0.0029856442747796543
0.17226753579640258 0.9999010090406978 0.002981585442435387
0.17315783729827672 1.0032431675918327 0.0029894235169765308
0.17365638122461152 0.9977498299269284 0.002980581716835096
0.17454671904852148 0.9979028400531085 0.002982583831411801
0.1750452261876146 0.998067065500449 0.0029798794139259204
0.1759356007983115 0.9934135896365671 0.0029814003162689437
0.17643407161627894 1.0010560380359528 0.0029853009243817202
0.177324482549011 1.0018587547851117 0.0029887611981466223
0.1778229170449433 0.9967451706201778 0.0029824419238589244
0.17871336430016527 1.003121456125511 0.002990472443496672
0.17921176247360765 1.0022998711200026 0.002981000821108082
0.18010224605041003 0.9978671712298818 0.0029833798797966366
0.1806006074361553 0.9972770665235023 0.002979893968867365
0.1814911278006548 0.9994026647626345 0.0029865373834439112
0.18198945286481966 1.0032140748767335 0.002981604369045541
0.1828800095504448 1.0028314282453838 0.0029880603916844846
0.183378298293484 0.9983304298799017 0.0029821718879183175
0.18426889130068957 1.001462125593029 0.0029878440706076147
0.18476714325603436 0.9949781992095553 0.0029838992358137
0.1856577730504796 0.9999699471445405 0.0029862556112825334
0.18615598868560684 1.0071954462675439 0.0029862172202781583
0.18704665480072435 1.0011816581606958 0.0029858677090603154
0.1875448341147266 0.9975330931253622 0.002977497106603853
0.18843553655096912 0.9988446331884796 0.002989703797716053
0.18893367954339096 1.0013531907745223 0.002981833420553655
0.18982441830121388 1.0007023069504177 0.002988451983124119
0.19032252450593862 1.00271387895497 0.0029817050444324853
0.19121330005145865 1.0015766451145918 0.0029899438744692562
0.19171136993460297 1.0020282552334943 0.0029810386467207075
0.19260218180124866 1.009358707560082 0.002993731641817273
0.19310021536326732 1.0005342365314371 0.002987952541397374
0.19399106355149343 1.000962429126031 0.002987990149935354
0.1944890603262704 0.9970745367872605 0.0029824149921485227
0.19537994483562215 1.000121771439302 0.002991688376212444
0.19587790575493474 1.0004907863472032 0.002984043536392064
0.19676882658495742 0.9997779974547525 0.002985404178650809
0.19726675118314368 0.9987813689513184 0.0029817147386231512
0.19815770833474744 0.9982072017566418 0.0029845678703640157
0.19865559614660216 0.9993528443628228 0.0029820704669047396
0.1995465900849922 0.995963161192736 0.002984678015928426
0.20004444157617737 1.0030843208565938 0.002988709900194504
0.20093547183523697 1.0005512812923079 0.0029898722835445903
0.20143328653917775 0.9983785883088423 0.0029807565991551164
0.20232435358502698 0.9949803431800961 0.0029844052577857145
0.20282213196738935 0.9999519762831955 0.0029809825671822604
0.20371323533527175 0.9995162682164845 0.0029868130917747055
0.2042109773960537 1.0000544593639002 0.0029835654587998823
0.20510211661985522 0.9976300569383785 0.0029864614815086664
0.20559982235860136 0.9990975712302014 0.0029808075648557
0.2064909983701 0.9983984493082763 0.0029873972479663867
0.2069886677872657 0.9975083473225103 0.0029790661799803703
0.20787988012034475 0.9931895230788135 0.0029828722846731897
0.20837751321593007 0.9987018662876987 0.002980848019300264
0.20926876187013477 1.0009180497232615 0.0029897981758039583
0.2097663581798413 1.0052298144714973 0.0029844044609107718
0.21065764362083428 1.0062086383408846 0.002989287854939241
0.21115520360896106 0.998463544441195 0.002982231758828378
0.21204652490632725 1.0003823337141964 0.0029850349912405455
0.21254404857150871 1.002321036424517 0.002982105403995124
0.213435406656572 1.0058933710560594 0.00299554383271111
0.21393289400017576 0.9994169615329287 0.0029821153702562424
0.21482428840636203 1.0023970141503542 0.002987798138210905
0.21532173942883742 1.0000474414854572 0.002981732143093414
0.2162131701566068 0.9987763346483295 0.002984414305167211
0.21671058439184318 0.9981953032585511 0.002983632234492679
0.21760205144119027 1.0027315081310952 0.002985816299759112
0.2180994298200521 0.9971042667253082 0.002981505641887145
0.21899093319098029 1.004462138645695 0.0029894451917705034
0.21948827478305516 1.0050486965695509 0.0029871467898170303
0.22037981494122505 0.9961677729291899 0.002983954005913049
0.2208771202117195 1.0008340066805181 0.0029846228062318917
0.2217686966914698 1.0024618514956953 0.0029902551624692627
0.22226596517426717 0.9989122519507968 0.002984495531509675
0.2231575779751438 0.99976951420558 0.002986585839295002
0.22365481060293152 1.0016895300102433 0.0029877224269685824
0.22454645972447906 1.001522246770658 0.0029868459804756574
0.22504365603159587 0.9954378622328923 0.0029813021482749907
0.22593534147472383 1.0035964082178477 0.0029881773419039143
0.22643250099459894 0.9965092769096412 0.0029783694923060824
0.2273242232249686 0.9952888101729841 0.0029869853373576537
0.2278213464232633 1.001513141505847 0.00298019670839576
0.22871310450955207 0.9989514588456986 0.0029835973377522803
0.22921019138581095 1.0063034027193958 0.0029843915908034113
0.23010198625979683 0.9948633956525383 0.002986359845735557
0.2305990368144753 1.0033148225542396 0.002984166018768538
0.23149086800958685 0.9982285899830209 0.002985765977085885
0.23198788177793378 0.9985496770477542 0.0029816846699958015
0.23287974929417032 1.0058821716408493 0.002989881788732454
0.23337672720841712 1.004101359654126 0.0029864886516792056
0.2342686310444151 0.9936714011034361 0.00298270919286846
0.2347655721714202 0.9975180241841854 0.0029797397265964535
0.2356575127942051 1.0007151983220621 0.002986801225051377
0.23615441760008454 0.9966383724866615 0.002980028211733125
0.23704639407878858 0.9986694794651422 0.002984787785149552
0.2375432625630876 0.994768021537298 0.002978589221117071
0.23843527582903334 1.0004761800002135 0.0029874354500956267
0.23893210799175196 0.9972728393225136 0.002980573906563948
0.23982415711361682 1.0058955816790505 0.0029927164403940436
0.24032095295429962 0.9973547635057373 0.0029822661840966116
0.24121303886386158 1.0005062998318097 0.002984629813708849
0.24170979838296397 1.0011556354242606 0.002985241272121568
0.2426019206136516 1.0016594416877844 0.002984878962176392
0.24309864334596704 0.9974657748794242 0.0029812287590360326
0.24399080189868982 1.0001921599457588 0.002986358041228951
0.24448748877417867 1.0059347089048525 0.0029859958667118494
0.24537968364984408 0.9980072557947869 0.0029856607708763283
0.24587633373717904 0.9954826310327836 0.0029797717231434136
0.24676856540008885 1.0029451596956207 0.0029882790934828264
0.2472651791658461 1.001298705478127 0.0029819617298754587
0.24815744668421758 1.00143515671222 0.0029869114287739977
0.24865402412884646 1.0055722601643653 0.0029855106443704344
0.24954632843446234 0.9987073733741096 0.0029863867500642795
0.2500428695575135 1.0033320627728397 0.002983695027400483
0.2509352097190458 0.9952483557619799 0.0029881046604295323
0.25143171452006113 0.9965909154572065 0.0029847686185185524
0.2523240914683811 1.0030855569077783 0.002988631261413853
0.2528205594830642 1.0023655089837489 0.002984338141358979
0.25371297275205507 0.9986394147288842 0.0029839521986935137
0.25420940491172855 0.9959947906888033 0.0029799716810757168
0.25510185450229983 0.9995746347795612 0.0029865763315443106
0.2555982498742762 1.001301167915636 0.0029830562974190403
