-0.149635428 1.001449758 0.002600688
-0.149458939 0.997658511 0.002650483
-0.149334354 1.002817597 0.002738142
-0.149306792 1.000650336 0.002704397
-0.148246596 0.997082177 0.002598356
-0.148070084 0.995278566 0.002644204
-0.147945451 1.000061283 0.002737906
-0.147917909 1.000280391 0.002704769
-0.146857764 0.997555212 0.002595155
-0.146681228 0.999244273 0.002646711
-0.146556548 1.004354819 0.002736232
-0.146529027 0.998703808 0.002704987
-0.145468933 1.00175401 0.002604115
-0.145292372 1.002732452 0.00265464
-0.145167646 0.99693863 0.002734578
-0.145140144 0.998652943 0.002704719
-0.144080101 1.000649214 0.002599313
-0.143903517 1.004026998 0.002650663
-0.143778743 1.00059891 0.002736869
-0.143751261 0.999403482 0.002704919
-0.142514661 1.003296439 0.002650649
-0.14238984 1.005373383 0.002740272
-0.142362378 1.002986592 0.002705964
-0.141125805 0.99851678 0.002650541
-0.141000938 0.999798061 0.002734347
-0.140973496 1.000884362 0.002705949
-0.13973695 0.99760479 0.002651095
-0.139612035 0.996806221 0.002734801
-0.139584614 1.001165739 0.002707544
-0.138348094 1.004949889 0.002655616
-0.138223132 1.001096447 0.002735851
-0.138195731 0.998176542 0.002702363
-0.136959238 0.99674824 0.002645285
-0.136834229 1.002715406 0.002738021
-0.136806848 0.99939673 0.002706225
-0.135570383 1.00351008 0.002656681
-0.135445327 0.998202904 0.002736652
-0.135417966 0.99972527 0.00270607
-0.134181527 1.000190382 0.002648339
-0.134056424 1.001343582 0.00273559
-0.134029083 0.996358414 0.002704129
-0.132792671 0.999431033 0.002650395
-0.132667521 1.001626828 0.002737005
-0.1326402 0.994025606 0.002704052
-0.131403816 1.008986784 0.002658867
-0.131278619 1.003400324 0.00273559
-0.131251318 0.999579952 0.002705645
-0.13001496 0.995647047 0.002646678
-0.129889716 0.998390905 0.00273232
-0.129862435 0.99686783 0.002704799
-0.128626104 1.004771753 0.002655998
-0.128500813 1.000504315 0.002735296
-0.128473553 1.000681147 0.002708344
-0.127237249 1.004136875 0.002655164
-0.12711191 0.997036607 0.002733946
-0.12708467 0.998899299 0.002704607
-0.125848393 1.000493392 0.0026517
-0.125723008 1.001296455 0.002734708
-0.125695787 1.002457751 0.002707631
-0.124459538 1.0000975 0.002650474
-0.124334105 0.996470933 0.002732899
-0.124306905 0.993930324 0.002702952
-0.123070682 1.000009905 0.002650097
-0.122945202 0.997664774 0.002733771
-0.122918022 0.99467067 0.002704948
-0.121681826 0.995916297 0.002648297
-0.1215563 1.000667099 0.002735384
-0.12152914 0.998640219 0.002704529
-0.120292971 1.00238739 0.002653218
-0.120167397 1.000262809 0.002733782
-0.120140257 0.995780805 0.002704569
-0.118904116 0.995520075 0.002648819
-0.118778495 1.00036483 0.002735509
-0.118751374 0.998889063 0.002706285
-0.11751526 1.001236812 0.002653292
-0.117389592 0.999656328 0.002736271
-0.117362492 0.996907269 0.002707018
-0.116126404 1.000501958 0.002653421
-0.116000689 0.998165449 0.00273221
-0.115973609 0.999384622 0.002703436
-0.114737549 1.003345011 0.002655204
-0.114611787 0.991831731 0.002729154
-0.114584727 1.00277557 0.002709958
-0.113348693 1.000278891 0.00264905
-0.113222884 0.99935367 0.002735385
-0.113195844 0.998931562 0.002707104
-0.111959838 1.005185651 0.00265377
-0.111833981 0.998780405 0.002731897
-0.111806961 1.000635192 0.002707352
-0.110570982 0.993097733 0.002646023
-0.110445079 0.999086113 0.002733606
-0.110418079 1.002438727 0.002709492
-0.109182126 0.998091808 0.002649173
-0.109056176 0.999066154 0.002734734
-0.109029197 1.004040295 0.002710839
-0.107793271 0.995135634 0.00264608
-0.107667274 0.999484602 0.00273567
-0.107640314 1.003624127 0.002709462
-0.106404415 1.00086069 0.002654869
-0.106278371 0.997923814 0.002731713
-0.106251432 1.000634893 0.002707557
-0.10501556 0.999366289 0.002649705
-0.104889468 1.002309952 0.002734741
-0.104862549 1.002997258 0.002708806
-0.103626704 0.999171752 0.002652364
-0.103500566 1.000586247 0.002735084
-0.103473666 1.001638722 0.002705235
-0.102237849 1.00294165 0.002655028
-0.102111663 1.003988594 0.00273429
-0.102084784 0.999829022 0.002707079
-0.100848993 1.003094084 0.002653447
-0.100722761 0.999809074 0.002732841
-0.100695901 1.000335054 0.002707237
-0.099460138 0.996790191 0.002650303
-0.099333858 1.002658544 0.002736594
-0.099307019 1.003634334 0.00270911
-0.098071282 0.997988658 0.002648701
-0.097944956 0.999818489 0.002733382
-0.097918136 1.002097417 0.002710157
-0.096682427 0.998058237 0.002650293
-0.096556053 1.002194461 0.002736208
-0.096529254 0.998813928 0.002706776
-0.095293571 1.00011694 0.002652122
-0.09516715 1.004172975 0.002738074
-0.095140372 0.999174844 0.002707788
-0.093904716 0.99717985 0.002648963
-0.093778248 1.00037661 0.002735897
-0.093751489 1.000985164 0.002709841
-0.09251586 0.997031005 0.002652175
-0.092389345 0.99894966 0.002735127
-0.092362606 0.996975776 0.002705272
-0.091127004 1.002857091 0.002652985
-0.091000443 1.005187361 0.002737037
-0.090973724 1.000480992 0.002708099
-0.089738149 0.99896881 0.002652476
-0.08961154 1.001851606 0.002736747
-0.089584841 1.000277688 0.00270827
-0.088349294 0.998923375 0.002652315
-0.088222638 0.99835314 0.00273285
-0.088195959 1.001183011 0.002708743
-0.086960438 0.996373659 0.002649725
-0.086833735 0.998204332 0.002733951
-0.086807076 0.999022071 0.002706948
-0.085571583 1.003259461 0.002655867
-0.085444833 0.999264578 0.002733814
-0.085418194 0.994292839 0.002705412
-0.084182727 1.000324276 0.002654637
-0.08405593 0.997805102 0.002732569
-0.084029312 1.003490029 0.002707582
-0.082793872 0.995603039 0.002649979
-0.082667027 0.999053193 0.002733539
-0.082640429 0.996548768 0.002707435
-0.081405016 1.000460567 0.002653457
-0.081278125 0.997558116 0.002733702
-0.081251547 1.003449029 0.002710183
-0.080016161 1.000586709 0.00265131
-0.079889222 1.004139008 0.002736528
-0.079862664 0.999587959 0.002707914
-0.078627305 1.005302477 0.002654721
-0.07850032 0.997031323 0.002731653
-0.078473782 1.000138167 0.002708777
-0.07723845 1.004029301 0.002655247
-0.077111417 0.998808644 0.002734769
-0.0770849 1.000500113 0.002707597
-0.075849594 0.998352582 0.002651131
-0.075722515 0.996773933 0.002731569
-0.075696017 0.999386549 0.002709106
-0.074460739 1.002715225 0.002653326
-0.074333612 1.004489831 0.002736781
-0.074307135 0.99654747 0.002706146
-0.073071884 1.004271948 0.002655908
-0.07294471 0.99975184 0.002733655
-0.072918252 1.000007333 0.002708033
-0.071683028 0.999042636 0.002650373
-0.071555807 1.000454488 0.002734323
-0.07152937 1.002396202 0.002711133
-0.070294173 1.000350003 0.002653127
-0.070166905 0.996527645 0.002732904
-0.070140488 0.996776299 0.002707274
-0.068905317 1.003561977 0.002655367
-0.068778003 1.001821098 0.00273597
-0.068751605 0.999615437 0.002707951
-0.067516462 0.998495715 0.00264781
-0.0673891 1.002776027 0.002734886
-0.067362723 1.003594832 0.002709186
-0.066127607 0.997525012 0.002650638
-0.066000198 0.997318281 0.002735571
-0.06597384 1.000577728 0.002707699
-0.064738751 0.999791544 0.00265159
-0.064611295 0.99999404 0.00273347
-0.064584958 1.001849953 0.002710466
-0.063349896 1.00196772 0.002652222
-0.063222393 1.002619754 0.002737399
-0.063196076 0.999533139 0.002708881
-0.061961041 0.998542565 0.002651426
-0.06183349 1.001389587 0.002737894
-0.061807193 0.999167437 0.002707484
-0.060572185 0.996647966 0.002650918
-0.060444588 0.997137036 0.002734681
-0.060418311 0.999936963 0.002708385
-0.05918333 1.00607531 0.002655235
-0.059055685 1.003738043 0.002736737
-0.059029428 1.000299696 0.002708336
-0.057794474 1.001213316 0.002649017
-0.057666783 1.003791838 0.002737328
-0.057640546 1.000166661 0.002709767
-0.056405619 1.004121 0.002654527
-0.056277881 0.997556885 0.002733999
-0.056251664 1.006296071 0.002711511
-0.055016764 1.000821131 0.002652019
-0.054888978 0.999237937 0.002733822
-0.054862781 0.998792161 0.002709422
-0.053627908 1.004908706 0.002652851
-0.053500076 0.998847069 0.002734228
-0.053473899 1.007939023 0.002714713
-0.052239053 0.998295248 0.00265157
-0.052111173 0.999688175 0.002733051
-0.052085016 0.999995864 0.002710388
-0.050850197 1.005810023 0.002654673
-0.050722271 1.005907516 0.00273894
-0.050696134 0.99912767 0.002707748
-0.049461342 1.000875016 0.002649572
-0.049333368 1.000435648 0.00273372
-0.049307252 1.001757727 0.002709221
-0.048072487 1.002790199 0.002654992
-0.047944466 1.000763378 0.002734605
-0.04791837 1.000191527 0.002708207
-0.046683631 1.00117356 0.002653247
-0.046555564 0.991052028 0.002731401
-0.046529487 1.00111534 0.002709094
-0.045294776 1.004160415 0.002651332
-0.045166661 0.996725931 0.002735326
-0.045140605 0.998242878 0.002710495
-0.043905921 1.00523602 0.002656429
-0.043777759 0.995647791 0.002733955
-0.043751723 1.001175849 0.00270822
-0.042517065 1.002412887 0.002649761
-0.042388856 0.999924668 0.002738227
-0.04236284 0.999368404 0.002706599
-0.04112821 1.00231558 0.002650875
-0.040999954 0.997630658 0.002732399
-0.040973958 0.998666534 0.002710092
-0.039739354 1.002856766 0.002652501
-0.039611051 0.99975784 0.002735829
-0.039585076 0.999852582 0.002710094
-0.038350499 1.002194144 0.002649335
-0.038222149 1.00130907 0.002734533
-0.038196193 0.998790493 0.002707357
-0.036961644 1.00076242 0.002651008
-0.036833247 1.002557547 0.002735592
-0.036807311 0.997437485 0.002707497
-0.035572789 1.001241894 0.002652071
-0.035444344 1.000589504 0.002736722
-0.035418429 0.996959792 0.002708085
-0.034183934 0.998722242 0.002646928
-0.034055442 0.999393101 0.002731419
-0.034029547 0.998932897 0.002709221
-0.032795078 0.996459092 0.002650513
-0.03266654 1.002346433 0.002736563
-0.032640665 1.000099091 0.002709533
-0.031406223 0.996424406 0.002648126
-0.031277638 1.000149682 0.002733707
-0.031251782 0.996328136 0.002706741
-0.030017368 1.002175169 0.002650478
-0.029888735 0.996774505 0.00273262
-0.0298629 0.998923281 0.002706151
-0.028628512 0.999224513 0.002650273
-0.028499833 0.992408069 0.002731334
-0.028474017 0.998174349 0.002705333
-0.027239657 1.001655106 0.002651758
-0.02711093 0.993910827 0.002729527
-0.027085135 0.996448346 0.002705857
-0.025850801 0.998989419 0.002648681
-0.025722028 0.998055619 0.002731193
-0.025696253 0.998022238 0.002709309
-0.024461946 1.001230788 0.002654637
-0.024333126 0.999533137 0.002731947
-0.024307371 0.99784244 0.002706297
-0.023073091 0.990162962 0.002642046
-0.022944223 0.996795602 0.00273455
-0.022918489 0.998485008 0.002706681
-0.021684236 0.998044893 0.002649104
-0.021555321 1.001833193 0.002735694
-0.021529606 0.999457444 0.002708292
-0.020295381 1.002362886 0.002649781
-0.020166419 0.999799484 0.002734459
-0.020140724 0.998245049 0.002706792
-0.018906525 1.003755505 0.00265049
-0.018777516 0.994123787 0.002731802
-0.018751842 1.000261059 0.002710445
-0.01751767 1.001029115 0.00265163
-0.017388614 0.996746154 0.002733232
-0.01736296 1.000464089 0.002708157
-0.016128815 1.003014074 0.002655399
-0.015999712 1.003638947 0.00273683
-0.015974078 1.001801824 0.00270745
-0.01473996 0.99560111 0.002647255
-0.01461081 0.995107568 0.002732846
-0.014585195 0.994254492 0.002706466
-0.013351104 1.000378576 0.002651513
-0.013221907 0.997682813 0.002734354
-0.013196313 0.9987885 0.002709223
-0.011962249 1.001530372 0.002652638
-0.011833005 1.000505931 0.002735106
-0.011807431 0.993449553 0.002706577
-0.010573394 0.994491807 0.002641816
-0.010444103 0.99791326 0.002733117
-0.010418549 0.995599821 0.002706134
-0.009184539 0.995541673 0.002646318
-0.0090552 1.001143597 0.00273502
-0.009029666 0.993088392 0.0027028
-0.007795683 0.991453641 0.002644729
-0.007666298 1.000543002 0.002733907
-0.007640784 0.998616379 0.002709319
-0.006406828 0.997268594 0.00264826
-0.006277396 1.000103933 0.002734623
-0.006251902 0.996631749 0.002707392
-0.005017973 0.995104021 0.002642261
-0.004888494 0.992675903 0.002731219
-0.00486302 0.996183268 0.002704938
-0.003629118 0.997501543 0.002646298
-0.003499591 1.00100251 0.002737338
-0.003474138 1.001378066 0.002708069
-0.002240263 0.998546897 0.002648242
-0.002110689 0.996767073 0.002731023
-0.002085255 0.998993068 0.00270655
-0.000851407 0.998848639 0.002648754
-0.000721787 0.997801788 0.002736246
-0.000696373 0.997384224 0.002706092
0.000537448 0.997585237 0.002649224
0.000667115 0.995950101 0.002734391
0.000692509 0.993475223 0.002707512
0.001926303 0.996401275 0.0026484
0.002056018 0.999242854 0.002736213
0.002081391 0.999245393 0.00270638
0.003315158 0.997531431 0.002647218
0.00344492 0.997450539 0.002734665
0.003470273 0.997169499 0.002706574
0.004704013 0.999341038 0.00265163
0.004833822 1.001946194 0.00273659
0.004859155 1.000230688 0.002707997
0.006092868 1.000849677 0.002648765
0.006222724 0.995032406 0.002734433
0.006248037 0.996894701 0.002704663
0.007481723 0.997658432 0.002648823
0.007611627 0.996132059 0.002733908
0.00763692 0.995953881 0.002707365
0.008870579 0.995646833 0.002647716
0.009000529 1.000484781 0.002734907
0.009025801 1.002527627 0.002709429
0.010259434 0.994955514 0.002644859
0.010389431 0.9964005 0.002733725
0.010414684 0.993387198 0.002704264
0.011648289 0.996780377 0.002647014
0.011778333 0.995680234 0.002734901
0.011803566 0.997665315 0.002707179
0.013037144 0.997296629 0.002646656
0.013167235 0.998709021 0.002733844
0.013192448 0.998310883 0.00270545
0.014425999 1.000566229 0.002651644
0.014556138 0.995234172 0.002736405
0.01458133 0.994164469 0.002703494
0.015814855 0.997725924 0.002646049
0.015945039 0.99693742 0.002733807
0.015970212 0.997855314 0.002708029
0.01720371 1.002680266 0.002651629
0.017333942 0.998877728 0.002734472
0.017359094 1.000989117 0.002708132
0.018592565 1.001276705 0.002648169
0.018722844 0.991772089 0.002732097
0.018747976 0.996846688 0.00270711
0.01998142 1.001630439 0.002647712
0.020111746 0.990589239 0.002731825
0.020136859 0.999868133 0.002708731
0.021370275 0.998491575 0.002649523
0.021500648 0.999599115 0.002737232
0.02152574 0.999806838 0.00270864
0.02275913 1.001023875 0.002649029
0.022889551 0.996390889 0.002733259
0.022914623 0.999356382 0.002710159
0.024147985 1.002643037 0.002650135
0.024278453 0.998740654 0.002735594
0.024303505 0.999939513 0.002710076
0.02553684 1.003077983 0.002649412
0.025667355 0.993896649 0.002731439
0.025692387 0.998244216 0.002707254
0.026925695 0.994765893 0.002645173
0.027056257 1.000078256 0.002735408
0.027081269 0.99516487 0.002706871
0.028314551 0.996993133 0.002648573
0.028445159 1.000612274 0.002736188
0.028470151 0.996441573 0.002707308
0.029703406 1.002955376 0.002649127
0.029834061 0.996059209 0.002733353
0.029859033 0.998985727 0.002708632
0.031092261 0.997753066 0.002648113
0.031222964 1.003186501 0.002736869
0.031247915 0.996715414 0.002708969
0.032481116 0.999522284 0.002645829
0.032611865 1.000286091 0.00273629
0.032636797 0.998444089 0.002708829
0.033869971 1.00134055 0.002650153
0.034000768 1.000579207 0.00273533
0.034025679 0.997276075 0.00270575
0.035258826 0.998082645 0.002645998
0.03538967 0.998676313 0.002735365
0.035414561 0.997665313 0.002707966
0.036647681 0.994833286 0.002646282
0.036778572 0.998397471 0.00273573
0.036803443 0.994422702 0.002705291
0.038036536 0.997814721 0.002648152
0.038167474 0.994170128 0.002732622
0.038192325 0.999755263 0.002708202
0.039425391 1.000879707 0.002643779
0.039556376 0.997715328 0.002737965
0.039581207 0.996602708 0.002707227
0.040814247 1.002889423 0.002650706
0.040945278 0.998236371 0.002735584
0.040970089 1.000936333 0.00270781
0.042203101 0.997749926 0.002649181
0.042334181 0.997891174 0.002735003
0.042358971 0.995616486 0.002707501
0.043591956 1.000112946 0.00264744
0.043723082 0.996764836 0.002734848
0.043747853 1.003914675 0.002711844
0.044980812 1.002530065 0.002651096
0.045111985 0.996437152 0.002733421
0.045136735 1.002368045 0.002712446
0.046369666 0.998536137 0.002650666
0.046500887 1.011165202 0.002740371
0.046525617 0.995652247 0.002707944
0.047758522 1.006511531 0.002652868
0.047889789 0.995676646 0.002733132
0.047914499 0.999430742 0.002705799
0.049147376 1.000071338 0.002649568
0.049278691 0.992753255 0.002731721
0.049303381 1.002192514 0.002710286
0.050536232 1.003029021 0.002648353
0.050667593 0.998812331 0.002736024
0.050692263 0.99976197 0.002707837
0.051925087 1.000418317 0.002650066
0.052056495 1.003270035 0.002735115
0.052081145 0.999227467 0.002707301
0.053313941 0.99892884 0.002643754
0.053445397 1.002512848 0.002735502
0.053470027 0.996791844 0.002706484
0.054702797 0.997936222 0.002647732
0.054834299 1.001785116 0.0027352
0.054858909 1.003533364 0.002707847
0.056091651 1.000691211 0.002647837
0.056223201 1.00146283 0.002735974
0.056247791 1.00340372 0.002710385
0.057480507 1.002426091 0.002648867
0.057612103 1.000718363 0.002736212
0.057636673 0.997788817 0.002704734
0.058869362 1.003295288 0.002654404
0.059001005 1.002459814 0.002738973
0.059025555 1.002235112 0.002710844
0.060258217 0.997221165 0.002644899
0.060389907 0.995620061 0.002734621
0.060414437 0.996530254 0.002706649
0.061647072 1.001610103 0.00264846
0.061778809 1.002230371 0.002738292
0.061803319 0.995294509 0.002704706
0.063035927 0.997770824 0.002646692
0.063167711 1.000213696 0.002737924
0.063192201 0.99680609 0.002706398
0.064424782 0.999442717 0.002651375
0.064556613 0.996566894 0.002733241
0.064581083 1.0014628 0.002710325
0.065813636 1.004450308 0.002650461
0.065945515 1.001909836 0.002738637
0.065969965 0.998109824 0.002709117
0.067202492 1.005409453 0.002654085
0.067334417 0.996824302 0.002733328
0.067358846 1.0035217 0.002710844
0.068591346 0.999163431 0.002645947
0.068723319 1.001759949 0.002735816
0.068747729 1.004395615 0.002713113
0.069980202 1.000866988 0.002647743
0.070112221 0.99959895 0.002734548
0.07013661 1.002535189 0.002709319
0.071369056 1.001457274 0.002648208
0.071501123 0.997345393 0.002734637
0.071525493 1.001648602 0.002710432
0.072757912 0.997427394 0.002646961
0.072890025 0.998731467 0.002736548
0.072914374 0.999485655 0.002708234
0.074146766 1.000969697 0.002648172
0.074278927 1.00295824 0.002737607
0.074303256 1.000062213 0.002708696
0.075535622 0.997781913 0.002647717
0.075667829 1.005899847 0.002735377
0.075692138 0.999779837 0.002709048
0.076924476 1.001785188 0.002646666
0.077056731 0.996836437 0.002732413
0.07708102 1.002495767 0.00270981
0.078313331 0.999106389 0.002646555
0.078445633 1.005290276 0.002738058
0.078469902 1.002420856 0.002710484
0.079702186 0.998996056 0.002650011
0.079834535 1.004700243 0.002735944
0.079858784 1.005240119 0.002711397
0.081091041 1.000617433 0.002649182
0.081223437 1.000717062 0.002733491
0.081247666 1.000562433 0.002709383
0.082479896 1.000713452 0.002648814
0.082612339 0.993234355 0.002731279
0.082636548 0.998576887 0.002709108
0.083868751 0.99766659 0.002644417
0.084001241 1.002895956 0.002735914
0.084025429 0.998276016 0.002709207
0.085257606 1.00211973 0.00265187
0.085390143 0.995958897 0.002729777
0.085414311 1.001198831 0.00271024
0.086646461 0.998343301 0.002644027
0.086779045 1.003196605 0.002736402
0.086803193 1.0013977 0.002712704
0.088035316 0.998049281 0.002647128
0.088167947 1.00432743 0.002736655
0.088192075 0.994884497 0.002704707
0.08942417 0.999349044 0.002648918
0.089556849 0.993737131 0.00272985
0.089580957 0.999528893 0.002709058
0.090813026 0.994955646 0.002644489
0.090945751 1.002731165 0.002735178
0.090969838 0.999215203 0.002711753
0.09220188 1.001913922 0.002647485
0.092334653 1.000920994 0.002736012
0.092358721 0.999853205 0.002709303
0.093590735 0.995577859 0.002647826
0.093723555 1.002658474 0.002736885
0.093747602 1.002220758 0.002712903
0.09497959 1.004573618 0.002649338
0.095112457 1.001882904 0.002735371
0.095136484 0.998510477 0.002709131
0.096368445 0.997345017 0.002643897
0.096501359 0.996384373 0.002733266
0.096525366 1.002218703 0.002710878
0.0977573 0.998970046 0.002651319
0.09789026 0.994943795 0.002730308
0.097914248 0.997091437 0.002708359
0.099146155 1.000572765 0.002649619
0.099279162 0.999605183 0.002733222
0.099303129 1.001375984 0.002710101
0.10053501 0.998352082 0.002649375
0.100668064 0.996179937 0.002729989
0.100692011 0.997756359 0.002705428
0.101923864 0.999796575 0.002647928
0.102056966 1.001059359 0.002734197
0.102080893 1.001402202 0.002710633
0.103312719 0.999282857 0.002647063
0.103445868 0.996885994 0.002731697
0.103469775 0.999049323 0.002707962
0.104701574 0.998994871 0.002649109
0.10483477 1.004380318 0.002737937
0.104858657 1.002623504 0.002710418
0.106090429 0.997300107 0.002646273
0.106223672 0.996015967 0.002731007
0.106247539 0.998501937 0.002707956
0.107479284 0.998931069 0.002647312
0.107612574 1.001848355 0.002734098
0.10763642 0.999154685 0.002708371
0.108868139 1.000331102 0.002650292
0.109001475 0.999254805 0.002734631
0.109025302 0.99761206 0.002707192
0.110256993 0.9992951 0.002648588
0.110390377 1.001256993 0.002734195
0.110414184 0.999653605 0.0027108
0.111645848 1.000508992 0.00264652
0.111779279 0.999157566 0.002732532
0.111803066 0.996855832 0.002706219
0.113034703 1.005455696 0.002651794
0.113168181 0.999923719 0.002732918
0.113191947 0.996893334 0.002708899
0.114423558 0.999794617 0.002646163
0.114557083 1.002948929 0.002734446
0.114580829 1.001645658 0.002707733
0.115812413 1.002692745 0.002650325
0.11590534 1.000785629 0.002896362
0.115945985 1.001851555 0.002733047
0.115969711 1.001048303 0.002710738
0.117201267 1.001746151 0.002646014
0.117294213 1.003033634 0.002894817
0.117334886 1.002942677 0.002736452
0.117358593 0.997179984 0.002705801
0.118590122 1.000553461 0.002649437
0.118683087 1.0053201 0.002892774
0.118723788 0.999828137 0.002735276
0.118747474 1.001661612 0.002709786
0.119978977 0.999540287 0.002645973
0.12007196 0.995405947 0.002885688
0.12011269 1.001856875 0.002733771
0.120136356 1.004388461 0.002709804
0.121367832 0.998779138 0.002645611
0.121460833 0.999181849 0.002889262
0.121501592 1.000509863 0.002734653
0.121525238 0.999782042 0.002708466
0.122756687 1.005279004 0.002651815
0.122849706 1.003053306 0.002887255
0.122890494 1.003559131 0.002735574
0.12291412 1.003896145 0.002708854
0.124145542 1.003946245 0.002650119
0.124238579 1.004291797 0.00288572
0.124279396 0.999825161 0.002733112
0.124303001 0.997770127 0.002707302
0.125534396 0.999663025 0.002645443
0.125627453 0.998332951 0.002878518
0.125668298 0.997414959 0.002729366
0.125691883 0.999529647 0.002707326
0.126923251 1.002797385 0.002648023
0.127016325 0.995416313 0.00287596
0.127057199 0.995587204 0.002731912
0.127080765 0.999710866 0.002707148
0.128312106 0.999981336 0.002649633
0.128405199 1.001014265 0.002876168
0.128446101 0.997573059 0.002731106
0.128469647 0.998145269 0.002707903
0.129700961 0.999869949 0.002646807
0.129794072 1.003806868 0.00287457
0.129835003 0.99954455 0.002733524
0.129858528 0.999087742 0.002704712
0.131089815 1.001714559 0.002648591
0.131182945 1.000314591 0.002872833
0.131223905 1.0070532 0.002736741
0.13124741 0.999549046 0.002710077
0.13247867 0.999124345 0.002645727
0.132571818 0.999077186 0.002870725
0.132612806 1.002982665 0.002734609
0.132636292 0.997506422 0.002705364
0.133867525 1.00404048 0.00265018
0.133960691 1.005163779 0.002871385
0.134001708 0.998529177 0.002733491
0.134025174 0.997784627 0.002706859
0.13525638 0.997719893 0.002646259
0.135349565 0.997734082 0.002866229
0.13539061 0.99760688 0.002732622
0.135414055 0.997625507 0.002707783
0.136645234 0.995601036 0.002643099
0.136738438 0.999501831 0.002864294
0.136779512 0.996915531 0.002732904
0.136802937 1.008761649 0.002710173
0.138034089 0.998761554 0.00264733
0.138127311 0.997603842 0.00286069
0.138168414 0.999172825 0.002732775
0.138191818 0.997664175 0.002707467
0.139422944 1.001202185 0.002647946
0.139516184 0.999597517 0.002860018
0.139557315 1.001294076 0.002734134
0.1395807 1.003066253 0.002708082
0.140811798 1.003065608 0.002648592
0.140905057 0.998755054 0.00285579
0.140946217 1.001451116 0.002733227
0.140969582 1.000875974 0.002707065
0.142200653 0.996094084 0.002644882
0.14229393 0.994469235 0.002852813
0.142335119 1.004496229 0.002737066
0.142358464 1.004633073 0.00270881
0.143589508 1.005378535 0.002652394
0.143682804 1.000603687 0.002857387
0.143724021 1.002773757 0.002736186
0.143747345 1.000296832 0.002706714
0.144978363 0.998738799 0.002646155
0.145071677 0.993447198 0.002848693
0.145112922 0.997812816 0.002732169
0.145136227 1.001637995 0.002706706
0.146367217 0.999102467 0.002645586
0.14646055 1.003625165 0.002853956
0.146501824 1.003494903 0.002736234
0.146525108 0.996629852 0.002705621
0.147756072 0.99996435 0.00264892
0.147849423 0.998063994 0.002847775
0.147890726 0.996706543 0.002732821
0.14791399 0.999671085 0.002706831
0.149144927 0.992540838 0.002642258
0.149238296 1.005430007 0.002848714
0.149279628 0.998339998 0.002733652