-0.139094657 1.000395947 0.000720768
-0.138982779 1.001187389 0.000720197
-0.137705744 1.000579065 0.000720548
-0.13759389 1.000409153 0.000720182
-0.136316831 0.998927571 0.000720064
-0.136205 0.999186537 0.00071989
-0.134927918 1.000138638 0.000720483
-0.134816111 0.999686697 0.000719738
-0.133539005 0.999383142 0.000720421
-0.133427221 1.000298042 0.000720098
-0.132150092 1.000988117 0.000720626
-0.132038331 0.998540428 0.000719749
-0.130761179 0.99980632 0.000720481
-0.130649442 0.999982416 0.000720094
-0.129372266 0.999151806 0.000720277
-0.129260552 0.999309565 0.000719497
-0.127983353 0.999144055 0.00072019
-0.127871662 0.999597343 0.000720096
-0.12659444 0.999770301 0.000720677
-0.126482773 1.000675954 0.000720348
-0.125205527 1.000871449 0.000720694
-0.125093883 1.00011123 0.000720168
-0.123816614 1.000402152 0.000720811
-0.123704993 0.999972938 0.000720082
-0.122427701 0.999897852 0.000720272
-0.122316104 0.999930378 0.000720096
-0.121038788 1.001124292 0.000720725
-0.120927214 1.000868258 0.000720313
-0.119649876 0.999073631 0.000720183
-0.119538325 1.000390203 0.00072
-0.118260963 0.99962343 0.000720536
-0.118149435 0.999514302 0.000719921
-0.11687205 0.999060632 0.000719985
-0.116760545 0.998541353 0.000719723
-0.115483137 0.999839712 0.000720439
-0.115371656 0.999666484 0.000719948
-0.114094224 0.999827905 0.000720525
-0.113982766 0.999544938 0.000719885
-0.112705311 0.998916147 0.000720274
-0.112593877 0.999979554 0.00071999
-0.111316398 0.999300648 0.000720614
-0.111204987 0.999881257 0.000719887
-0.109927485 0.999231358 0.000720329
-0.109816098 0.999855624 0.000720031
-0.108538572 0.99972212 0.000720428
-0.108427208 0.99997252 0.000720041
-0.107149659 1.0006913 0.000720639
-0.107038318 1.001752674 0.000720589
-0.105760746 1.000032022 0.000720496
-0.105649429 0.999608833 0.000720027
-0.104371833 1.001501382 0.000720931
-0.104260539 1.000893213 0.000720126
-0.102982921 1.000772455 0.000720852
-0.10287165 1.001887833 0.000720573
-0.101594008 0.999651877 0.000720373
-0.10148276 1.000104499 0.000720098
-0.100205095 1.000139535 0.000720475
-0.10009387 1.000412753 0.000720288
-0.098816182 1.000273048 0.000720292
-0.098704981 1.000281072 0.000720204
-0.097427269 1.000417532 0.000720426
-0.097316091 0.999710283 0.000719861
-0.096038356 1.000147048 0.000720736
-0.095927202 0.999968882 0.000720127
-0.094649443 1.000380083 0.000720605
-0.094538313 0.998648391 0.000719727
-0.09326053 1.000047585 0.000720697
-0.093149423 1.00025294 0.000720396
-0.091871617 0.999281817 0.000720545
-0.091760533 0.999660976 0.000719938
-0.090482704 1.000368393 0.000720836
-0.090371643 1.000717875 0.000720312
-0.089093792 1.000106022 0.000720957
-0.088982754 1.000875143 0.000720157
-0.087704879 0.999530178 0.000720292
-0.087593865 1.000729629 0.000720452
-0.086315966 1.000533565 0.000720707
-0.086204975 1.000572428 0.000720204
-0.084927053 1.000692058 0.00072056
-0.084816086 1.001003276 0.000720381
-0.08353814 0.998373911 0.000720212
-0.083427196 0.999236314 0.00071978
-0.082149227 1.0009035 0.000720737
-0.082038306 0.998963025 0.000719849
-0.080760315 0.999186482 0.000720578
-0.080649417 1.000127581 0.000719985
-0.079371402 0.999035802 0.000720216
-0.079260527 0.999295973 0.000719855
-0.077982489 0.997970836 0.000720071
-0.077871638 1.001410092 0.000720591
-0.076593576 0.999659342 0.000720303
-0.076482749 1.000991998 0.000720269
-0.075204663 0.999535555 0.000720538
-0.075093859 0.998977349 0.000719665
-0.07381575 1.000077576 0.000720613
-0.07370497 0.99981643 0.000720174
-0.072426837 1.000911653 0.000720866
-0.07231608 0.999598098 0.000720074
-0.071037924 1.000361583 0.000720514
-0.07092719 1.001001217 0.000720434
-0.069649011 1.000380484 0.000720504
-0.069538301 0.999233444 0.000719876
-0.068260099 0.999546652 0.000720181
-0.068149411 0.998699399 0.000719958
-0.066871186 1.000012283 0.000720468
-0.066760522 1.000046029 0.000720014
-0.065482273 1.000888921 0.000720741
-0.065371633 0.999723883 0.000720231
-0.06409336 1.000513805 0.000720867
-0.063982743 0.999749459 0.000719974
-0.062704448 1.000054141 0.000720589
-0.062593854 1.000538115 0.000720306
-0.061315535 1.00000644 0.000720325
-0.061204965 0.999434332 0.000720116
-0.059926622 1.000577779 0.000720603
-0.059816075 1.000050623 0.000720299
-0.058537709 1.000492392 0.000720357
-0.058427186 0.99929974 0.000719982
-0.057148796 0.999804546 0.000720151
-0.057038296 0.999316725 0.000719981
-0.055759883 1.000532576 0.000720607
-0.055649406 1.000531648 0.000720271
-0.05437097 0.999797512 0.000720582
-0.054260517 0.999578779 0.000720195
-0.052982058 0.999871746 0.000720248
-0.052871628 1.00046589 0.000720392
-0.051593145 1.000531974 0.000720579
-0.051482738 0.999547104 0.000720014
-0.050204232 0.999001107 0.0007204
-0.050093849 1.001006404 0.000720632
-0.048815319 0.999172084 0.000720203
-0.048704959 0.999836279 0.000720353
-0.047426406 0.999172594 0.000720183
-0.04731607 0.998424901 0.000719914
-0.046037493 0.999021597 0.000720366
-0.04592718 1.002560919 0.000721089
-0.04464858 0.997130991 0.000719717
-0.044538291 1.00039009 0.000720278
-0.043259668 0.999455075 0.000720415
-0.043149402 1.000843481 0.000720401
-0.041870755 0.998643198 0.000720085
-0.041760512 1.000123058 0.000720019
-0.040481842 0.998708818 0.000720221
-0.040371623 0.999082137 0.000720024
-0.03909293 0.999325072 0.000720215
-0.038982733 1.000602527 0.000720216
-0.037704017 0.999489072 0.000720417
-0.037593844 0.999702279 0.000720087
-0.036315104 0.998778857 0.000720151
-0.036204955 1.000240273 0.000720289
-0.034926191 0.998915549 0.000720102
-0.034816065 0.998447527 0.000719684
-0.033537278 0.998760797 0.00072018
-0.033427176 0.999578995 0.000719987
-0.032148366 0.998809543 0.000720345
-0.032038286 0.998606684 0.000719598
-0.030759453 0.999257356 0.000720297
-0.030649397 0.996818272 0.000719557
-0.02937054 0.998357774 0.000720281
-0.029260508 0.999447965 0.000719857
-0.027981627 0.999809247 0.000720683
-0.027871618 0.998610486 0.000719796
-0.026592714 0.999075123 0.000720264
-0.026482729 0.999347735 0.000719859
-0.025203802 0.999436481 0.000720037
-0.025093839 0.999768542 0.000720213
-0.023814889 0.998411449 0.000719962
-0.02370495 1.000139677 0.00072024
-0.022425976 0.997621398 0.000719769
-0.022316061 0.998079311 0.000719638
-0.021037063 0.998721622 0.000720088
-0.020927171 0.999051346 0.000719807
-0.019648151 0.997946537 0.0007203
-0.019538282 0.999151785 0.000719605
-0.018259238 0.998604883 0.000720156
-0.018149393 0.998245656 0.00071969
-0.016870325 0.998045341 0.000719933
-0.016760504 0.998729 0.000719742
-0.015481412 0.998325966 0.000720154
-0.015371614 1.000013254 0.000719973
-0.0140925 0.999694261 0.000720264
-0.013982725 0.999372636 0.000720009
-0.012703587 0.998803922 0.000720295
-0.012593836 1.000528445 0.000720475
-0.011314674 0.99833018 0.000719891
-0.011204946 0.998450345 0.000719573
-0.009925761 0.998586419 0.000720049
-0.009816057 0.999115937 0.000720055
-0.008536849 0.999126887 0.000720414
-0.008427168 0.999824628 0.000719994
-0.007147936 0.997718592 0.000719859
-0.007038278 0.998180549 0.000719661
-0.005759023 0.998732538 0.000720215
-0.005649389 0.999866537 0.000719852
-0.00437011 0.998292364 0.000719851
-0.0042605 0.999646686 0.000719793
-0.002981198 0.998651812 0.000719934
-0.00287161 0.999145311 0.000719782
-0.001592285 0.999285592 0.000720144
-0.001482721 0.998724548 0.000719835
-0.000203372 0.99727724 0.000719993
-9.38319E-05 0.999065008 0.00071976
0.001185541 0.999214049 0.000720335
0.001295058 0.999104926 0.000719969
0.002574453 0.998836362 0.000720085
0.002683947 0.99990641 0.000720215
0.003963366 0.999048001 0.000720178
0.004072836 0.997583237 0.000719662
0.005352279 0.998367662 0.000720363
0.005461725 0.998907509 0.000719676
0.006741191 0.998079293 0.00072003
0.006850615 0.999118409 0.000719754
0.008130104 1.000446646 0.000720562
0.008239504 1.000352456 0.00071992
0.009519017 0.998628915 0.000720434
0.009628394 0.997993206 0.000719612
0.010907929 0.998303579 0.000720019
0.011017283 0.998168219 0.000719486
0.012296842 0.998031189 0.000719882
0.012406172 0.999184174 0.000719645
0.013685755 0.999501673 0.00072041
0.013795061 0.997753607 0.000719412
0.015074668 0.998665954 0.000720245
0.01518395 0.998534669 0.000719768
0.01646358 0.998309017 0.000720253
0.01657284 0.998726724 0.000719616
0.017852493 0.998100247 0.000719754
0.017961729 0.999021076 0.000719935
0.019241406 0.998932334 0.000720086
0.019350618 0.997818747 0.000719172
0.020630318 0.999208725 0.000720285
0.020739507 0.998232269 0.000719619
0.022019231 0.999158018 0.000720525
0.022128396 0.999033097 0.000719502
0.023408144 0.999825423 0.000720379
0.023517286 0.998860549 0.000719764
0.024797057 0.998664754 0.000720448
0.024906175 0.998566929 0.000719644
0.026185969 0.998548222 0.000720343
0.026295064 0.997527022 0.000719463
0.027574882 0.999465988 0.000720184
0.027683954 0.999453017 0.000719997
0.028963795 1.000275894 0.000720511
0.029072843 0.9995892 0.000720038
0.030352707 0.999152074 0.000720506
0.030461732 0.99780738 0.000719413
0.03174162 0.999592251 0.000720215
0.031850621 0.998724479 0.000719513
0.033130533 1.000259059 0.000720644
0.033239511 0.997179817 0.000719466
0.034519445 1.000163157 0.000720544
0.0346284 0.997247458 0.000719
0.035908358 0.999439354 0.000720607
0.036017289 0.999004154 0.000719709
0.037297271 0.999222833 0.000720104
0.037406178 0.999874013 0.000720043
0.038686183 0.999687634 0.000720486
0.038795067 0.998750462 0.000719826
0.040075096 1.000132223 0.000720538
0.040183957 0.998892485 0.000719799
0.041464008 0.999579363 0.000720437
0.041572846 0.998453798 0.000719894
0.042852921 0.999817116 0.000720345
0.042961735 0.997612222 0.000719235
0.044241834 1.000967533 0.000720922
0.044350624 0.998772892 0.000719752
0.045630746 1.000100693 0.000720756
0.045739513 0.998794325 0.000719611
0.047019659 1.000372432 0.000720702
0.047128403 0.997991865 0.000719477
0.048408572 0.999768415 0.000720565
0.048517292 1.00060925 0.000720009
0.049797484 0.999444869 0.000720308
0.049906181 0.999482646 0.000719908
0.051186397 1.001282986 0.00072112
0.05129507 1.000619549 0.000719995
0.05257531 0.999282181 0.000720446
0.052683959 1.000091198 0.000720065
0.053964222 1.000119608 0.000720826
0.054072848 0.999022384 0.000719799
0.055353135 0.999853798 0.00072051
0.055461737 0.999771048 0.000720163
0.056742047 1.000001848 0.000720424
0.056850627 0.999946353 0.000720234
0.05813096 1.000659352 0.00072059
0.058239516 0.999552165 0.000720098
0.059519873 1.000031781 0.000720386
0.059628405 1.001059002 0.000720218
0.060908785 0.99965714 0.000720454
0.061017294 1.000017167 0.000719877
0.062297698 0.997379409 0.000719984
0.062406183 0.998760612 0.000719536
0.063686611 1.000554185 0.000720565
0.063795072 0.99938239 0.000719561
0.065075523 0.999120238 0.000720407
0.065183961 1.000919415 0.00072021
0.066464436 1.00033446 0.000720703
0.066572851 1.001221879 0.000720262
0.067853349 1.000794267 0.000721208
0.06796174 1.00137061 0.000720311
0.069242261 1.001510132 0.000720948
0.069350629 0.99894049 0.000719834
0.070631174 1.000287598 0.00072055
0.070739518 0.999614739 0.000719907
0.072020086 0.998770172 0.000720398
0.072128407 1.000113379 0.000720062
0.073408999 0.999937626 0.000720604
0.073517296 0.999755835 0.000719929
0.074797912 0.998910052 0.000720783
0.074906185 0.999958451 0.000719824
0.076186824 1.000556665 0.000720913
0.076295075 1.000044351 0.000719965
0.077575736 0.998767398 0.000720398
0.077683963 0.999869034 0.00072009
0.078964649 0.999886579 0.000720778
0.079072853 0.999231372 0.000719793
0.080353562 1.000464661 0.000720849
0.080461742 0.999154948 0.000719869
0.081742474 1.000515232 0.000721097
0.081850631 1.000354272 0.000720081
0.083131387 1.00092778 0.000720706
0.08323952 1.000657278 0.000719815
0.084520299 0.99931099 0.000720505
0.084628409 1.002109482 0.000720767
0.085909212 1.0012779 0.000720964
0.086017298 0.999930314 0.000720179
0.087298124 0.998505681 0.000720351
0.087406187 1.000651559 0.000720225
0.088687037 0.998072907 0.000720346
0.088795076 0.998284307 0.000719895
0.09007595 1.000258398 0.000720768
0.090183965 0.999487456 0.000719763
0.091464862 0.999953783 0.000720746
0.091572855 1.000395169 0.000720386
0.092853775 0.998447039 0.000720641
0.092961744 1.000646017 0.000720256
0.094242687 0.999595135 0.000720622
0.094350632 1.000665689 0.000719936
0.0956316 1.000147121 0.000720768
0.095739522 1.000192607 0.000720048
0.097020512 1.000283806 0.00072078
0.097128411 0.999380391 0.000719593
0.098409425 1.001614579 0.000721028
0.0985173 1.000536748 0.000720231
0.099798338 0.99968709 0.000720549
0.099906189 1.000048524 0.000720193
0.10118725 0.999421471 0.000720699
0.101295078 0.999279648 0.00071983
0.102576163 0.998883971 0.000720363
0.102683967 0.998067259 0.000719816
0.103965075 1.001078698 0.000721039
0.104072856 0.998599894 0.000719773
0.105353988 0.999069676 0.000720512
0.105461745 1.000519995 0.000720337
0.1067429 1.00031804 0.000720828
0.106850634 1.000961419 0.00072019
0.108131813 0.998410277 0.0007203
0.108239523 0.999306716 0.000719713
0.109520725 0.998628963 0.000720153
0.109628412 1.000211919 0.000720129
0.110909638 1.000458304 0.000720897
0.111017301 1.001540421 0.000720363
0.112298551 1.000264785 0.000720855
0.11240619 0.99959351 0.000720039
0.113687463 1.000689036 0.000720902
0.113795079 0.999149526 0.000719827
0.115076376 0.99950013 0.000720508
0.115183968 1.000571969 0.000720417
0.116465288 1.00120912 0.000721323
0.116572857 1.001099166 0.000720384
0.117854201 0.999892298 0.000720739
0.117961746 1.000011088 0.000719783
0.119243113 1.000237351 0.000720678
0.119350635 0.999007543 0.000719954
0.120632026 0.999541223 0.000720824
0.120739524 1.000150218 0.000720168
0.122020938 0.999605392 0.000720988
0.122128413 0.999930794 0.000720045
0.123409851 1.000040312 0.000720636
0.123517302 1.000529501 0.000720055
0.124798763 1.000762481 0.000720922
0.124906191 1.001376768 0.000720378
0.126187676 1.000383444 0.000720916
0.12629508 0.999525525 0.000719854
0.127576588 1.000508431 0.0007209
0.127683969 0.998999192 0.000719989
0.128965501 1.000652503 0.000721021
0.129072858 1.000528548 0.000720196
0.130354413 1.000879493 0.000720727
0.130461747 0.999416217 0.000719924
0.131743326 0.999549074 0.00072064
0.131850636 0.999172431 0.000719734
0.133132238 1.000050149 0.000720719
0.133239525 0.99903086 0.000719657
0.134521151 0.999408046 0.000720268
0.134628414 1.001215157 0.000720451
0.135910063 1.000258438 0.000720925
0.136017303 0.998855443 0.000719665
0.137298976 1.000989255 0.000721173
0.137406192 0.99906587 0.00071957
0.138687888 1.000702591 0.000721004
0.138795081 1.001088967 0.000720254