Sector 12:
[1595, 855], [1594, 856], [1595, 856], [1596, 856], [1593, 857], 
[1594, 857], [1595, 857], [1596, 857], [1597, 857], [1593, 858], 
[1594, 858], [1595, 858], [1596, 858], [1597, 858], [1594, 859], 
[1595, 859], [1596, 859], [1597, 859], [1595, 860], [1596, 860]

Sector 13:
[1898, 1125], [1899, 1125], [1900, 1125], [1901, 1125], 
[1897, 1126], [1898, 1126], [1899, 1126], [1900, 1126], 
[1901, 1126], [1897, 1127], [1898, 1127], [1899, 1127], 
[1900, 1127], [1901, 1127], [1898, 1128], [1899, 1128], 
[1900, 1128], [1901, 1128], [1899, 1129], [1900, 1129]