-0.18811759380779997 1.0001745317613788 0.0011081278209026293
-0.1879287200968065 1.0007069012946568 0.0009443076938333031
-0.18792172280884525 1.0005805809356336 0.0009475250707070747
-0.1875672762103972 1.0003169895320057 0.001041116399476361
-0.18695248489831337 1.0016159083532408 0.0009672928371858222
-0.18672871299660915 0.9988734470382526 0.0011083828493445743
-0.18653978759721213 1.0004732152509954 0.0009445691088018211
-0.18653284432505002 1.000569377162092 0.0009476280926847382
-0.18617836140502295 0.9992637342358159 0.0010405926026229768
-0.18556359337645753 1.0006274987724444 0.0009675417075188856
-0.1853398326501688 0.9980561188228009 0.0011081943285345588
-0.18515085556327904 0.9988166693573136 0.0009436852932193805
-0.18514396584170753 0.9997473198830421 0.0009477268079311699
-0.18478944660101088 1.0014872765061755 0.0010412806824820222
-0.18417470185551255 0.9991856554653437 0.0009669898158128284
-0.18395095230418385 0.9998811099926144 0.0011080656458497644
-0.18376192306322991 1.0020635504845983 0.0009449625135890158
-0.18375508735882318 1.0017549989902534 0.0009482934289649261
-0.18340053179609067 0.9997260149998162 0.0010414185446145554
-0.18278581033274585 0.9995710096467724 0.0009669857709194726
-0.18256207149299034 1.0007081852978943 0.0011090223235697342
-0.18237299102884208 1.000197361227395 0.0009441096292031489
-0.18236620934160008 1.0006646397989423 0.0009478545614314375
-0.18139691881089 1.0002469929059223 0.0009669796891963961
-0.1811731911474608 1.0002908712200709 0.001108124120746753
-0.1809840585292477 0.9992792108429049 0.0009439510343345484
-0.18097733085780487 1.0008267797925736 0.0009478433744950095
-0.18062270218625026 1.0006150083108114 0.001042199771848884
-0.18000802728948959 1.0002697325366705 0.0009671901511955287
-0.17978431080102045 1.0007619227206959 0.0011087473801011719
-0.17959512649440512 1.0000612545298952 0.0009437356508871075
-0.17958845237400964 1.0008133116978146 0.0009483114499823171
-0.17923378738133006 0.9988552346661302 0.0010421258147855928
-0.1786191357680892 0.998127146330198 0.0009665206457921957
-0.1783954299889215 0.9976132830127319 0.0011072641748795615
-0.1782061944600173 0.9995924594438077 0.0009441181556864497
-0.17819957389067254 1.0003619503356498 0.0009476508447895069
-0.177844873042982 1.0026035455472944 0.0010432236791700327
-0.17723024424623335 0.999685565075624 0.0009669186123899854
-0.17700654964293655 0.9994162296538741 0.0011085205160608865
-0.1768172619604229 0.9992354968894995 0.0009437078263550602
-0.17681069540733005 1.0004412332359196 0.0009478189525178067
-0.17645595823715093 0.9977334875249466 0.001042104945862384
-0.17584135272392207 0.9998518015248802 0.0009675328907623463
-0.17561766883174573 1.000133931848057 0.0011077062461728876
-0.17542832992648982 1.0002297452828395 0.0009443710705704679
-0.17542181738965423 0.9992549312831323 0.0009473022422300776
-0.17506704343223073 0.9993974266548431 0.001042668311996082
-0.17445246166818296 0.9988312068172495 0.0009666156475723664
-0.1742287884862135 0.9978620877618101 0.0011070511183034787
-0.174039397892102 0.9998513114905254 0.0009441588332420674
-0.1740329389072226 0.9999971982992434 0.0009474511976928678
-0.17367812862776594 1.00158579990746 0.0010430140360417706
-0.17306357014632712 1.001286963273204 0.0009674611360123616
-0.17283990814022857 1.0002806540295777 0.0011074948626963715
-0.17265046585771415 0.9994338133035429 0.0009440912185285479
-0.17264406042297464 1.0024937578500352 0.0009484359862528581
-0.17228921382330117 1.0001281262577677 0.001043084592043596
-0.17167467862447128 0.9998831921660886 0.0009671639037730598
-0.1714510273276742 0.9992387216658131 0.001107065701585488
-0.17126153335857452 1.0011577814714572 0.0009441889606441159
-0.17125518193963216 0.9995229327244511 0.000947706674612885
-0.17090029901838097 1.0000874224390028 0.0010431336050827338
-0.17028578710261544 0.9996428331974313 0.0009670805970022504
-0.17006214698168926 0.9995215983400556 0.0011074305151030275
-0.1698726013232772 1.0006361467005374 0.000944392532674611
-0.16986630345629505 1.0013078723004434 0.000948529055433548
-0.16951138421346076 1.0008247830843326 0.0010439212530903618
-0.16889689558030416 1.0005124343470477 0.0009682334747426739
-0.16867326663615703 0.9997846267006747 0.0011072126531513197
-0.16848366928888936 1.0026277203387035 0.0009450321797900194
-0.16847742543861385 1.0010409374109381 0.0009479990057761556
-0.16812246987510998 1.0012326741570416 0.0010440590005828063
-0.16750800405890376 0.9992128272479892 0.0009674622414290354
-0.16728438582496621 1.0011156851283154 0.0011074626785466427
-0.16709473725495627 1.0005820486735681 0.0009443804900776381
-0.1670885469561876 0.9990456739909451 0.0009468776648286923
-0.16673355506928164 1.000381113570175 0.0010443655991450836
-0.16611911253750333 0.9982434182539246 0.0009670932536215998
-0.16589550547898127 0.9997644505020467 0.0011069061529860435
-0.16570580522102318 1.0003291056143837 0.0009442359350443597
-0.1656996684723924 1.001429855976906 0.0009481738061197307
-0.16534464026436144 1.000752396971518 0.0010443686154792459
-0.16473022148085337 0.9997388562388866 0.000967627458028524
-0.1645066251325436 1.0004823979319681 0.0011071179930903586
-0.16431687318663535 1.0006232588652026 0.0009443003602752589
-0.16431078998859716 0.9998688527799876 0.0009476110309370662
-0.16395572545989529 1.00038651546866 0.001044219432930894
-0.16334132995899753 0.998929630070962 0.0009679937110204868
-0.16311774432044196 0.9989416698394367 0.0011066413295803608
-0.1629279411522475 0.9984381611956098 0.0009436289313160049
-0.16292191150525467 0.9999322204296367 0.0009477661056422024
-0.16256681065542916 0.9996508584347116 0.0010436667541804114
-0.1619524384371417 0.9997649082135076 0.0009673944434160855
-0.16172886397491243 1.0008173604118549 0.0011070817013193479
-0.16153900911876917 1.0008217438139544 0.0009443449893877866
-0.16153303348712614 1.0014779228918576 0.0009482734450242425
-0.16117789585050896 1.0032164479388757 0.0010457460582662629
-0.16056354691619398 0.9987857241995504 0.0009676058966592647
-0.1603399836293802 1.001705071722227 0.0011069067963554472
-0.16015007708347184 0.9983800766473951 0.0009438609330538602
-0.16014415500423637 0.998675157161238 0.0009476733463933779
-0.15978898151079596 1.0017051095057288 0.001045288635131668
-0.15917465539388273 1.0001006014625862 0.0009680922076550526
-0.15895110281773397 0.9987476027509902 0.0011059384904084748
-0.158761145049084 0.9994966867979591 0.0009444445418389277
-0.15875527652135202 1.0001092713923203 0.0009476563944609977
-0.15840006670632983 1.0002332395268898 0.001045392031114566
-0.15778576387157417 0.9989041431352825 0.0009677254885697349
-0.15756222247129362 1.0006737269022075 0.0011063998184171388
-0.15737221301515092 1.0009214590690267 0.0009449072930633871
-0.15736639803755678 1.0000870955838224 0.000947786031497161
-0.15701115190140963 0.9997971818677601 0.0010452527468762468
-0.15639687281537962 0.9991201400345893 0.0009681204330953202
-0.15617334212485595 1.0004661019707637 0.001106022690547043
-0.15598328098121783 1.0006018997037804 0.0009440322509338231
-0.15597752001988097 1.001128968922312 0.0009479140978235669
-0.15562223709648942 0.9986532907307304 0.0010447741291507902
-0.1550079812939792 0.9988743562172384 0.0009678170886531154
-0.15478446177977914 0.9998064162401534 0.001106204145665089
-0.15459434894683 1.0010601804456467 0.0009446846993197765
-0.15458864153653848 1.0004924133660296 0.0009478782262032005
-0.15423332229156922 1.0005898929217116 0.0010455624803388333
-0.15361908977257607 0.9998254251547294 0.0009687240973637805
-0.1533955809681329 1.0011638359487285 0.0011067534892430049
-0.15320541691244216 1.0019606373116938 0.0009446319956962403
-0.15319976305320138 0.999238127022144 0.0009472804994998715
-0.1528444079523103 0.9994684786702002 0.0010458659367545563
-0.15223019825072023 0.9999542392727363 0.0009686082594687311
-0.15200670062214797 1.0007877607945546 0.0011058476954654108
-0.15181648487896382 0.9998372409919773 0.0009443426510000937
-0.1518108850359783 1.0011446029230184 0.000947903647045468
-0.15145549314830095 1.0019487175557145 0.0010464008950172696
-0.15084130719361755 0.9994476194357985 0.0009686223725158877
-0.1506178202757103 1.0014010469575632 0.001105824832965452
-0.1504275528436665 1.001159535394982 0.0009445526236561156
-0.15042200655218307 1.0012761186606398 0.0009480729343350298
-0.1500665783429253 1.0002815812530028 0.0010462110718149969
-0.14945241567266984 0.9995687460570236 0.0009690451944551043
-0.14922893946360866 0.9987225766348994 0.0011049685149049418
-0.14903862127493994 0.999991710755495 0.0009436971606851352
-0.1490331280688406 0.9996874967838593 0.0009473039813553334
-0.14867766353846054 0.99945636844293 0.0010460985709750445
-0.148063524150814 0.9996998843566766 0.0009689036340009915
-0.14784005911853185 0.9985431424501474 0.001105696332630254
-0.14764968924100685 0.9995079669676001 0.000944106673083548
-0.14764424958550348 1.0002069850915651 0.0009476494942457035
-0.14728874919920162 1.001443236724777 0.0010470734767783292
-0.14667463262895816 0.9982092715830154 0.0009683786210343011
-0.1464511787725469 1.0000823116378585 0.0011055454068711963
-0.14626075720707377 1.00094279532072 0.0009444539225651307
-0.14625537156736956 1.0011709732978866 0.0009481753712298044
-0.14589983439428142 1.0011157501764625 0.0010472824938125758
-0.1452857415727636 0.9996433411657325 0.0009688512592212759
-0.14506229842656196 0.9976849998015463 0.0011050263574106278
-0.14487182563834722 1.0005989078864246 0.0009444620833635103
-0.14486649308448518 1.0001806366217354 0.0009476839957633569
-0.14451091958936121 1.0013351187827813 0.0010473759928849985
-0.14389685005090777 0.99835736765233 0.0009682774774600006
-0.14367341761491573 1.0003593394613766 0.0011050948844922464
-0.14348289360350464 0.9991151206020625 0.0009438240459671233
-0.14347761460160083 0.9991037879357699 0.0009470859586493276
-0.143122004784441 1.0012622190964091 0.0010471737095662514
-0.14250795852996279 0.9989925400770008 0.0009687558775269314
-0.14228453726802265 0.9988607876480139 0.0011050694597282509
-0.14209396156957155 1.000548211463888 0.0009440411226645655
-0.14208873658346688 1.0020279174744138 0.0009482406669139487
-0.14173309044609023 1.000084577386155 0.0010468053685951657
-0.14111906747285738 1.0005044405928785 0.0009694141036787009
-0.14089565692294584 1.0000352240805817 0.0011046509961199654
-0.140705030000845 0.9999586107034444 0.0009440010015912381
-0.1406998581001244 0.9989218890473555 0.0009470019206058502
-0.14034417564071594 1.0003920080345359 0.0010465282075704197
-0.13973017595100154 0.9986869580369957 0.0009686204567661656
-0.1395067765769609 0.9991347736685675 0.0011052070965546755
-0.13931609796645716 0.9995023071475702 0.0009438416594461929
-0.13931097961633457 0.9992720155381394 0.0009475591286015476
-0.13895526083534168 0.9993599031297025 0.0010467817087009093
-0.1383412844291457 1.0007693413909686 0.0009696594602407851
-0.13811789576531466 0.999234243958491 0.0011043734723750265
-0.13792716639818536 1.001726806223692 0.0009449257806641619
-0.1379221015991061 1.0007455747654848 0.0009479367907726702
-0.1375663460313296 0.9996245844713202 0.0010467861235126442
-0.13695239337295115 0.99978716880083 0.0009688845516948332
-0.13672901541932972 0.9985356232510553 0.0011041206748520973
-0.13653823436425228 1.0021943763652932 0.0009451948049590667
-0.13653322311622174 0.9990638839697531 0.0009469093665669634
-0.1361774316920707 1.0018486973658476 0.0010472083610920696
-0.13556350185200616 0.9992489019041624 0.0009688532720306645
-0.13534013507288936 1.0001882999165261 0.0011050737754514503
-0.13514930279552573 1.000060475071356 0.0009442824560115772
-0.1351443446324265 1.0006674819051975 0.0009476399624695836
-0.1347885168871505 1.0017858142841163 0.0010472381622143184
-0.13417461032969488 0.9994951145454787 0.0009690649611875152
-0.13395125472735983 0.9980375655103039 0.0011039792464160945
-0.13376037076068314 0.9994535262540687 0.0009437427978602737
-0.13375546661475068 1.002549033828275 0.0009485743960296468
-0.1333996020817762 0.9997634384971679 0.0010466855961770776
-0.13278571927304492 1.0009722182929837 0.0009696017343727681
-0.13256237391616904 1.0002679081693695 0.001104008422228513
-0.13237143919241134 0.9999930825953973 0.0009444764723366224
-0.1323665881314082 1.0007872015771566 0.0009478201344942597
-0.13201068774297137 0.9992139155980502 0.0010470041935879953
-0.1313968277516445 0.9998524435480816 0.0009691662824567318
-0.13117349356972866 1.0002193134021442 0.001103954588968037
-0.13098250715847826 1.00014999284524 0.0009441190527669542
-0.13097770964716027 1.0004602562018827 0.0009483960499086952
-0.13062177293850658 1.0021133765507564 0.0010475532463179353
-0.1300079362302441 0.997366082161357 0.0009683290432496612
-0.1297846132237437 0.9985165878843171 0.0011038633839700457
-0.12959357558929696 1.0004439526316897 0.0009442395611535139
-0.1295888316303899 0.999561204550556 0.0009478183088977298
-0.12923285813313096 0.9997362440750934 0.0010468584938812745
-0.12861904517404954 0.9989742917732136 0.0009690171854233494
-0.12839573287775877 1.0006851842809579 0.0011039898890551924
-0.12820464402102516 0.9986383283141957 0.0009439301923284139
-0.1281999531470528 1.0007646759342754 0.0009482326636627309
-0.1278439433291216 1.000677225301145 0.0010474529626620626
-0.12723015365173826 1.0002013463259356 0.0009697845917436889
-0.12700685253268468 0.9991956748828531 0.0011035182143665702
-0.12681571198709207 1.0004781237672151 0.0009444523878794391
-0.1268110746637103 1.000334107492802 0.0009483028710199696
-0.1264550289898627 1.000732275058036 0.0010477875146663214
-0.1258412625950883 0.99932750907723 0.000969135092824411
-0.12561797172058303 0.9995651131900035 0.0011037400696827188
-0.12542678041836552 0.9994073726516297 0.0009436391209038849
-0.1254221966460345 1.0005072446711956 0.0009480821416829174
-0.12506611418494248 0.9990084836681993 0.0010471920936594144
-0.1244523710741433 1.000640140895327 0.0009694603240992852
-0.12422909137414266 1.0008026320450059 0.0011037509670113967
-0.12403784884918423 0.9992554748243749 0.0009441804178554726
-0.12403331816223928 0.9999353719031492 0.000947813260265755
-0.12367719937956685 0.9997495510373702 0.0010474795998387555
-0.12306347955228746 0.9988952303667964 0.0009691493527078516
-0.12284021102815772 1.0003432147704374 0.001103530880866249
-0.12264891681525114 0.998304245656123 0.000943612289053713
-0.1226444401450162 1.0015664626755953 0.0009481650326915632
-0.12228828504076335 1.000483523952096 0.0010472065133086783
-0.1216745884960929 0.9988265538831712 0.0009691574138045303
-0.12145133068262819 1.0006405886677263 0.001103380648187507
-0.12125998524697934 0.9989137511437944 0.0009431829494208233
-0.12125556166167371 1.0010542100571471 0.0009483045265575872
-0.12089937023629722 0.9987777958844206 0.0010471081024457666
-0.12028569697378165 1.001105014350551 0.0009695706387060671
-0.12006245033709867 0.9996658522986298 0.0011033819984324763
-0.11987105367779805 0.9991746101496617 0.0009436365923860207
-0.11986668317833661 1.000102905453713 0.0009478578864510444
-0.11951045543092294 1.0005805065354987 0.0010477203898373285
-0.11889680591804251 1.0000692603562389 0.0009687688957672365
-0.11867356952499701 0.9994211432705511 0.0011027424371772316
-0.11848212210952624 0.9992671102384985 0.0009441046770712137
-0.11847780516065541 1.0005522101286 0.0009482079170193487
-0.11812154109166402 1.001739173694391 0.0010476104504924901
-0.1175079143966421 0.9988855351408171 0.000969086038444032
-0.11728468917855665 0.9984229770557532 0.001102369717508305
-0.11709319054125444 0.99878649066572 0.0009440174992981192
-0.11708892667686559 1.002362554072193 0.0009483619106812647
-0.1167326262871979 1.0016666313178322 0.0010479226450395252
-0.11611902333999212 0.9989529695535495 0.0009687642995854849
-0.11589580883257171 0.999185240555134 0.001102638608485533
-0.1157042589725279 1.000011808936732 0.0009442161634248934
-0.11570004865873165 1.0011064571583181 0.0009479142751034775
-0.11534371148273176 0.9999172568971443 0.0010472104221194698
-0.11473013181813628 1.0021778367721632 0.0009699422867128743
-0.11450692848704218 1.0002037650421454 0.0011029556995650535
-0.1143153274033466 1.0007639578287706 0.0009445149409721361
-0.1143111701763 1.002064107998132 0.000948624021212885
-0.11395479714301877 1.0000950103406123 0.0010476965943435872
-0.11334124076239446 1.001092380168587 0.0009695828365582718
-0.11311804814151266 1.0007191909077735 0.00110264142375508
-0.1129263958350748 1.0003435123216402 0.0009444246761940167
-0.11292229215816607 0.9997222802277911 0.0009476316324751481
-0.11256588233764449 1.0025944782814087 0.001049297551525309
-0.11195234924099404 0.9997789776257452 0.0009695996856315398
-0.11172916779552772 0.9983321874428721 0.0011024322782728746
-0.111537464266803 1.000934398179588 0.0009449406274618217
-0.11153341367346002 1.0004339315376343 0.0009476588123390278
-0.11117696799929372 1.00017541767542 0.0010477699386667936
-0.11056345818479948 0.9997336023601469 0.0009693587815455582
-0.11034028698297065 0.9997235106089101 0.0011023042800645227
-0.1101485326976217 1.000746539105419 0.0009448385395779493
-0.11014453519012292 1.0006136360497349 0.0009479753717941433
-0.10978805319437351 1.0019235198345502 0.0010482650784968835
-0.1091745666620355 0.9990124968740125 0.0009693631764094323
-0.1089514066369857 1.0016245561067698 0.0011023069097867413
-0.10875960112980465 1.0004191300319396 0.0009442852719921522
-0.10875565717244172 1.0010076268127217 0.0009480519868443176
-0.10839913838945331 1.00142741596666 0.0010486459802688342
-0.10778567560584094 0.998971054288779 0.0009694741295551418
-0.10756252629145617 0.9998552180205595 0.0011022388698031342
-0.1073706695610781 0.9987765484847786 0.0009437827330065763
-0.10736677868910462 1.0009185542678258 0.0009484260196283975
-0.10701022405064982 1.0007669907663528 0.0010485766823813895
-0.10639678408444053 0.9999999113037753 0.0009700755654448164
-0.10617364594592665 1.0012148949417217 0.0011026266323538743
-0.10598173799235155 1.0003791120060543 0.0009439510522199594
-0.10597790067233426 1.0008584579156796 0.0009479058209218639
-0.10562130924618503 1.0009772991986736 0.0010487746398472311
-0.1050078930286987 0.9987879326158696 0.0009687882238500472
-0.10478476559994171 0.9995893901909446 0.0011019375825504416
-0.10459280642317026 0.9991333599004335 0.0009439194945743393
-0.10458902218853904 1.0012991999398613 0.0009478573666973948
-0.10423239490692611 1.0017571269022905 0.0010488478782379924
-0.10361900150684286 1.0000102314940629 0.0009698003553108101
-0.10339588525350134 0.9980330885247028 0.0011019105235103833
-0.10320387485489846 0.997285760342892 0.000943539319234425
-0.10320014417040511 1.0003787312501495 0.0009485238170859399
-0.10284348010109506 0.9998692413336102 0.0010484889660597673
-0.1022301104501929 0.9994055700463961 0.0009689773651381204
-0.10200700490706098 0.9994624516440845 0.0011019183919359081
-0.10181494328662666 1.0018353727149134 0.0009448325192378892
-0.10181126568706801 1.0017652341918524 0.0009484937648177207
-0.1014545652970857 1.0004183875681898 0.001048692629860183
-0.10084121892879247 1.0012666550920026 0.0009700231938868913
-0.10061812456107604 1.001689097847514 0.0011026532194351624
-0.10042601171744536 1.0005818128722361 0.0009443262569655422
-0.10042238766893408 1.0011178395010567 0.0009477347099934692
-0.10006565095782678 1.0014088048287038 0.001049642747076077
-0.09945232787259792 1.000377255011705 0.0009695315764178834
-0.09922924374897438 0.9983827098405101 0.0011018608972966602
-0.0990370806152896 1.0007638214653305 0.0009446459352502024
-0.09903350918604971 0.9995907358106038 0.0009477678888009732
-0.09867673615290658 1.0024140094860772 0.0010489331995678914
-0.09806343681640337 1.0011183382550115 0.0009701018790082333
-0.09784036340253671 1.0003964930616074 0.001101987519680211
-0.09764814904656305 0.9987981540889521 0.0009437228050228478
-0.09764463116882661 1.0012335218533874 0.0009478020577679353
-0.09728782181364766 0.9992801163309686 0.0010484228998979355
-0.09667454529454753 1.0000680339219634 0.0009696168372870835
-0.09645148305655177 1.0010065865981401 0.0011023081074094847
-0.0962592174778365 1.0021331799403876 0.000944628243759964
-0.0962557526850314 1.0023753509798006 0.0009488205678389822
-0.09589890700872745 1.0011210589922912 0.001048734980384821
-0.09528565423790025 0.9993916794456771 0.0009696822228468599
-0.09506260271056682 1.0011563732503073 0.001102580262748758
-0.0948702859086552 1.0007292280012716 0.000944045344599113
-0.0948668746673502 1.000543784713499 0.0009476702085802636
-0.0945099922047154 0.9999281362573595 0.0010485541216646852
-0.09389676271649713 0.999953683943138 0.0009698378139829572
-0.09367372236458188 1.001130072166041 0.0011018618674104978
-0.09348135480604469 1.0013859353676122 0.000944603796801858
-0.0934779961840131 0.9988681833362547 0.0009473254859925403
-0.09312107786454833 1.0017401039140748 0.0010495729473413782
-0.09250787166075801 0.9992426450008547 0.0009693958371561865
-0.09228484201950508 1.0016781740539982 0.0011021803604067768
-0.09209242323777289 1.0002619202671004 0.0009444700891032987
-0.0920891181663319 1.000644199773706 0.0009477002906948608
-0.09173216305962813 1.0012413739525887 0.001049255025216085
-0.09111898060410803 0.9997623383889619 0.0009698438690563372
-0.09089596167261199 0.9993968800780663 0.0011020496821114814
-0.09070349213425288 1.0002545249292738 0.0009443180952789342
-0.09070023968344752 0.9990637476436001 0.0009472794019033995
-0.09034324872082329 1.0001860006185628 0.001049112362649485
-0.08973008908225219 0.9992467070220501 0.000969167007839234
-0.08950708132662705 0.999751307569437 0.0011019309954285728
-0.08931456056552634 0.9996477343709127 0.0009440777555094347
-0.0893113616653136 1.0022797623567246 0.0009485410385263595
-0.08895433391635715 0.9995436370036775 0.0010491875812180054
-0.08834119802605764 1.0001135358480546 0.0009696227803523204
-0.0881182009806421 1.0007237159489388 0.0011018982311552451
-0.08792562899725453 0.9999219380224728 0.0009444988207075118
-0.08792248364763779 1.0014472625277406 0.0009480641913407066
-0.08756541957709824 1.0011810305324618 0.001049738272630112
-0.08695230696986309 1.0004378219042422 0.0009702103701891113
-0.08672932063465716 0.9989507705542797 0.0011018604604683185
-0.08653669789464402 0.9996132070429664 0.0009438636316762959
-0.0865336051642953 1.0021486028553102 0.0009484332994193207
-0.08617650477217803 1.0009408263374209 0.0010492477683520423
-0.0855634154470991 0.9976287732988454 0.0009689237167410296
-0.08534044028958036 0.9999313468442613 0.00110138969898814
-0.08514776632546273 0.99794408319803 0.0009437900859917241
-0.08514472714616676 0.9993830356401091 0.0009474383183798583
-0.08478759043382995 1.0022665704743308 0.0010504346371122317
-0.08417452439090455 0.9996410602363851 0.0009697265787752433
-0.08395155947748141 0.99941456889923 0.0011018711910850659
-0.08375883522285221 1.0003337174748204 0.0009439503047584258
-0.083755848663277 1.0002042842034735 0.0009476858424991055
-0.08339867562799891 1.0001577092708676 0.0010494311617765257
-0.08278563333471 1.0017256967114787 0.0009705527788698067
-0.08256267913104104 1.0000507775931744 0.0011018229418193173
-0.0823699041202417 0.9999896837486054 0.0009444817260857271
-0.08236697064560118 0.9991294327838282 0.0009472994731030008
-0.08200976128873999 1.0010798631874527 0.0010499235117901577
-0.0813967418137623 0.9998857638419008 0.0009701063192318385
-0.0811737987850561 1.000630596040379 0.001101938156009667
-0.0809809725510604 0.9994291776045466 0.0009436114978223072
-0.0809780921622587 1.0015172979049674 0.0009481107876266491
-0.08062084648427521 0.999853247987855 0.0010491260390752771
-0.0800078507566596 0.9988359879502372 0.0009696580549631394
-0.07978491843907115 1.000679522791435 0.0011018391444647339
-0.07959204144799514 1.0002107490143954 0.0009443384770360522
-0.07958921414458288 1.0008062953805226 0.0009479182090439953
-0.07923193214547171 1.0014574356442125 0.0010502134597350594
-0.07861895970046505 0.9994411418650588 0.0009696988234677488
-0.07839603809399436 0.9995779020306655 0.0011016127612318506
-0.07820310987972334 1.0014455388249108 0.0009451161192610741
-0.07820033612644894 1.0018210597774955 0.0009481761047894698
-0.0778430173405515 1.000006098520448 0.001049678819009115
-0.07723006817860921 0.9983417225207286 0.0009693635197952726
-0.07700715774755398 0.9986357378148877 0.00110214618290396
-0.07681417877711283 0.9993935197545991 0.0009439700863850316
-0.07681145764356458 1.000305180874308 0.0009475212258098184
-0.07645410300083717 0.9996123624692054 0.0010499553840151185
-0.07584117712241466 1.0010032963438116 0.000970483910556882
-0.07561827740111632 0.9981351691211136 0.0011014684098553814
-0.07542524767359282 1.0011726469683802 0.0009446724264104761
-0.07542257962634148 1.0008563945825197 0.0009479309319771868
-0.07506518819637238 1.000898400772275 0.0010501846696381652
-0.07445228606712825 0.9999678809187966 0.0009701129318433688
-0.07422939705603952 1.00099147229648 0.0011022837039986742
-0.07403631610532102 0.999018960709024 0.00094346420262547
-0.07403370160820756 1.0004496061343173 0.0009475750087177925
-0.07367627385711346 1.0004208936213663 0.001050300763799669
-0.07306339501048098 1.0009186244342432 0.000970219813170686
-0.07284051671005458 0.9993445847339473 0.00110224791259339
-0.07264738500271051 1.0002342426259354 0.0009440466905988155
-0.07264482312486507 0.9993505129279059 0.0009476376550745289
-0.07228735905219326 1.0014163278868045 0.0010505215487490636
-0.07167450348816971 0.9996687276298586 0.0009700680061561196
-0.07145163636406963 1.000432532040737 0.00110193979613005
-0.0712584538991905 0.9993932264872273 0.00094397797963495
-0.07125594510673114 1.0017584884580915 0.0009483279309573095
-0.07089844471293434 0.9998491388491183 0.001049949059954841
-0.07028561243243059 0.9989007693655897 0.0009699453559970452
-0.07006275601808469 0.9997435321844451 0.00110259011494419
-0.06986952279612524 0.9996480424781804 0.0009440419306194065
-0.06986706662294132 1.0018085856332348 0.0009482586841861074
-0.06950952990801414 0.9990259922104112 0.0010497341962227664
-0.06889672137668876 0.9987459774267607 0.0009697732958536888
-0.0686738756711916 0.9983096286775436 0.001101868794451234
-0.06848059169351473 1.000310631793109 0.0009448039551857829
-0.06847818860617096 1.0024431816036596 0.0009487605853744078
-0.06812061556966337 0.9994312718377493 0.0010501008962322477
-0.0675078303204942 1.000763225141876 0.0009701591189487475
-0.0672849953261148 1.0001948201505466 0.0011022734508391164
-0.06709166012524292 1.0005229858736684 0.0009441803142520666
-0.06708931058848976 1.0017746120454345 0.0009487133520443016
-0.0667317007642891 0.9995696760441969 0.0010505749658392875
-0.06611893879818295 0.9994049229799538 0.0009695256086701675
-0.06589611498012986 1.001418806438488 0.0011028104873047548
-0.06570272902217766 0.9995568652460421 0.0009443719752678626
-0.06570043257081394 1.0009681696084267 0.0009481340393252049
-0.06534278642548424 1.0003970327632183 0.0010505400214124775
-0.06473004774153567 1.0007153820955073 0.0009701797239042405
-0.06450723463414491 0.9994237178573766 0.0011021813760913265
-0.0643137979191124 0.9996288434226037 0.0009438538023292527
-0.06431155408747145 1.0000402510789517 0.0009476373551156153
-0.06395387162101947 0.9992167981561839 0.0010507170208344722
-0.06334115668624926 1.0003650610320562 0.0009700328049637857
-0.06311835428815997 0.9977620916067879 0.0011019957405127747
-0.06292486681650189 1.0014347725834027 0.0009447499373076885
-0.0629226760688848 1.0007789075410536 0.0009481680299961024
-0.06256495728130512 1.0036173500631185 0.0010520607603270696
-0.06195226563005471 1.0005134272749734 0.0009700670558014652
-0.0617294739417223 0.9989962132487312 0.0011023128443479683
-0.06153593571298188 1.0006631190866413 0.0009437650096251366
-0.06153379805211443 0.9988603163035782 0.0009474073658582461
-0.061176042475476776 1.0009696542625417 0.001051299966310174
-0.06056337457386016 1.000950112581284 0.0009707696513133841
-0.06034059359619008 0.9986685125691528 0.001102635071768064
-0.06014700460991662 1.0001545688327464 0.000943646625720813
-0.060144919568777336 1.0007925105323323 0.0009476917125953028
-0.05978712813621786 1.0007573519513218 0.0010513675006309257
-0.05917448351721288 0.999388648383466 0.0009698985756272359
-0.05895171325020514 1.0006380080518111 0.0011029097968266331
-0.05875807350730611 0.998938836161611 0.0009433404923906081
-0.05875604155109613 1.0020242800916412 0.0009481907732834987
-0.05839821379695894 1.0003708284886141 0.0010512658289707154
-0.057785591995809765 0.999746012982805 0.0009703215306372169
-0.05756283290422019 1.0010000167428637 0.0011030997620032732
-0.057369142404695594 1.0004576210890963 0.0009446307553812332
-0.05736716353342032 1.0008414162761614 0.0009481185531712373
-0.057009298992038736 1.0023167917477473 0.0010519865478433909
-0.05639670094007063 1.0007411013826217 0.0009703251695725039
-0.05617395255823525 1.0009139836216114 0.001103391836174066
-0.055980211301630334 1.0002298240734517 0.0009437589862345617
-0.055978285049625105 1.0004278659108354 0.0009478969007915084
-0.05562038465277982 1.0010611902490871 0.001051659772744342
-0.05500780988342066 1.0001867266010227 0.0009697893127850321
-0.054785072211794884 0.9989867768251373 0.0011028275719252017
-0.05459128019856507 0.9996887791852633 0.0009441335602773486
-0.05458940703149118 1.0005938268571508 0.0009476474681210287
-0.05423146984785961 1.00149902720485 0.0010518962806939436
-0.05361891882722611 0.9993613139648201 0.0009696452447388902
-0.05339619186626536 0.9992810060655422 0.0011028406810181836
-0.05320234909595456 1.0011540036019508 0.0009439919412164369
-0.05320052901472081 1.000083069282536 0.0009475563762701365
-0.052842555509508844 1.002787937234077 0.0010522797526440351
-0.05223002777148698 1.0000400743889801 0.0009701318692869002
-0.05200731152073584 0.9986289543725584 0.0011034568963700741
-0.05181341845809584 0.9992721904498874 0.0009440364401672716
-0.051811650997045 0.9996025414745673 0.0009479035678502998
-0.05145364070368049 1.000164917345773 0.001052074787227317
-0.050841136715747845 1.0006927330297934 0.0009703822099890844
-0.05061843117429547 0.9999274691045212 0.0011039044061689075
-0.05042448735503058 1.0004426487985103 0.0009443369954797573
-0.05042277251370251 1.0008359485146594 0.0009478825345599831
-0.05006472636442157 1.0000208835543303 0.00105139515843953
-0.04945224565955329 1.0012304934151512 0.0009707169383119855
-0.04922955082831053 0.9981043950585318 0.0011033741375392734
-0.04903555625196532 1.0005118805074786 0.00094478575575499
-0.04903389449556858 1.0016074995307978 0.0009482913448894386
-0.04867581202561673 1.001075889443531 0.001051682440297383
-0.04806335413678661 1.0003599065155573 0.0009705948693845287
-0.047840670481872856 1.0009600435415775 0.0011042368382136111
-0.04764662514844531 1.0004254730493438 0.0009437469813914896
-0.047645016477440044 1.0000698915272257 0.0009475241834450055
-0.0472868972211506 1.0017699916710714 0.0010519527202252376
-0.04667446308059206 0.9999039805320592 0.0009702234791072597
-0.04645179013634064 1.0009325489915266 0.0011042091983526532
-0.0462576940449253 1.0008033578620357 0.0009440800300458142
-0.046256138460669685 1.0000562354809754 0.0009480540706097093
-0.04589798288189168 1.0005203485206746 0.0010517380886820886
-0.04528557202485293 1.0004962112367002 0.0009703198860321048
-0.045062909790811116 1.00155697534176 0.0011045868527395156
-0.044868763407976076 1.0005808114142796 0.0009447304521150046
-0.04486726044298848 1.0010369331922349 0.0009481473574271073
-0.044509068542632764 1.0009561593540428 0.0010517392450843164
-0.0438966809691138 1.0007075110335806 0.0009705210499978182
-0.04367402944437075 1.0001002730457786 0.0011043667535003052
-0.04347983230536556 1.0003942832305492 0.0009441443936164934
-0.04347838195965138 1.0004977754146225 0.0009474246204467546
-0.0431201537386234 0.999156899238863 0.0010521076956404635
-0.042507789912919244 1.0006643400463526 0.0009702568603620592
-0.042285149564047095 0.9983894393571742 0.0011044560100996973
-0.0420909012023003 1.0006901728067976 0.0009442066528940765
-0.042089503941970176 0.9997995053105291 0.0009477266878662327
-0.04173123939845364 1.0009117161388004 0.0010520781084827494
-0.04111889885626927 0.9987198462371385 0.0009701503297852508
-0.04089626921806215 1.0008685910859365 0.001105033810601687
-0.04070197056444158 1.0012270903032257 0.0009442266925978472
-0.04070062592338353 1.0011364194030954 0.0009482901886441657
-0.040342324593533437 0.999541629528245 0.0010521294565113395
-0.03973000780053014 0.999842593698056 0.0009701191660076973
-0.039507388872077207 1.0007845834930964 0.0011055656221723555
-0.03931303946183107 1.0012712147748222 0.0009446914609209307
-0.03931174790570771 1.0012549808761133 0.00094827806677996
-0.03895341025472994 1.0019439673650112 0.0010524145269455796
-0.03834111674433559 0.9976749132101206 0.0009698587585872335
-0.03811850852654768 1.001289668521993 0.0011053993142003016
-0.037924108359220554 1.000501019347906 0.0009439063075624527
-0.03792286988847923 0.9989880313929956 0.0009475638786887592
-0.03756449591592644 1.0014365238850982 0.001052843767238776
-0.036952225688141035 0.9988054683314108 0.000969919198985238
-0.03672962818010732 1.0009567182528243 0.0011061414021277007
-0.03653517772136183 1.0016425901729789 0.0009448394442255481
-0.036533991871256145 1.0008667578639552 0.0009482716438156688
-0.03617558111100624 1.0008763720899991 0.0010527284704309977
-0.03556333463194648 1.0002552765430113 0.0009705269962917558
-0.035340747834122374 0.999394729228435 0.0011055035475148048
-0.03514624661829657 1.0003388815194891 0.0009441175931036274
-0.03514511338791905 0.9995786656786334 0.0009478654177398607
-0.0347866667712919 0.9992944378791561 0.0010520107582997706
-0.03417444357529651 0.9989842037473087 0.000970225500497439
-0.03395186748813743 0.9996820484338812 0.00110540686493247
-0.0337573159808926 1.002032448029318 0.000944650315740499
-0.03375623536978512 0.9989449600068789 0.0009477318647335782
-0.0333977524324884 0.9997973270825732 0.0010519966593774462
-0.03278555251955738 1.0011454627236136 0.0009708032682161684
-0.032562987142152486 1.001723003244331 0.0011068476613709166
-0.03236838487873683 1.0016695331238281 0.0009447565389023597
-0.032367357351651194 1.0004531842316842 0.0009481820461718361
-0.0320088376275682 0.9998515433445395 0.001052965197998644
-0.031396661463815555 1.0009894181767243 0.000970786945346366
-0.031174106797078383 1.0001213075490747 0.001106280479466243
-0.030979454240878113 1.0005049498508596 0.000944535668439557
-0.03097847933397538 1.0010021505691102 0.0009481819791621294
-0.03061992328830928 0.9996722108972099 0.0010523157270171223
-0.030007770407168278 0.9995816317867838 0.000970402981728761
-0.029785226450182598 0.9988969592637258 0.0011062945241246916
-0.0295905231382676 0.9998136560820656 0.0009440900210238758
-0.029589601316294175 1.0003901509808006 0.0009480640923784042
-0.029231008949050362 1.0009923132389673 0.0010530004683493763
-0.028618879350973726 0.9993462050572357 0.0009700892052570813
-0.028396346104197653 0.9983804551109001 0.0011061095865478909
-0.028201592501318373 1.0005745957113916 0.0009442134232593313
-0.028200723299523816 1.0004729304553877 0.000948132107854455
-0.027842094144130157 1.0006426340865398 0.001053288218597203
-0.027229988294779173 0.9999130521753768 0.000970663831489022
-0.027007466223873997 0.9992417311041125 0.001106745262122733
-0.026812661863459653 0.9999991655858668 0.0009443748507300223
-0.026811845281389888 0.9995920135179435 0.0009479893510571184
-0.026453179805779384 0.9994594641197916 0.0010533023020799894
-0.025841097239492766 0.9978691404264798 0.0009700802455087672
-0.025618585877889052 0.9998130498796325 0.0011074431139401401
-0.025423730760394392 0.9976752721272075 0.0009435449317405596
-0.025422967263261348 0.9982877734695315 0.000947280083800848
-0.025064265466066393 0.9993717740447564 0.001052620106512614
-0.02445220618284549 0.9997138943121108 0.0009704921486582044
-0.02422970553281495 0.9992368124140876 0.0011073750751350087
-0.024034800123445166 0.9997729304925382 0.0009440701942653645
-0.024034089245580145 1.0012833106437917 0.0009478970195880931
-0.023675350660692117 1.0001777362745472 0.0010530336274530436
-0.023063315126195517 0.9979373854124172 0.0009702138727844275
-0.022840825186374585 1.0011793012935881 0.0011082849528152535
-0.02264586948649594 1.0003184819866766 0.0009443718437313275
-0.022645211228357057 0.9987773365813573 0.0009472760396421252
-0.022286436322341344 0.9995763213046317 0.0010531965393124406
-0.02167442407090911 0.9979162032482342 0.0009697100761383582
-0.02145194483993422 0.9982445151204201 0.0011073334239380807
-0.021256938382975932 1.0006796569771714 0.0009440348627843418
-0.021256333211133974 0.9996338732159 0.0009481179684184124
-0.020897521983082427 1.0000146391835014 0.001053536461776339
-0.020285533014714557 0.9982056930936751 0.0009699736308878125
-0.020063064494860117 0.9990019489256641 0.001107972131688363
-0.019868007746026706 0.9966705962280312 0.0009428654017255373
-0.019867455193000042 0.9981679866578346 0.0009475111367540349
-0.01950860764382351 0.9975992643263487 0.0010528715003601417
-0.018896641958520005 0.9987637213448303 0.0009700533938330415
-0.018674184148875173 0.9975553487690745 0.00110799782165415
-0.01847907710907748 0.9966341695222212 0.0009427210555263266
-0.018478576709204827 0.9995680274294529 0.000947696859341248
-0.018119692838903304 0.9983711815246704 0.0010534031068438628
-0.017507750901870033 1.0005231399684662 0.0009710074793448683
-0.017285304268551516 0.9987479635871691 0.0011082689525024748
-0.01709014647121876 0.9985344364216756 0.0009435415483073357
-0.017089698691529015 0.9999587884861662 0.0009481820079431968
-0.01673077850055523 0.9990446590896789 0.0010538187252039075
-0.016118859845222756 0.9974934473406856 0.0009698723396834491
-0.01589642392211115 1.0000360227310137 0.001108501893881357
-0.015701215833814786 0.9982659897368711 0.0009434466980316997
-0.01570082067384781 0.9996824737720859 0.0009479314973388124
-0.015341864160840891 0.9980057760357838 0.0010533968034889573
-0.01472996878993635 0.9980611306560263 0.0009703244016669429
-0.014507543575670787 0.998497196260498 0.0011091199971032038
-0.014312284731204272 0.9988165464731026 0.0009436498177246731
-0.014311942656172 0.9984664564333336 0.0009475175547979642
-0.013952949355465266 0.9987661868503738 0.0010540056202322245
-0.013341078199403085 0.9984484181240239 0.000970565434496999
-0.013118663230596683 0.998233925200509 0.001108344393672531
-0.012923354094255046 1.0005711243911846 0.0009440352002079636
-0.012923064639401639 0.9977951300411498 0.0009464463922245704
-0.012564035017117189 0.998330526190776 0.0010535960424143088
-0.011952187143208533 0.9996976406272222 0.0009708165942390858
-0.011729782884611739 0.9982709291568715 0.0011093198326656872
-0.011534423456396325 0.995422132788155 0.0009429664348911808
-0.011534186620814985 1.0013746128107628 0.0009486746543466234
-0.011175120677858271 0.9969871974527161 0.0010534937879465465
-0.010563296087013981 0.9991105965751503 0.0009705100905595301
-0.010340902538626795 0.9988083930976572 0.0011095645360634995
-0.0101454928194471 0.9964295654557729 0.0009433403457001184
-0.010145308603133781 0.997466366224306 0.0009468283217042232
-0.009786206338599354 0.9984558320067948 0.001054438344303408
-0.009174405030819429 0.9968598725615873 0.0009701061611924228
-0.008952022658303138 0.9985973434632313 0.0011093730789543468
-0.008756562182497873 0.999832683146585 0.0009441294990572397
-0.00875643058545797 1.0000417491804712 0.0009478810669140569
-0.008397291533223728 1.0000102679414549 0.001054598229660795
-0.007785513975535718 0.9967305230308509 0.0009700710394372185
-0.007563142311407352 0.9992216668279402 0.001109486212606099
-0.007367631544639153 1.000062252249774 0.0009445167408256502
-0.007367553033438054 1.000414929979481 0.0009477939234337778
-0.007008377194420232 0.9971999287062577 0.0010543247870005768
-0.006396622918430323 0.9976884422899953 0.0009703146917750039
-0.00617426196633325 0.9992810273960473 0.0011099755449938014
-0.005978700907235179 0.9976920339376193 0.0009435565832613753
-0.005978675016667694 0.9984589008751733 0.0009473259766771494
-0.005619462855615388 0.9977543372561268 0.001054498763479466
-0.005007731862235771 0.9968628329304507 0.0009702035619096951
-0.004785381620348306 0.9975179786114118 0.0011098157578050608
-0.004589796998533765 1.0013126148053175 0.0009486098531987762
-0.004589770270285953 0.9987751217776869 0.0009438093704473924
-0.004230548515902397 0.996853004641227 0.0010539786691446693
-0.0036188412717025062 0.9977633027757803 0.0009701992857571466
-0.003396501274363362 0.9994869051506358 0.0011105632265681943
-0.0032009189804052263 0.9995139699819485 0.0009477733897396903
-0.0032008396333367273 0.9993471942208166 0.0009438620770915925
-0.0028416337109821916 0.9995229054794885 0.0010543097432989036
-0.002229950215507954 0.9985725916548556 0.0009706223670046283
-0.002007620928378418 0.9983239912634693 0.0011101681256326294
-0.0018120409627240238 1.0001610363981621 0.0009475664919797272
-0.001811908995932754 0.9987047063437235 0.0009437888315088273
-0.0014527193721773479 0.9974819613682457 0.0010549217071077238
-0.0008410591602242439 0.9968608468321788 0.0009700287647142188
-0.00061874104759934 0.9985296451027111 0.0011102889454887408
-0.0004231629445900951 1.001530688509405 0.0009482942000604267
-0.0004229783585287805 0.9983560064876578 0.0009438463128511139
-6.380503337250385e-05 0.9961895473053327 0.0010543382607514857
0.0005478318964257293 0.9973343118511881 0.0009702523971444831
0.0007701392979301831 0.9987646297744907 0.0011109919392250306
0.0009657150726329914 0.9992808760440722 0.0009473202058451575
0.0009659518127591582 0.9986514642089352 0.0009432760162683689
0.0013251093063404874 0.9983763696546192 0.0010547626159994412
0.0019367229530757027 0.9984283524093482 0.0009707975232731338
0.0021590196439151273 1.000075063154746 0.001111301966907778
0.002354593089856078 1.0000737197943852 0.0009478774913569282
0.002354882450617879 0.9982319285174582 0.000943335944072521
0.0027140236451453316 0.998246642707342 0.001055201412050783
0.0033256135431535463 0.9980955417165539 0.0009707123502463061
0.0035478999899000714 0.999026485738855 0.0011111259956677025
0.0037434711079900066 0.9985788573931788 0.0009472382281593743
0.0037438130880218523 0.9989222371674419 0.000943877606518448
0.004102938449610115 0.9982237637260805 0.001054847964003589
0.004714504598892677 0.9981515365510527 0.0009712453717733424
0.004936780335885016 0.9988799371778557 0.0011111582100152672
0.005132349125665819 0.9984338554154258 0.0009475543192584417
0.005132743724971078 0.9990662985755374 0.0009435755191156667
0.005491852789324454 1.0001866380529756 0.001055711822007501
0.006103395655087229 0.99943527441034 0.0009717411462346368
0.006325660216664093 0.999152897947983 0.0011112332726038031
0.006521227143347022 0.9975807498980667 0.000947145648107105
0.006521674361920304 0.9989054267046333 0.0009436877942988611
0.006880767128583372 0.9984185333402086 0.001055345214429664
0.007492286711737203 0.9983367702817932 0.0009711308392846014
0.007714540562193617 0.9994601975177203 0.0011115938348951692
0.007910104695361547 0.9985327926332277 0.0009472600902446731
0.00791060453366299 0.9987154575489796 0.000943776369655331
0.008269681467386868 0.997214182615217 0.0010547142529653834
0.008881177301815047 0.9979387603713298 0.0009716526876490736
0.009103420907723139 0.9972497188095383 0.001111480854801543
0.009298982712131908 0.9993117532334885 0.0009473346339777082
0.009299535171066964 0.999328065899568 0.0009440941933962917
0.009658595806190365 0.9989523915086251 0.0010548848532409354
0.010270068357554177 0.9981575129634509 0.0009710445333359098
0.010492301254163505 0.9995229422540961 0.0011121059599353323
0.010687860730718562 0.9990112560549986 0.0009476248109098163
0.01068846580801619 0.998005487874592 0.000942668110153103
0.011047510145449283 0.9996010711159125 0.0010556308598822315
0.011658959414204152 0.9969621024491696 0.0009711689952078172
0.011881181134487162 0.9973723122429988 0.0011115551816901334
0.012076738748399766 0.9997908817470663 0.0009477754285858905
0.01207739644587491 0.9979059155613501 0.0009430814887419606
0.012436424951280329 0.9992106629337172 0.0010553217806323818
0.013047850470398704 0.9994002861314677 0.0009718114341808598
0.013270061480927527 0.9983292377868398 0.0011120432432581693
0.013465616766075578 0.9992519787751801 0.0009476448840410876
0.013466326617617597 0.9989400211181934 0.0009435930396538762
0.013825339289628405 0.9994998627328817 0.001055693616531411
0.01443674106138739 0.9993467435974227 0.0009721069455265325
0.01465894182645705 0.9996978683482219 0.0011123377892458836
0.014854494318548218 0.99997721497429 0.0009477026552620697
0.014855257254566823 0.9976500078928259 0.0009435262597980277
0.015214253628887323 0.9984143429842577 0.001055198790406496
0.01582563211712652 0.9985070037341381 0.0009720578566394787
0.016047822171989266 0.999456828959023 0.0011124335793770855
0.016243372335771306 0.9988899174575055 0.0009475964571619381
0.01624418742585476 0.997610480486125 0.0009434763665386918
0.01660316796814624 0.9979565572122328 0.0010555365050789439
0.017214523172868347 0.9985590061227193 0.0009720528249131849
0.01743670205276565 1.0010626138145553 0.0011124429739990441
0.01763225035299978 1.0002038727554243 0.0009478240823722093
0.017633118063258735 0.9980985843798649 0.0009432919072113279
0.017992082307405156 0.999478986994133 0.001056446017388804
0.018603414229515624 0.9986823456845559 0.0009721165853344908
0.018825582398750595 1.0000967112249828 0.0011122059891889493
0.01902112837112832 0.9993330856190986 0.0009472386683393083
0.019022048235910916 0.9999274355076675 0.0009438090434816575
0.019380996646664074 0.9965733430145367 0.0010550559958145283
0.01999230482004889 0.9994046910185426 0.0009727585028859007
0.02021446274473554 0.998053733037898 0.0011117232063024968
0.020410006388809524 1.0005835300289831 0.0009484936382888167
0.020410978872405394 1.0002167401960131 0.000944246695952569
0.020769911450676134 0.9989358947762821 0.0010560983847430303
0.02138119587578802 0.9962366867704167 0.0009719393719398635
0.021603343090720484 0.9995668194888649 0.0011126773673438887
0.021798883941282165 0.9991085660552643 0.0009473307933926606
0.02179990904414808 0.9985712489598763 0.0009434540422706009
0.022158825790843197 0.9976320242740343 0.0010558038617328055
0.022770086931529848 0.9995855767874798 0.0009729899115591987
0.02299222297058872 0.9962982577230733 0.001112011079499131
0.023187761958505252 0.9994245766473165 0.000947633039563263
0.023188839681552054 0.9980796388481793 0.0009434485194879463
0.02354774012919397 0.9996727206044033 0.0010563590005191904
0.024158977522515838 0.9983711495868206 0.0009733894280251204
0.024381103317029085 0.9991420278804569 0.0011122793130092772
0.02457663997572834 0.9996554721124514 0.0009474714424497321
0.024577769852839992 0.9980302132231165 0.0009436895340760613
0.024936654468452887 0.9999322877711824 0.001056024067160355
0.02554786857916581 0.9985690449362032 0.0009731649250023117
0.02576998366301403 0.9981986525058691 0.0011121308188609793
0.02596551752820098 1.0001766784643666 0.000947865203299109
0.02596670048978922 0.9977284533161838 0.0009432618004736329
0.026325568807711804 0.9996735906732082 0.0010556604853401979
0.026936759635360363 0.9989330963640747 0.0009734510684427998
0.027158863543337686 0.9974255974881561 0.0011125322572567908
0.027355630661531904 0.9996389098877866 0.0009436502471587547
0.027714483146970722 0.9993866308701539 0.0010562927186778355
0.028325650225440903 0.9990696075310918 0.0009735247821220655
0.02854774388932263 0.9983168381296323 0.0011123176266579495
0.028744560834184085 1.0016926378487587 0.0009448378666946644
0.02910339748622964 1.0016643429226306 0.0010576062206115171
0.029714541281180035 0.9997263994312636 0.0009733325798235901
0.029936624234399425 1.0011170439861818 0.0011130024749299383
0.030133491470678564 1.0004876134172884 0.0009445978006845931
0.030492311824577713 1.0006003437384523 0.0010569885317363566
0.0311034318717133 1.0003656705953654 0.0009740684359505696
0.03132550458129252 1.0001303853520416 0.001112899973772841
0.03152242164242125 0.9998887998908892 0.0009439258047301819
0.03188122663040876 1.0009462496889416 0.001057866372555959
0.032492322928816 0.9999392898409324 0.0009743998020576413
0.032714384461616175 1.0007727943607785 0.001112669274459793
0.032911351814163936 0.9996816637469821 0.0009440253231026552
0.033270140969667676 1.001271167733068 0.0010573352102339834
0.033881213984102404 0.9994958042714278 0.0009742042243205703
0.03410326480760112 1.0004036971196302 0.0011124660539630646
0.03430028245111316 0.998844057659141 0.0009433673637813671
0.03465905530847117 1.000288615578526 0.0010571902164705981
0.03527010457463567 1.0005130405417872 0.0009750872122884273
0.03549214515358606 0.9982239344786407 0.0011119807037927856
0.0356892126224011 0.99865117472945 0.0009437259932756644
0.03604796964727467 1.0001601402469684 0.00105739959919198
0.03665899563083022 0.9996268680616517 0.0009747472399657324
0.03688102503300157 1.002387461690235 0.00111319430096335
0.03707814279414379 1.0007916928142824 0.0009441060488285861
0.03743688398653359 1.0003206107844262 0.001057281040928742
0.038047886221363486 0.9988150121062378 0.0009742473329482965
0.038269905379441936 0.9989189691550288 0.001112184512699131
0.03846707296634122 1.0006159188815837 0.0009438566709317547
0.038825798326247926 1.0001449714320876 0.0010574422109094711
0.03943677727755804 0.9990949740428361 0.000975335944079849
0.03965878572587961 1.0000567334380623 0.0011127056538382592
0.03985600313762916 1.0013430936581988 0.0009443699473696842
0.04021471266505142 1.000471738231778 0.0010577912253353524
0.04082566833284175 0.99797994624945 0.0009744973691456138
0.04104766560529512 1.0007532784671636 0.001112533172008946
0.04124493377503313 0.9992343085756648 0.0009438861497271681
0.04160362700385627 0.9997084870798475 0.0010579865174423465
0.042214558923830435 0.9990243012701642 0.0009745540311394663
0.04243654595128006 1.0015658985314897 0.0011130420886476726
0.04263386394677582 1.001153603453638 0.0009442180485874889
0.04299254134356926 0.9998650820250072 0.0010580772317077864
0.04360344998048041 1.0005425744135021 0.0009754321335020012
0.043825426297265005 1.000024676441961 0.001111876267759412
0.04402279411806376 1.0006002924456099 0.0009438525109246578
0.0443814556823741 1.0016209602185917 0.0010583074610993205
0.04499234057101367 0.9988688214728805 0.0009749798915942419
0.04521430617804139 1.0009375132000242 0.001111886477040446
0.045411724289351696 0.9995710676438097 0.0009442240605690499
0.045770370021178945 1.000241416070117 0.0010580897982832163
0.046381231627208225 1.0004718435767972 0.0009757094676387666
0.046603186524481754 0.998985646595189 0.0011116473904049086
0.04680065446109438 1.0006735077097821 0.0009438582332455171
0.04715928436043786 0.9999452723852179 0.0010583543826174363
0.04777012221683065 0.9999460519038965 0.000975200130692223
0.04799206686955855 1.0014879885397465 0.0011122125484387389
0.048189584633291815 0.9992271018897642 0.0009443655643859809
0.048548198700150855 1.0002101482937105 0.0010585787895908692
0.04915901327348062 0.9984256992949802 0.0009755332457338706
0.049380946749879515 1.001036854687721 0.0011118005493026026
0.049578514804579754 1.0011348700324387 0.000944291857470071
0.0499371130389557 0.9982144873031259 0.0010579040335258372
0.05054790386446931 1.0013843256620802 0.0009763645579174009
0.05076982709586715 0.9996324443522322 0.0011110277035145785
0.05096744497632244 0.999531242830549 0.0009439557855953482
0.051326027377759195 1.0011784494893647 0.0010584164383803292
0.05193679491975302 0.9993436868037184 0.0009758745430679468
0.0521587069761935 1.0001169373116672 0.0011111535363668664
0.052356375148065126 1.000714999882861 0.0009440903529168562
0.05271494171747353 0.9986180697906117 0.0010582427958605069
0.05332568551028628 1.0004004436449174 0.0009763132349955021
0.05354758732308659 1.0003467470564105 0.0011111720121251222
0.053745305319353065 0.9991668889841239 0.00094365023380862
0.05410385605673245 1.0010500517558005 0.0010593669498686264
0.054714576566480835 1.000149990748643 0.0009763420202043499
0.054936467668158004 1.0010915304970749 0.0011114503815592037
0.055134235490641004 0.9996684973859127 0.0009441071370302264
0.05549277039599137 0.9999874749938148 0.0010590428451167856
0.05610346715746952 0.9964170169116591 0.0009752390348424802
0.05632534754848435 1.0015905733215118 0.001111432528431997
0.0565231651967224 0.9997604362453018 0.0009440160220259688
0.056881684734339445 1.0014262092643604 0.0010595809883756657
0.05749235821411949 0.9990292696826458 0.0009760963067554911
0.05771422789447199 1.0002037428587645 0.0011102234934427626
0.057912095368919836 0.9997719438842416 0.0009441387684254893
0.05827059907405378 1.00126267341242 0.0010594767545160904
0.05888124880374192 1.000214759519277 0.0009761203776283207
0.05910310824045424 0.9994071809519117 0.0011105671856972024
0.059301025540207775 1.0001057108144547 0.0009437163532024908
0.05965951341376812 0.9990916464937769 0.0010590068449855812
0.06027013939427518 0.9990155120253097 0.0009764045478548633
0.06049198812123332 1.0010768120898366 0.0011101831267118565
0.06068995571149571 0.9989662086582871 0.0009437868719496122
0.0610484277521162 1.000782004427795 0.0010598400915821631
0.061659030450469735 0.9979530397494245 0.0009758721608695753
0.0618808684676683 1.0015511754810436 0.0011106781922768933
0.06207888588369315 0.999011285140075 0.0009437545653928625
0.062437342091375116 1.0011911174706878 0.0010590836968612032
0.063047921041003 0.9992215505661197 0.0009760299772216436
0.06326974834799465 0.9996695128736147 0.0011097548962225577
0.0634678155893198 1.0009192535358795 0.0009445047406297821
0.06382625643063404 1.0025350498016485 0.0010601450841517684
0.06443681209719755 0.9994204031311306 0.0009760498576477826
0.06465862869443502 0.9994865316033542 0.0011094748165963917
0.06485674576060774 0.9985315708074728 0.0009436457602198223
0.06521517076989296 1.0007902276326632 0.0010600210525539158
0.06582570268727808 0.9988331616772609 0.0009767909639227055
0.06604750904087538 0.9998283050178526 0.0011091466462759218
0.06624567593235042 0.9993339049480706 0.0009434394794654103
0.06660408510824373 0.9983236882797171 0.0010596020341410624
0.06721459374392537 0.997536765589027 0.0009761082428737392
0.06743638892120173 1.0011088803447699 0.001108967868988617
0.06763460563888657 1.0011489108189648 0.0009444057795284971
0.06799299944795671 1.0042871042459915 0.0010604186293879144
0.06860348433445863 0.9998149852034299 0.0009770578259701056
0.06882526926672586 0.9977135713698267 0.001108483899171786
0.06902353581017451 0.9994635846307183 0.0009442098037570058
0.06938191378766971 0.9987768223948075 0.0010596342834618563
0.06999237492453647 1.0003696377046691 0.0009771127440439892
0.07021414914659949 0.9997673318868181 0.0011087983658058676
0.07041246598146245 0.9993581153131984 0.0009440874822713696
0.07077082812602048 1.0000174838660534 0.0010598501911502575
0.0713812659802783 1.0011903953760648 0.0009773830060846845
0.07160302949258174 0.9997753060859829 0.001108037031390008
0.07180139568799859 0.9999249368955407 0.0009438427162402007
0.0721597424652794 1.0002933926339024 0.0010606723775382775
0.07277015657081157 0.9982803245390827 0.000976724495466088
0.07299190937381893 0.9995128528523615 0.0011084206644747527
0.07319032585974128 0.999507469118451 0.0009440310203290791
0.07354865680453831 0.999800658475527 0.0010600998672512193
0.07415904716225298 0.9995179696043838 0.0009771707577853706
0.07438078971980118 1.0013025140398768 0.00110806955177334
0.07457925556582268 0.9997427946743642 0.0009444320732366683
0.0749375711442513 0.9999091365497801 0.0010604512157857742
0.07554793821935837 0.9992180477315414 0.0009775867560143233
0.07576967006533071 0.99972518301312 0.001107442122004817
0.07596818573665587 1.0000445966892642 0.0009439863782418455
0.07632648548305615 1.0016751091979734 0.0010612157568980962
0.07693682880989164 0.9996561277558442 0.000977623864983796
0.07715854994519894 0.9993805749017768 0.0011070353482026626
0.07735711544319201 1.0003170640092918 0.0009443086531999691
0.07771539982185964 1.0017990910513639 0.0010618505646309562
0.07832571939996948 0.9995457870182664 0.0009776203495431505
0.07854743029118119 0.9995963185278453 0.001107014113000224
0.07874604561447995 0.9998904768464847 0.0009439670054702993
0.07910431416157399 1.0003163191953284 0.0010612957554609398
0.07971461045661946 1.0001671914394183 0.0009780030576245005
0.07993631017196026 0.9988179858018206 0.0011067303007140802
0.0801349753201066 0.9997364769629329 0.0009440846243402778
0.0804932285008329 1.000214972131041 0.001061223314642549
0.08110350104715272 0.9985747052510158 0.000977663022549864
0.08132519051840063 0.9994619685691755 0.0011062845165894061
0.08152390549230404 1.00036905116311 0.0009441103665869154
0.0818821428396364 1.0014211744321888 0.001061837626599115
0.08249239163723056 0.9994410582355421 0.0009779641328405263
0.08271407039827426 0.9998545415143565 0.00110568165066293
0.08291283519838544 1.0006757377226536 0.0009443496708463296
0.0832710571784399 0.9988632150132768 0.001061236117019995
0.0838812826929697 0.999226539492303 0.0009780238242573728
0.0841029507437984 1.0000617611790092 0.0011054496528628685
0.08430176537012812 0.9992256520528042 0.0009438678250038049
0.08465997105203753 1.0025605553640038 0.0010622420781183823
0.08527017328350296 0.9997889429124266 0.0009778460540805262
0.08549183062412474 0.9977352485264959 0.0011049462266904274
0.08569069507530003 1.001025466795025 0.0009446795754086525
0.08604888539220729 1.0001762864272123 0.001061712772247267
0.08665906387494707 1.0010273103839473 0.0009784713469065856
0.08688071097056511 1.0012695480905276 0.0011047972512622081
0.08707962478183617 0.9996955206603069 0.0009440499616706167
0.08743779973055536 1.0006471755696908 0.0010618529841346202
0.08804795493114162 1.0009467095349927 0.0009786261398917536
0.08826959085134418 1.0002861234164515 0.0011053341243336201
0.08846855495312411 1.0011480411701912 0.0009446826157909177
0.08882671406981428 0.9988530880769482 0.001061976309696971
0.08943684552121946 0.9987062653627282 0.0009783214905116926
0.0896584711964156 1.000623730904205 0.0011044871893278294
0.08985748465875076 0.9986438287890982 0.0009435621893334361
0.0902156284090732 1.0004469854310314 0.0010621926855532518
0.09082573611129731 0.9997349673178494 0.0009786145704011567
0.09104735107674194 1.0010975087403726 0.001104742852958402
0.09124641436528691 0.9998459429311237 0.0009438186673818888
0.09160454274787803 1.0006131829780187 0.0010625010636997336
0.09221462670183057 0.9990491439287497 0.0009783886091672763
0.09243623142272958 0.9960000729928058 0.0011026809458320418
0.09263534407136831 1.0012963676195024 0.0009442371185938481
0.09299345708668288 1.0005070058829033 0.0010621925619301803
0.09360351775848054 1.0013633256914154 0.0009791839691280075
0.09382511130350867 0.9996584576119585 0.001103444301442317
0.094024274243111 0.9992375869102856 0.000943396107697728
0.0943823714259418 1.0017578138299168 0.0010634140911154782
0.09499240834855839 1.0000490366948729 0.000978875943676372
0.09521399164994902 0.9996915314868823 0.0011032355877796222
0.0954132039482829 0.9997497182998618 0.0009437878341812551
0.09577128530044758 0.9984194495492112 0.0010617250903107427
0.09638129893909166 1.0010214211923536 0.0009790932459994002
0.09660287152935915 0.999709223687459 0.0011032133000249504
0.09680213365481904 1.0007968701886798 0.0009439761901149393
0.09716019963879835 1.0004982948046834 0.001062443053544396
0.09777018952962492 1.0003254056225623 0.0009791970552811213
0.09799175187534678 1.000499402482689 0.0011031188170416047
0.0981910633604457 0.9995493396323674 0.0009438440345879026
0.09854911397805727 1.0025712388154935 0.0010628989855299782
0.09915908058581947 1.0011327033739863 0.0009794353106554752
0.09938063175566775 1.0011841164830588 0.0011030164156566988
0.09957999306607235 1.0002527844680302 0.0009441823685508941
0.09993802831731619 1.002873506156934 0.0010636644650330344
0.10054797117635274 1.0002719565540772 0.0009793162075353236
0.10076951210165 0.9995210805234122 0.0011027869735322987
0.1009689227726085 0.9996821125752025 0.0009439478597318458
0.10132694265748325 0.9990029071954059 0.0010628829076778446
0.10193686176597785 0.9996403058828615 0.00097879260186094
0.10215839198197635 0.9995450326542098 0.0011014584138245315
0.10235785247868989 1.002905696468945 0.0009451875174403593
0.10271585699674217 1.0025814917670743 0.0010636269594279035
0.10332575235696384 1.0005845623557865 0.0009792620350416188
0.10354727232705314 1.001332231891701 0.001102311319755797
0.10374678218431654 1.0001203104359802 0.0009442811340640527
0.10410477133600109 0.9987342034322715 0.0010623418334690209
0.10471464294795253 1.0008304423673495 0.0009796704732165467
0.10493615220828495 1.0013180891912477 0.0011017323097176504
0.1051357118899432 0.9988319552492408 0.0009436956693590357
0.10549368520959872 0.9986685117944573 0.0010623159760837048
0.1061035335384858 1.00077761381598 0.0009797096790899646
0.1063250325542672 0.9982165431502484 0.0011005484850343226
0.10652464159647934 0.9998985893373711 0.0009439842212085759
0.10688259954931305 0.9998169443430143 0.0010634191878501377
0.10749242459468035 0.9994241017376623 0.0009791786225980448
0.10771391243459355 1.0000138226293425 0.0011010420443134693
0.10791357130210599 0.9991161004133661 0.0009437844148346172
0.10827151388811655 1.0005138226953507 0.0010636463962422186
0.10888131518430547 1.0004613343732933 0.0009795427115372576
0.10910279278058119 0.9984023453090822 0.0011007213056557922
0.10930250100773264 0.9986672971583045 0.0009440354129189789
0.10966042822692139 0.9991199399645984 0.0010632532276556408
0.11027020577529414 0.9982813039371948 0.0009786049388623233
0.11049167265999131 0.998483948739411 0.0010999917278516225
0.11069143071426879 0.9989820827791166 0.0009438639025023352
0.11104934256663439 1.0002375470282685 0.0010633749242591503
0.11165909636628014 1.0005628422725807 0.000980039013817966
0.11188055254077038 1.0008748700076155 0.001100288146542402
0.11208036042035019 0.9989271767943845 0.0009439433816288838
0.11243825643932387 0.9976295366070411 0.001062909899936868
0.11304798695590526 1.0000196336507297 0.0009797719608119094
0.11326943288721075 0.9989453156593583 0.0010998458371034405
0.11346929012597684 0.9986933582069428 0.0009433847643541557
0.11382717077858279 1.0003473563128842 0.0010641844257979888
0.11443687754643853 0.9998762140719165 0.000979891718564918
0.1146583127675371 1.0000060003488789 0.0011004466445704466
0.11485821983251299 1.0019689314749254 0.0009448606586765826
0.1152160851178417 0.9988348727419695 0.0010631282544308752
0.11582576813697179 1.001405499027719 0.0009803583610862227
0.11604719311351935 0.9998952714581227 0.0010998450368336133
0.11624714953950388 1.0000992632473709 0.0009438364547946322
0.11660499945755469 1.0015186482376628 0.0010648030520041265
0.11721465919361906 1.0000423268553447 0.0009803536831090665
0.11743607299293486 0.9992874888927458 0.0010988044276095891
0.11763607877946924 1.0000121620623854 0.0009438135241927413
0.11799391379635954 0.9988641246402546 0.0010636030527270727
0.11860354978460776 1.0004672434733035 0.0009801068840330936
0.11882495333937523 1.0002316795655477 0.0010991269304876706
0.1190250084850959 0.9999930845149024 0.000944509959671062
0.11938282766950174 1.0007801426873535 0.001064582356604289
0.11999244037423287 1.000052648043012 0.0009802357217974151
0.1202138332201543 0.9987558838992685 0.0010986457243383869
0.1204139381911773 0.9971683055958255 0.0009427520178941486
0.12077174200921609 0.9995650772632804 0.0010641968733780018
0.12138133096476614 1.0003830409696512 0.0009802045035148743
0.12160271310047527 1.00220282033166 0.001099397797243829
0.12180286789771344 0.998088619129151 0.0009438658882158072
0.122160656348475 1.0012667373210709 0.0010645861946820504
0.1227702215552994 1.0001282899122799 0.000980531462062622
0.12299159344600478 1.0013284746186912 0.0010985153167793397
0.12319179760334009 1.0008671873912627 0.0009441845322447358
0.1235495706872785 1.0009682019030275 0.0010652481480670753
0.12415911214583267 1.0004920587975072 0.0009804835980501889
0.12438047332587841 1.0003232003058122 0.0010984878996090567
0.1245807268437602 1.0007712026338775 0.0009445813055529909
0.12493848456042071 1.0005030675447266 0.0010648639456824077
0.12554800273636593 0.9996847036488326 0.0009803200277069166
0.1257693536723134 1.0000745685050845 0.0010981410697869461
0.1259696565498416 1.0010319642881484 0.0009444806508431462
0.12632739889967962 0.9996851775127896 0.0010646919323981318
0.12693689332644378 0.9980895051883102 0.0009798309894373186
0.12715823355309247 0.9992508354053744 0.0010977086509578748
0.1273585857902617 1.000726367875457 0.000944186883239776
0.1277163132398494 1.000335729600074 0.0010644758972071693
0.12832578391743246 1.001115871220852 0.0009807567350025611
0.12854711343341343 1.0013510790300515 0.0010979910974691723
0.1287475154963431 1.0017134948613229 0.0009444827603480472
0.12910522757819745 0.9995583854013641 0.0010641263989830878
0.12971467450796573 0.9990734981260512 0.0009803962074375278
0.12993599377894835 0.9989809017645089 0.0010974977758118963
0.13013644520151502 1.0023165697326988 0.0009446563762958607
0.13049414145179508 0.9998540356834773 0.0010648924686478829
0.131103565098499 0.9990725194573248 0.0009800849187629466
0.1313248736588166 0.9999527060495607 0.0010973659044242897
0.13152537444238988 1.0011627537801902 0.0009443427574739961
0.131883055791054 1.0006663579144466 0.001065362731020119
0.13249245568903226 1.000578213086617 0.0009804966214171323
0.13271375400479882 0.9996160719782148 0.001096830660010644
0.13291430414801653 0.9992828190877219 0.0009436121187083691
0.13327197012985886 1.004831294258343 0.001066801590600771
0.13388134627865467 0.99920346880746 0.0009801820731012664
0.13410263388603064 1.0006384377372601 0.001096808830208243
0.1343032333879819 0.9990654608839584 0.0009436444386415441
0.1346608844686637 0.999307006733095 0.0010650916079022838
0.13527023686964337 1.0008271711375571 0.0009807579075711927
0.13549151376635699 1.0025524385138476 0.0010974211726461336
0.13569216309451804 1.0019645792464094 0.0009445139995115844
0.13604979834226133 0.9997056937561105 0.0010652982055834022
0.13665912746063205 1.0011079798153382 0.0009805081967618821
0.13688039411188652 0.9999122253217242 0.0010965569623557839
0.13708109233493815 0.9996551233752995 0.0009440350431542419
0.13743871268242838 1.001905132683324 0.0010662564364735947
0.1380480180507099 0.9999805714700244 0.000980745525455067
0.13826927399175473 1.0005639299753994 0.0010963170257923547
0.13847002204101955 0.9985902709267925 0.000943305808175851
0.13882762702077917 0.9998789471629937 0.0010647992861389885
0.13943690864078773 1.0005401866761603 0.0009809573616435612
0.1396581538720811 0.9990528754162848 0.0010962950788700701
0.13985895128053016 1.000603904495667 0.0009446127578045007
0.1402165408943768 0.9985278634178419 0.0010646290189797894
0.140825799231321 0.9981266773105266 0.0009803867207328898
0.14104703421852147 0.9985564529635417 0.001095697995845345
0.1412478809870663 1.002040155535962 0.0009445137935995816
0.1416054552336357 0.9998531638996331 0.0010657486646411484
0.1422146898223097 0.9980908323201332 0.0009802637747330016
0.14243591409930054 0.9990462266232937 0.0010954779701249924
0.14263681022703167 0.9997459201115237 0.0009438497662087848
0.14299436957289463 1.0007448533455985 0.0010649829365807011
0.14360358041238752 0.9995969494693914 0.0009808888507797018
0.14382479444483007 1.0000222142652422 0.0010957571570689383
0.14402573946699704 0.9999089082467025 0.0009438633972721723
0.14438328344649226 1.0023591712366218 0.0010660730024586419
0.14499247100246807 0.9990935457459166 0.0009806151596280987
0.1452136743246983 1.001275801849713 0.0010955449329563668
0.14541466917353318 1.0015571427476906 0.0009444043062692828
0.14577219778484032 1.0001100335694557 0.0010651788181251299
0.14638136159345405 1.0009031469612029 0.0009814483699854364
0.14660255420502466 1.001209787838181 0.001095473028685999
0.1468035984139533 0.9997362640483708 0.0009438702830679832
0.1471611121250101 0.997894404721427 0.001065265112986884
0.14777025218398732 0.9991207922971981 0.0009803598384600842
0.14799143455145963 0.999580374895498 0.001095385054358605
0.1481925276543734 0.9980766505342632 0.0009431911840339885
0.148550026464269 1.0010338818798796 0.0010661880596870687
0.14915914277497602 1.0004466837199417 0.0009808817804204959
0.1493803144322387 1.0005986392947348 0.0010954658139369574
0.1495814573595453 1.0003896410647715 0.0009440755154113772
0.14993894033741123 1.0003986855106424 0.0010661429876354122
0.15054803336505385 0.9997545266961247 0.000980571071562508
0.15076919431165423 1.0002409545629187 0.0010954672720723396
0.15097038660042017 1.0000997947049213 0.0009443065873413802
0.1513278546762147 1.000355115565681 0.001065458430740811
0.1519369234894704 1.0001972693339247 0.0009813361863075967
0.15215807419198057 1.00042761647935 0.0010950901547825756
0.15235931584038553 0.9998790425544475 0.0009439170053945685
0.15271676854981234 1.0005110602698641 0.0010656069158276715
0.1533258140804591 0.9996801562528335 0.0009812064887382052
0.15354695453796283 0.9993914333971587 0.0010946335019505285
0.1537482450803509 0.9987174594966408 0.0009437646593957219
0.15410568288907125 1.0010688967946353 0.0010657897569319873
0.15471470467099235 0.9991367590143166 0.0009805701916678587
0.1549358344187419 1.0005121327001505 0.0010950221526742651
0.15513717478688704 1.000119466749884 0.0009439134118464266
0.15549459722742204 1.0023271227935142 0.001066201326987022
0.1561035952610729 1.0009688962770564 0.000980963157205883
0.15632471429951558 1.0004062897912838 0.001094391872826764
0.15652610402730716 1.000544395026256 0.0009440173367687825
0.15688351110147375 1.0007570794154421 0.0010661574194504528
0.15749248585115075 1.0001788147871915 0.0009811021247897638
0.15771359464459778 0.9988918742470642 0.0010942127166915989
0.15791503326772727 1.000816948530781 0.0009445014161183947
0.15827242544118672 1.000798896719164 0.0010655140881920522
0.15888137644213943 1.0008312914242519 0.0009812079167367343
0.15910247452491874 1.0004371462870336 0.0010942945236371284
0.15930396250723788 0.9993440103825054 0.0009436876137177259
0.15966133977999158 0.9989480036641931 0.0010654584177734758
0.1602702670331254 0.998804269305795 0.0009809069849570917
0.16049135440523968 0.9978921568758801 0.001093618359679839
0.16069289174811274 0.9977805251051104 0.000943337916019874
0.16105025365313513 1.001710048488591 0.0010663090459593337
0.16165915762365868 1.0007503063463448 0.0009812344147635498
0.16188023475122734 1.0017501211220068 0.0010952713072298777
0.1620818209880781 1.0000768418751842 0.0009438194905015488
0.16243916799239405 0.999399660835008 0.0010660889329887377
0.16304804774807524 1.0016082856704034 0.0009810786415609138
0.16326911463245913 1.0007795160227755 0.0010949238810860405
0.16347075022804347 1.0012403161674976 0.0009440431070621149
0.16382808233210705 0.9996327047067208 0.0010655995620124194
0.16443693833815579 0.9998132243524391 0.0009807604810195898
0.16465799451187466 1.0009516325438492 0.001094565740756841
0.16485967946891833 0.9985794755729879 0.0009432860146491567
0.1652169962052506 0.9990112787673883 0.0010656545295247852
0.16582582892868905 1.0002981068928314 0.0009806128558326184
0.1660468743921956 0.9990185977877333 0.0010941286463778677
0.16624860870933844 1.0004677247896117 0.0009439255844259932
0.1666059105440541 1.0020011076929785 0.001065931588390723
0.16721471952013045 1.0002283502435154 0.0009810444702158965
0.16743575473818326 1.0007061994358315 0.0010946308395403512
0.1676375379493038 0.9993535564356049 0.0009435262316756284
0.16799482441810715 0.9991479811241826 0.0010651288197674794
0.16860361010975558 0.9985668492522056 0.000980641215763311
0.1688246346185096 0.9997444129781392 0.0010946870284885004
0.16902646718926917 1.0007097512747511 0.0009440287003405303
0.16938373875736606 1.0002717503255305 0.001066802481296315
0.16999250023462756 0.9996519069172571 0.0009807401399271997
0.17021351449883057 1.0007087957125615 0.0010940002626707802
0.17041539643014403 1.0012006014785675 0.0009443713651272772
0.17077265309662498 1.0015711850578608 0.0010673977131467917
0.17138139082516082 1.000674802675767 0.0009806813328554923
0.17160239437824606 1.0008656496856607 0.001095025437648625
0.1718043256710189 0.9997067653773378 0.0009439655519823675
0.17216156696931176 1.0012585729735457 0.0010662750249323715
0.1727702814156941 0.9988353323964713 0.0009802856439568599
0.17299127472468642 0.9994733832336887 0.0010943092086033227
0.1731932549105295 0.9994439938941987 0.0009438637993654748
0.17355048130902612 1.0014122532170882 0.0010661004475673301
0.17415917200622735 1.001811453188188 0.000981072766463825
0.17438015460546552 0.9995135541363847 0.0010943551497550569
0.17458218415094962 1.0006239036316054 0.0009444402548591596
0.17493939518307916 0.9997879388638148 0.001065883943946995
0.17554806213018848 1.0011928963613252 0.000980882885087629
0.17576903448578649 1.0011827441625303 0.0010957419093313866
0.17597111339136973 0.999476782909397 0.0009442462889186542
0.17632830952142722 0.9988482747965153 0.001065659753682775
0.17693695272117718 0.9998860130136669 0.0009807612180936468
0.17715791436610742 0.9998961850532458 0.0010947739110570343
0.1773600421656738 0.9985787265153967 0.0009436892367035699
0.17771722339502485 1.0008598523748986 0.0010659953936494855
0.17832584331216586 1.001246846679794 0.0009807144008108653
0.17854679471118423 1.0001350207746054 0.0010949420103927314
0.17874897140563917 0.999991654361662 0.0009436970459117224
0.17910613773428377 1.0003383613187493 0.0010655414246008926
0.17971473390269913 0.999768312323026 0.0009807537248755732
0.1799356745919633 1.0003151281984355 0.001095461327893513
0.18013790064651403 0.9992313637475331 0.0009438835744661714
0.1804950520735427 1.0005289514383402 0.001065746394892666
0.1811036240275711 1.000158373377132 0.0009805690812144567
0.1813245544727424 1.000030293954411 0.0010954640670279303
0.18152682988738889 1.0008026135242616 0.0009440395977810414
0.18188396594623218 1.0032121862822565 0.0010666674880556782
0.1824925146171935 0.9993684620989652 0.0009804463660961547
0.18271343435306334 0.9995467941960052 0.0010954951039515504
0.18291575866123821 1.0033895209781651 0.0009448172353768159
0.18327288028594518 0.9993365985558506 0.001065992707320182
0.18388140520818222 1.0004949488670856 0.0009807208332214918
0.18410231469859825 1.001039808376101 0.0010956109179372769
0.18430468790165833 0.999969240472976 0.0009444925214277026
0.18466179415999687 0.9986748002629352 0.0010655025178749617
0.1852702957991709 0.9993859348744527 0.0009802484297252037
0.1854911945784611 1.0011165305625964 0.0010961399040291858
0.18569361714207844 0.9993129184413311 0.0009437402246942426
0.18605070849834765 0.9988244252498151 0.0010651721135972448
0.18665918592313202 0.9984942833932857 0.0009801083694760395
0.18688007445924018 1.0009069408134363 0.0010959940509621497
0.1870825463820438 1.0012574414737414 0.0009442955381718312
0.18743962237194528 0.999564968496507 0.001065602088475882
0.18804807651366529 1.0004480298817684 0.0009798454989458337
