-0.18617595566015618 0.999121716987822 0.004416233910545271
-0.18582856841599837 1.004308152774803 0.005133248453988417
-0.185586085791981 1.0055919503552986 0.004492927244544424
-0.18497343678317724 1.0031202123081935 0.004758541985026533
-0.1847870911543864 0.9975449442018406 0.004414154959787026
-0.18443967923018034 1.0063129421214103 0.005139334980051751
-0.18419719986624605 0.996816336022036 0.004483026267565726
-0.1835845662238107 1.0046992371958081 0.004756292788854066
-0.18339822641714953 1.0001991850587828 0.004422875064422054
-0.18305078981198575 0.9994296274734321 0.0051312853622026465
-0.1828083139405111 1.0009345324574022 0.004488198780414296
-0.18219569543206623 0.9992904162625029 0.0047535777504103425
-0.18200936191183245 1.0008045531110312 0.004422388296021395
-0.1816619006266218 1.0015335123404534 0.005125232228332299
-0.1814194280143221 0.9982263439359571 0.00448370537998483
-0.1808068246403245 0.9961004826114725 0.004749662622005211
-0.1806204974065154 1.0073667102890864 0.00442656210043263
-0.18027301144080243 0.9965322533160138 0.005122053459003864
-0.18003054208858582 0.9983142467565767 0.004483477844411475
-0.17941795408141337 1.0006955373678792 0.004757034459764146
-0.1792316329012037 0.9921837817481135 0.004412601187878902
-0.17888412225543848 1.0068674850747532 0.005129113334931098
-0.1786416561623968 1.0025729517376123 0.004490713472027491
-0.17802908328966893 1.003939460007412 0.004755226883864247
-0.17784276839588664 1.0024509936895154 0.004415091715968041
-0.17749523306962045 1.0013521448015492 0.005130872756934331
-0.1772527704694925 0.9918155425198971 0.004479163345761835
-0.17664021249883533 1.0039766305758706 0.004753456845518695
-0.1764539036572862 1.0014777204400467 0.004413032402058244
-0.1761063438842565 0.9992379291796887 0.005122324064461952
-0.17586388454375756 1.0003410457903426 0.004494475694231357
-0.17525134193946879 0.9993240658884982 0.004755480876136236
-0.1750650391519691 0.9986673770332799 0.004412151619455246
-0.17471745469889255 1.0034510616478276 0.005125519513415088
-0.17447499861802263 0.9982581513701081 0.0044821506026602
-0.17386247114817976 1.0016247625638115 0.0047519995622247
-0.17367617464711016 1.0134990862013498 0.004439376021713572
-0.1733285655135286 1.0141010225643061 0.005127797240112145
-0.17308611269183227 1.0020811276252917 0.004490839450914124
-0.17247360035734616 0.9990815101491549 0.004753203973039197
-0.17228731014224583 1.0021730081742068 0.004420415423719902
-0.17193967632770923 0.995231465379658 0.005117821568276071
-0.17169722676564325 0.9932769074167409 0.0044800199978678795
-0.17108472979797962 1.0027346909874284 0.004764295561822183
-0.17089844563692874 1.0002422662577708 0.004415964249512308
-0.17055078714234528 0.9887906174663001 0.005112756609154781
-0.1703083408399083 1.0010849313017876 0.004489324781181287
-0.16969585900623518 0.9989116953610262 0.00475918985109274
-0.1695095811320698 0.996185817578594 0.004413321458729421
-0.1691618977236966 1.000359927742718 0.005118106672363139
-0.16891945514700402 1.006328917798201 0.004491900061302378
-0.16830698844686864 0.9996746514753108 0.004762832128357563
-0.16812071662721084 0.9959799686846791 0.004410005107961566
-0.16777300853833266 0.9972209463822249 0.005120095354407694
-0.16753056922126908 1.0042772998472052 0.004489927646704425
-0.16691811765512687 0.9933481408093203 0.004758128352024493
-0.16673185212144104 0.9962553280759805 0.004412907971790996
-0.1663841193529687 1.0014187073197502 0.005118879530487012
-0.16614168329507872 1.0073928104453658 0.004491621723310401
-0.16552924686338244 0.9981183123689684 0.004752149856729118
-0.16534298761612398 1.0004389640353417 0.004409030979591807
-0.16499523016714934 0.9952657418255977 0.005106003539519495
-0.16475279736934512 1.002720357540877 0.004493757812179737
-0.16414037630446862 1.0019365855132911 0.004768125052125657
-0.1639541231108069 0.9999258648131758 0.004410718175832215
-0.1636063409817854 0.9966329262022097 0.005115534168596958
-0.1633639116759854 0.9980569401785663 0.0044810720500261195
-0.16275150551227147 0.9936903921457704 0.004755399307460838
-0.1625652588383205 1.0010663133426003 0.004419042117231533
-0.16221745179596736 0.992760596936079 0.0051100181218996
-0.16197502575025047 0.9977724015900232 0.004484052423521008
-0.16136263472007428 0.9932146489001642 0.004754538570106115
-0.16117639433255068 0.9981316547842938 0.0044108858535405185
-0.1608285626106034 0.9983472429853183 0.005115336449168484
-0.16058613982451553 1.0039869001341997 0.004483245571329165
-0.15997376416116046 1.001986737356565 0.004767003572186202
-0.1597875298272336 0.9973104124371887 0.0044181623483241705
-0.15943967342523946 0.9997115308509411 0.005111746705133988
-0.1591972538987806 1.0006810500301855 0.004484264586327947
-0.15858489336941872 0.9929442695019417 0.004759140430657686
-0.15839866532146382 1.002202257051304 0.004414727788426258
-0.1580507842398755 1.0015647450670657 0.005113819592087518
-0.15780836797259157 0.9989943571500927 0.004485924623710696
-0.1571960228105076 1.0011323593893668 0.004763282700418041
-0.15700980081615212 0.9999485218624791 0.0044189222946153395
-0.15666189505405614 0.9937881265762104 0.005109386570720482
-0.15641948227923186 0.9971673061060211 0.004488340829181079
-0.15580715201830775 1.0025842847599957 0.004770384240824829
-0.1556209365436657 0.9979173033606121 0.0044074589179747565
-0.1552730058682381 1.0144824743860372 0.005119474875326946
-0.15503059635349692 1.0045586906842494 0.004492193855290922
-0.15441828145984934 0.9996024962164081 0.004764295222362364
-0.15423207203880135 0.9989897485334195 0.004415844756207422
-0.15388411668287416 1.0019069888561345 0.005100203673792996
-0.15364171042776198 0.9934271927820446 0.0044773119752554965
-0.15302941066901574 1.001771099308818 0.004768579133641429
-0.1528432075339424 0.9990914010394577 0.0044138549655537975
-0.1524952274975102 1.0057260900842697 0.005110627241363691
-0.15225282473485768 0.9988180896175561 0.0044839776446883705
-0.15164053987681858 0.9927192132987965 0.0047713840453794685
-0.151454343261456 1.0027173242827347 0.004413035323964605
-0.15110633831214626 1.004304714981307 0.005106549093920198
-0.15086393880866866 0.9964635101445167 0.0044831795563437336
-0.15025166931745204 1.002674308878411 0.004775756998148675
-0.15006547875568618 1.004865222959802 0.0044128580745725265
-0.1497174491267823 1.0021485385908477 0.005101736581140351
-0.1494750528829324 0.9979737477043218 0.004482061886639537
-0.14886279852570758 1.0015804439404097 0.004774188144230735
-0.1486766142503691 1.0027569405976569 0.004412159038114469
-0.14832855994232785 1.0092872809631661 0.005110406391554416
-0.14808616695674337 0.9985892614464472 0.004482291004957643
-0.14747392796679648 0.998148282475625 0.004769990986134727
-0.14728774997742997 0.9965061522192863 0.004411844890139665
-0.1469396707569639 1.0056923012736843 0.005110007148455427
-0.14669728126383907 0.999424004200245 0.004487290159121001
-0.1460850571750547 1.0029921511138022 0.004775976133450452
-0.14589888547211827 1.001985642952117 0.004413139277355332
-0.1455507813383139 0.995850334046202 0.005092320907530227
-0.14530839533855955 1.009211726651537 0.004487044087008066
-0.1446961866156855 1.0036803917829102 0.004771611802511472
-0.14451002119963186 1.0072457130196386 0.00441690400088387
-0.14416189215249586 0.997522044777943 0.005101779693027026
-0.1439195094132787 0.9979820991474112 0.00448318964363592
-0.14330731582394374 1.0081222678351107 0.004774035239833952
-0.14312115669431477 0.999835021101218 0.004415713549967106
-0.1427730029671319 0.9925876568227195 0.005091177418273385
-0.1425306237203744 1.0034365801607315 0.004486791775735709
-0.1419184452645772 1.0015221513740913 0.004773212644397818
-0.1417322924213756 1.0036571263577536 0.004413296113180568
-0.14138411378176796 1.0090050067150749 0.005104100647810738
-0.14114173779463945 0.9896639908838631 0.00447254904048618
-0.14052957447283276 1.0003972051031012 0.0047689743439985905
-0.14034342791651666 0.9998138222728119 0.004405872128003084
-0.139995224596404 1.001969384310532 0.005100961508948647
-0.13975285186845043 0.9989664008442858 0.0044830040403897094
-0.13914070391391894 1.0085629269233265 0.004777206343003182
-0.13895456364494108 1.002112020842195 0.0044075484160617925
-0.13860633541058465 0.9979343879264649 0.00508788703630707
-0.1383639661755448 1.0012719970604218 0.0044811380296242145
-0.1377518331221772 0.9956558106180424 0.004765637258396787
-0.1375656991391659 1.0078399501437345 0.004413677976510524
-0.1372174462252207 0.9998645351463652 0.005100703562016442
-0.13697508024935579 0.9936767914783808 0.004480727431572693
-0.13636296233043543 0.9954759092420703 0.004772516687092861
-0.13617683486622675 1.0010300907273133 0.004410397904108416
-0.13582855703940266 0.9988642086261263 0.005095556763048221
-0.13558619432362085 0.9985634453656776 0.004485491583594925
-0.13497409177243247 0.9961710779278358 0.0047703997374119326
-0.1347879705937457 0.9959072249530815 0.004405367489610982
-0.1344396678540387 1.0052608694201148 0.005090986774911119
-0.13419730863071655 1.002595816100522 0.004477271307045628
-0.13358522098068804 0.995267460665689 0.004769212580064458
-0.13339910608842864 0.998857888638276 0.00441275129338439
-0.13305077866867476 1.0006201431013282 0.005092100111543517
-0.1328084227049816 0.9995174226518528 0.004484723621335535
-0.13219635042268507 1.0058237725287242 0.0047798650096329
-0.1320102418159422 0.9979244022896789 0.0044018852355744735
-0.1316618894833108 0.9976441987433105 0.005087570286380238
-0.1314195370116219 0.9975286653654329 0.004475998906096855
-0.1308074796309406 0.9970892585801507 0.004773392983176423
-0.13062137754300304 0.9984528423022383 0.0044068462346024215
-0.13027300029749145 0.9855979213875692 0.005079225961946733
-0.13003065108543288 1.0056743828408923 0.004489752381177501
-0.1294186090715741 1.0030547644558045 0.004774164442385407
-0.1292325130381441 1.001682833926637 0.004413399438582875
-0.12888411111167342 1.002641268724332 0.005088709785190874
-0.12864176515969794 0.9969921867082231 0.004474772366933786
-0.12802973827983233 0.9998685518428727 0.004774162161201027
-0.1278436487665685 1.001663547069234 0.004411302022175705
-0.12749522192630947 1.0007931644125543 0.005085415382467336
-0.12725287946679364 1.0021566970104208 0.004484998623299267
-0.1266408677204631 1.0002664207520584 0.0047732718937145285
-0.1264547844940821 0.9939024448348769 0.00440382722000536
-0.12610633274094551 0.9967104279131243 0.005077350556813245
-0.1258639935410587 0.997512223811027 0.004477280519881969
-0.125251997161552 0.9998072672767284 0.0047809761166564034
-0.1250659202225065 0.9990979933583247 0.004411575379167381
-0.12471744355558156 1.009140988969198 0.005090185256383288
-0.12447510784769898 1.0000137121626287 0.004481422124902301
-0.12386312636981024 0.9984326968110876 0.0047712428625975856
-0.12367705595002007 0.997545287553646 0.004412917385987049
-0.1233285543697622 0.9969665557814203 0.005073899329212389
-0.1230862219219654 0.9973973427438774 0.004475986961852693
-0.12247425581044101 0.9999174150184728 0.004780105552437734
-0.12228819167708092 1.0006578941099 0.004414319424743489
-0.12193966518439825 0.998679381657688 0.0050730142832116475
-0.12169733599577504 1.0028929140091551 0.004479124100871797
-0.12108538501869925 1.0030436903559585 0.004779742675633381
-0.12089932717131112 0.9968940459167556 0.004404710721843074
-0.12055077599858022 0.9976836836925111 0.005070617586628883
-0.12030845030287074 0.9978391284683557 0.004472653690526995
-0.11969651445933273 1.0001127815241666 0.004783471799755628
-0.1195104628988247 1.007855547038282 0.004412635051648629
-0.11916188681321627 1.005426890995639 0.005074426383192845
-0.1189195643771358 0.9988508090155479 0.0044766322111585224
-0.11830764366849912 0.9994671157613731 0.004770437475582355
-0.11812159862633827 1.0016154528831207 0.004410772837734006
-0.11777299762785232 0.9978506884791826 0.005067550495533891
-0.11753067868377608 0.9923562260403563 0.004474130780438235
-0.11691877311004073 0.9971013864877492 0.004776831218510309
-0.11673273435385724 0.9954336120793182 0.004405925765252971
-0.1163841086748636 1.0029139733207117 0.005070644641972369
-0.1161417927580425 1.0032969286161921 0.004478301455431484
-0.11552990231784087 1.003379445872563 0.004782652651523221
-0.1153438700809127 1.0035761614334475 0.00441350338972309
-0.11499521948949964 0.9882527907441738 0.005056763661872694
-0.11475290706468277 0.997492201175537 0.004482881005688085
-0.11414103175892976 1.0013962270658947 0.004778934108609243
-0.11395500580843165 0.9968492360491952 0.004406376351471933
-0.11360633030368161 1.002935379237652 0.005062302728008129
-0.11336402113894783 0.9924202882944891 0.0044717990883310745
-0.112752160967188 0.9982338268584592 0.004781715283174319
-0.11256614153639795 1.0022488077780443 0.004411968999727298
-0.11221744111831766 0.9980294749464623 0.005059531291944999
-0.11197513544695303 0.9972668800224187 0.004480235557122351
-0.1113632904082742 1.0021024082271657 0.0047869966334613875
-0.11117727726436964 1.0006199998069947 0.004409478144291969
-0.11082855193295371 0.9975149351717039 0.005061152029265073
-0.1105862495212181 1.0084789819569195 0.004487290873293106
-0.10997441984890766 1.0002609683543198 0.0047865358829100105
-0.10978841322426112 0.9993742632521678 0.004407735015260971
-0.10943966274758976 0.998895236620121 0.005061828790717485
-0.1091973638283138 1.0027294305306982 0.004489488128324734
-0.10858554905671049 0.9977142247407272 0.004792425145365925
-0.1083995489517747 0.9924427904294568 0.004402266623734294
-0.1080507735617704 1.0046626728471864 0.005065352467049083
-0.10780847790257886 1.002541044523374 0.0044769635406381085
-0.10719667849779668 0.9926729516941531 0.004780981767092413
-0.10701068467928827 1.0017391159295441 0.004413219559066911
-0.10666188437595236 0.9987283985005027 0.005057734167498039
-0.10641959220967456 0.9923507734791673 0.00446930951262089
-0.10580780770605223 0.9986096072095608 0.004781825529546414
-0.10562182040680725 1.0040201470864567 0.004412491957829147
-0.10527299519149791 1.0052552819974099 0.005056184976860343
-0.10503070628348556 1.0033415552447211 0.0044825032777532445
-0.10441893714714112 0.9984288891513441 0.004790225280681048
-0.1042329561338627 1.0009705471991581 0.004419673899566894
-0.10388410600658804 0.9942670189999814 0.005052681282018659
-0.10364182059012583 1.0018728810532402 0.004480155560663094
-0.10303006658777458 0.9958729276611125 0.004778832490122455
-0.1028440920942123 1.0015567481409349 0.004413269897097804
-0.10249521682077001 1.0061303512664355 0.005054569888470301
-0.1022529346643909 0.9930492194996089 0.004475833286722886
-0.10164119579603013 0.999712701402941 0.00478212065753303
-0.10145522782127316 0.9969307095404454 0.004404749671424091
-0.10110632763540606 0.9972478643372462 0.0050508519981095745
-0.10086404897239609 1.0014583793605063 0.004479076568941475
-0.10025232523757176 1.0127072743465577 0.004797639790730397
-0.10006636354878672 0.9913689566787158 0.004408909516307869
-0.09971743844913261 1.0044626415026017 0.005059079357445137
-0.09947516304666115 1.0055916105209817 0.00448191256813005
-0.09886345444628541 0.9959220953038119 0.0047800366649759195
-0.09867749950913093 1.004216285507052 0.0044125617208875725
-0.09832854926285917 1.0002103488288716 0.0050489739583742775
-0.09808627735375686 0.9977850918307618 0.004472991241592497
-0.09747458388737161 1.0023129258927324 0.004787741304774284
-0.09728863523710263 1.0004896062364488 0.004410189926816501
-0.09693966007749522 0.9967792655258018 0.005046100342774001
-0.09669739142802192 0.9978294289810201 0.004473619364857967
-0.09608571332800508 0.9916695537327004 0.004780583167942496
-0.09589977096506892 0.9963070409844077 0.004407217686161654
-0.09555077089213126 0.9963340194727338 0.005043803095857164
-0.09530850573511762 0.9982003798177767 0.0044731094111285915
-0.09469684253626064 1.0077000634888198 0.004788652761781568
-0.09451090692541854 1.0044525322279658 0.004415690704798127
-0.09416188170676731 1.0021600401972084 0.005045187154108632
-0.09391962004175926 0.9954945674027947 0.004469976266136526
-0.09330797197734952 0.9878665441607625 0.0047856347789746205
-0.093122042652474 1.005000011324109 0.004415515017198938
-0.0927729927537786 1.0038310293248984 0.005051348196251977
-0.09253073411556889 1.0089805152320968 0.004483039900619233
-0.09191910141798298 0.991103697608676 0.004777657847403136
-0.0917331786128236 1.0013327392034415 0.004415635041736909
-0.09138410356796056 0.9962282636162988 0.005044698343556032
-0.0911418484226646 0.9966144665151834 0.004472034062897809
-0.09053023062623854 1.008765378982129 0.00479253152785708
-0.09034431433988445 0.9956058935078593 0.004407245171865368
-0.08999521438259661 0.9979165723948223 0.00504099894911702
-0.08975296249692966 0.9989630951445932 0.004474339105846535
-0.08914136006778016 1.0081566983699852 0.004791447622382405
-0.08895545030022865 0.9966407196826204 0.004417497263289928
-0.08860632519723266 1.0041986967976735 0.005056531248742272
-0.08836407680402536 1.0038266484422025 0.00447823193380915
-0.08775248927649382 0.9973720328987367 0.0047884548739022805
-0.08756658602774223 1.0015317167424498 0.00441463966861409
-0.08721743601186871 1.0007602572515266 0.005043162868714348
-0.086975191110667 1.0021405440221378 0.004477789701330535
-0.08636361871758001 0.9988685525159219 0.004788836984874484
-0.08617772198808644 0.9969541487605907 0.00441107402116035
-0.08582854682604935 1.0003311159321295 0.005038894327285179
-0.0855863051849307 0.9967401743173877 0.00447090042061228
-0.08497474815821349 1.0032443024176856 0.004788322229386027
-0.08478885771560542 1.0021326449089587 0.004414472394709228
-0.0844396576406854 0.9952613778543081 0.0050365598059809195
-0.08419741949157233 0.9992315959354026 0.004467895542612311
-0.08358587736646904 0.9982253627562041 0.004792571516806653
-0.08339999367776592 1.0036008632245565 0.004415359009497879
-0.08305076845486736 0.9977186663510995 0.005042662576199223
-0.0828085335658374 1.0011734375254406 0.0044811078832218834
-0.08219700680755793 1.0063232764491106 0.004791975432444669
-0.08201112963811553 0.9965371802774131 0.0044112525399606466
-0.08166187926950341 1.0053589748901026 0.005047123188596012
-0.0814196478729331 0.993305851134258 0.004469123365841357
-0.08080813624864681 0.9945325076501385 0.004784606928534072
-0.0806222653656291 1.0144740503147414 0.004435446731007598
-0.08027299008413946 1.0023918686228095 0.005046105825574412
-0.0800307621800288 1.0076241979162597 0.004489856363751854
-0.0794192654578132 1.0042104696497824 0.004792706908872866
-0.07923340132597331 1.0020371141068347 0.004418907327200265
-0.07888410113115074 0.9945571250412005 0.005039921276920808
-0.07864187625383844 1.006513864738999 0.0044800256536395135
-0.0780303948988994 1.001419033840926 0.004790553551730861
-0.07784453728586481 1.0066394325587333 0.004421872546975362
-0.07749521194578679 0.9912805752440593 0.005038576178435725
-0.07725299056048007 0.9996446847854203 0.004474900765467151
-0.07664152433953286 0.993317723415598 0.00477880782862391
-0.07645567324620903 1.0039667423158243 0.004418482305364321
-0.07610632275996876 1.0071187319205703 0.005044657932431129
-0.07586410486757578 1.0037737068631096 0.004472460433383772
-0.07525265378061906 0.9924634781256195 0.004787416888852994
-0.07506680897326987 1.0026112374444365 0.0044155813047661975
-0.07471743357460481 1.0036730961345572 0.005036962758439222
-0.07447521894184084 1.0013943411218953 0.004485055337155905
-0.07386378298842189 0.9961400803885058 0.004786028386357465
-0.07367794493361408 0.9985764218515213 0.004408606451872225
-0.07332854438924086 1.0003958759738643 0.005042101225772284
-0.07308633324893654 0.9963614036020282 0.004470206526420174
-0.07247491242950808 0.9983198139286273 0.004789981332884933
-0.0722890808939637 1.003266506909588 0.004421737935649814
-0.0719396552038769 0.9887539329010047 0.005018471999977858
-0.07169744755557682 0.9976632054813053 0.00446835494148355
-0.07108604187059697 0.9990830359259811 0.004790898203573022
-0.0709002168543079 1.0032059492612393 0.004425289435570538
-0.07055076601805754 0.99054720811772 0.005029320934701607
-0.07030856186267388 0.9937039824234953 0.004466756432031038
-0.06969717107885522 1.0021421873511542 0.004792745554325695
-0.06951135281465212 1.0009905729889432 0.004412929144116377
-0.06916187683223951 1.0042738509246634 0.005041787311388275
-0.06891967593648352 0.9951919599256209 0.004469085862785182
-0.06830830051948598 0.9998099657412804 0.004797094825267582
-0.06812248877590718 1.0035475424570237 0.004415983154173969
-0.0677729878797062 0.995412520718546 0.005023274476788257
-0.06753079024357922 1.007484311231555 0.004478579338379472
-0.06691942996011946 1.00335593816065 0.0047945394356499645
-0.0667336247362514 0.9953392617470723 0.004408416196729302
-0.06638409869434225 0.9969075832089531 0.005024857304956984
-0.06614190455067492 0.9968991190481914 0.004472043515776756
-0.06553055940120835 0.9997347064306524 0.004796247207929247
-0.0653447606961429 0.9867732547585015 0.004402954015060863
-0.0649952095089783 0.999365844976586 0.005027316407747895
-0.06475301862448456 0.999597954450287 0.004469932643536049
-0.0641416886094639 0.9973427197179974 0.004787300066572134
-0.06395589665603438 0.9975060866656251 0.004411990522547427
-0.06360632032315894 0.9910911004304176 0.005017411271890033
-0.06336413293158162 0.9940023692704321 0.004462024093401737
-0.06275281805100551 0.9952028651746456 0.0047842817042349555
-0.0625670326163786 0.9935696986610791 0.0044050257256116965
-0.06221743113779498 1.0027652084963745 0.005024265025603674
-0.0619752472382219 0.9999930586381687 0.004466808236680828
-0.06136394749254712 1.0014267534266676 0.0047896944055930086
-0.061178168576728205 0.9977042878078709 0.004418310592898382
-0.06082854195288645 0.9998483356092513 0.005023590846491766
-0.0605863615453176 0.9989721520361741 0.004473520129200704
-0.05997507670080537 1.0033856175495253 0.004793072717965401
-0.05978930453707242 0.9993578286120615 0.004411115785758644
-0.059439652767976574 1.0061193848954064 0.005030367826022536
-0.05919747561958266 1.0021792373146545 0.004469753051659751
-0.058586206141894255 0.9994607917420879 0.004794532833627184
-0.05840044049696391 1.0007794598190078 0.004417549351651443
-0.05805076381544327 1.0012264449397463 0.005027139267755136
-0.057808589926678366 1.0034670837334605 0.0044680249192326155
-0.05719733558252503 0.9997190934825299 0.004786429862935182
-0.05701157645730813 1.0025063740299565 0.004415640029172502
-0.05666187462962524 1.0013177864237226 0.005018329839663741
-0.05641970423377407 0.9983066198389363 0.004465567004455451
-0.05580846502361392 0.9956174430338143 0.004779513443521495
-0.05562271241811046 1.000089408679801 0.004415885928292107
-0.05527298544426129 0.9975714863264551 0.005017748501246183
-0.05503081854177927 1.003883819523061 0.004475794760167145
-0.054419594464247385 1.003804320087073 0.004799653877966881
-0.05423384861173805 0.9995683996133601 0.00441110423131698
-0.05388409625889734 0.997529560134124 0.005009542257647854
-0.05364193261604433 1.0031287131770037 0.004475493204134461
-0.05303072367250294 0.9993124794940745 0.0047894684382191015
-0.05284498457162954 1.0030571141653233 0.004420022362752019
-0.05249520707307797 0.9953811096952224 0.005013338404774181
-0.05225304692268596 0.9977563652953971 0.0044642164984758405
-0.05164185311358913 0.9988411692091116 0.004786373178491799
-0.05145612053197376 1.0028874689479281 0.00441650295583869
-0.05110631812054466 1.0014737204059068 0.005022025144599908
-0.050864161229326244 0.9979984849329723 0.004463127241498534
-0.0502529825542226 0.9966533136529122 0.00478442966714101
-0.050067256725154004 1.004767226966837 0.00441331106514129
-0.04971742893472664 1.000374788515832 0.005015466155568165
-0.04947527553642195 1.0040378286065355 0.004480429642252518
-0.04886411199531149 0.9952757053189839 0.004783872715996113
-0.04867839268549822 1.0031202701994522 0.0044245273276961004
-0.04832853974936269 1.0020322894964413 0.005019887444486875
-0.04808638984351765 0.9951836818602515 0.004466320794689084
-0.04747524120311162 0.9940585008934296 0.004784433335335336
-0.04728952864538971 0.998395278645528 0.004413454971369412
-0.046939650563998736 1.001819259286946 0.005018116988252509
-0.04669750391778271 0.9988735528050281 0.004467470151273131
-0.04608637064420051 0.9959266138036719 0.004783649454733658
-0.04590066483856457 0.9979250022893144 0.0044150953064782455
-0.045550761378634785 0.9982526480967527 0.005020751619934382
-0.04530861822442434 1.0045089308357282 0.004464476754457734
-0.044697500086652964 0.9914067652314913 0.004784974782172161
-0.04451180079845606 1.001669936810657 0.00441445116686261
-0.044161872192815414 0.9940112452433577 0.005019109043307217
-0.0439197325315187 1.0061682085744017 0.004472701469951398
-0.04330862952910273 0.9983236135377216 0.004784168555324828
-0.04312293675880028 0.9985297841414034 0.004409750535416816
-0.04277298323982803 0.998253968396907 0.0050155924076503095
-0.04253084683816033 0.9996768425027253 0.004467951634881018
-0.041919758969736196 1.0028714605899776 0.004789811240821322
-0.04173407295197514 1.006876479181253 0.004416856594013609
-0.04138409405446408 0.9951363053694524 0.005006920644937625
-0.041141961145256034 0.9985052164970099 0.004460526446607146
-0.04053088817799444 0.9976949928130133 0.004784750985300468
-0.0403452089132302 1.0007553847627566 0.0044105111324707
-0.03999520486910013 1.0032048264092137 0.005016598375121461
-0.03975307545235174 1.0057185019788175 0.0044692614323431105
-0.039142017618625215 0.9962307851539925 0.00478355293139191
-0.038956345107774015 0.9996391612627789 0.004412676260149734
-0.03860631568373618 1.0041301213445912 0.005012709236934724
-0.03836418975899337 1.0004785787378774 0.004464002659441665
-0.0377531470597141 0.9999395624873875 0.004790447312068683
-0.03756748130049615 1.0006337721042964 0.004414855770814062
-0.03721742649791681 1.0013360687499344 0.005015654438703876
-0.03697530383325708 1.0026364634850042 0.004467382603763135
-0.03636427650080299 1.000816974817584 0.004782572077081556
-0.036178617260840366 1.0036958617704228 0.0044156451098426135
-0.0358285375453835 1.0027793922636747 0.005014065043051163
-0.03558641813989871 0.9943682538303278 0.004465764653269848
-0.034975405941433765 0.9990578111223907 0.004785124058425058
-0.03478975345401523 0.9989027230491591 0.0044075028618638665
-0.03443964835956548 0.9944723285814265 0.005007677856880701
-0.034197532446994416 1.000145921604626 0.004468061893759686
-0.03358653538252265 0.9960077663762164 0.004784788541536256
-0.033400889414359446 0.9977025902090891 0.0044172013758450365
-0.03305075917420153 1.0049837920790778 0.005014597832072257
-0.03280864675409012 0.9981579736550348 0.004456912785822622
-0.03219766459032548 1.0043364633059806 0.004793074486850016
-0.03201202560708158 0.9960562655508068 0.004412089048481344
-0.031661869988837577 0.9998665088177917 0.005011215890035464
-0.031419761061185825 1.0031030487644341 0.004464476103537476
-0.030808794031411672 0.9978973288735782 0.004780033352670208
-0.030623161800256437 0.9985339347019887 0.004410813567478709
-0.030272981036304273 1.0007320515102782 0.005010793775397948
-0.03003087536782611 1.0024330276179592 0.004466416124253326
-0.029419923472497868 0.9933425982008807 0.004780739260378936
-0.02923429799297857 1.0009373922724178 0.0044099167095429
-0.0288840918504849 0.9987753813487297 0.005007899745636283
-0.028641989674467738 0.9863616453052528 0.0044571966359589505
-0.028031052913586756 1.001746435391272 0.004784444561314279
-0.027845433953328176 1.0056195590073094 0.004413703544173792
-0.027495202664666877 1.0059628181991944 0.005025131605648152
-0.027253103981563442 0.997199293970714 0.004459819204658644
-0.026642182354675647 0.9996361187047408 0.004781825332731185
-0.02645657014741388 1.0031140185203404 0.004411611788098741
-0.026106313479302926 1.0018638123234025 0.005007601185713334
-0.025864218288659147 0.9946701591302805 0.004458579733901423
-0.025253311796672683 1.0014067324280338 0.004778651826093642
-0.02506770634058874 1.0017345751193487 0.004416364274895186
-0.02471742452676962 0.9954944426768245 0.005004502131891203
-0.02447533259575485 1.0005915169584882 0.004458312760703323
-0.023864441237303455 0.9938790755860728 0.004779991743728618
-0.0236788425337636 0.9916450159184131 0.004403344226892806
-0.02332853534140567 0.9929643134816295 0.0050013173118882035
-0.023086446902395134 0.9946942701620864 0.004453264749217435
-0.022475570678392346 0.9920715015578427 0.004772811136303739
-0.02228997872693846 0.9874457860548377 0.004396899847471427
-0.021939646155586294 0.9895604750083771 0.005004688808349169
-0.021697561209492185 0.9851713287122207 0.00444611396351031
-0.02108669988619517 0.9991304538585162 0.004781864099907033
-0.020901114919660593 0.9934139117021489 0.004407801078761428
-0.020550756970222343 0.9927909768987239 0.005002715762712092
-0.020308675283301825 0.9983480950088995 0.004456280298149262
-0.019697829327281362 0.9906611052442265 0.004769972779300934
-0.019512251112835454 0.9903747750584453 0.004402164674756041
-0.019161868017234965 0.9921248967985689 0.005000821750880377
-0.01891978959039753 0.9934775321506102 0.004453926777239591
-0.018308958768367557 0.989444246306289 0.004769313916539623
-0.018123387305557587 0.9972674107663098 0.004405081021673424
-0.017772978831871015 0.9923898729040225 0.005007702751589377
-0.017530903897493233 0.9913418474918553 0.00445308280772109
-0.016920088209456445 0.9859539084271872 0.004773068671052786
-0.016734523498737837 0.9963898503806147 0.004408623554572379
-0.016384089646961135 0.990589794410693 0.005002265884407757
-0.016142018204588937 0.983753178082451 0.004446907834686594
-0.015531217650089914 0.987878197937418 0.004769398811852703
-0.015345659691912698 0.995837362554291 0.004412963130395196
-0.014995200462052606 0.997581686846919 0.005005484174465583
-0.014753132511230567 0.9920879786128849 0.004453648091864666
-0.01414234709117611 0.9940219501464215 0.004766640202822765
-0.013956795885087558 0.9967192894800124 0.004410891639075359
-0.0136063115095193 0.9870530302397722 0.004996410892731664
-0.01336424681787085 0.9924006094715104 0.00445913000921449
-0.012753476531809577 1.0005947071654726 0.004774970639653269
-0.012567932078262418 0.9908606426130891 0.004398761325363736
-0.012217422324155349 0.9933378245131973 0.004999594751170961
-0.01197536112587605 0.990495351156252 0.004448783085284785
-0.011364605972898466 0.9908914604664546 0.004766132741678481
-0.01117906827234812 0.9903963872817746 0.004399423114420512
-0.010828533138335978 0.9905417169662735 0.005002929562871728
-0.010586475433427174 0.9930759209147851 0.004455993281214319
-0.00997573541398466 0.9947097782487649 0.004763202977457673
-0.009790204465070255 0.9948284005911776 0.004415560659397565
-0.009439643952517953 0.9885415626013822 0.005005672889613326
-0.009197589740067458 0.9976520510769895 0.004450652502417812
-0.008586864855070854 0.9894272232475302 0.004763317509986083
-0.008401340658245115 0.9980844965711055 0.004406925887186719
-0.008050754999075151 0.9888166895839187 0.005003078040717528
-0.007808704047163162 0.9938675554703127 0.004453566547004122
-0.00719799429706789 0.990564031894951 0.004766223245172803
-0.007012476850967249 0.9972238676300006 0.004413582347677658
-0.00666186581325578 0.993921105436 0.005006170619775777
-0.006419818354258866 0.9865014594784229 0.004447282377303318
-0.005809123505326136 0.9900615251597467 0.00475863864816536
-0.005623613276978142 0.9901729365316906 0.004399038757440157
-0.005272976627437755 0.9902598753658073 0.00499891213554159
-0.00503093266135457 0.9877468821201274 0.00446353568012969
-0.004420252945959604 0.9936590273158262 0.0047585609263701015
-0.004234749470153003 0.9921754969779157 0.004405450261822422
-0.0038840874420738047 1.0010849242195372 0.005012559153608213
-0.0036420472008268446 0.9941308487057311 0.004455962163705404
-0.003031382387045798 0.9945969282670267 0.004758633633780163
-0.002845885663327863 0.9964410700185353 0.004404090914345823
-0.0024951984895404977 0.9943022624375553 0.0050067864812872705
-0.0022531615074671274 0.9989797483036826 0.004456163470403857
-0.0016425118276792664 0.9916752058293864 0.004757790296548758
-0.0014570220888806404 0.9918910958606465 0.004397112339590353
-0.0011063093041765468 0.9960548384914507 0.005008228121264769
-0.0008642758145628318 0.9909722336954117 0.004453162104529124
-0.0002536412696763027 0.998004143091972 0.004763253902275896
-6.815828205550065e-05 0.9878763570300083 0.004399199598047661
0.0002825798816428249 0.9874106769326423 0.005000616154338933
0.0005246098783414641 0.9887444126204088 0.004444735162915779
0.001135229288782082 0.9924531179939308 0.00475497025258658
0.0013207055243115234 0.9869971486948161 0.004400758411614268
0.001671468834176132 1.0040958054951428 0.005018511302056131
0.00191349557124576 0.9853086238444808 0.004441758436205122
0.002524099848148614 0.9848549088852453 0.004751122045910867
0.0027095690978532934 1.0014442984478529 0.00441070200267112
0.003060358019994156 0.9831363236240772 0.004997925471104945
0.0033023812646041295 0.9917362058204571 0.004451403563021305
0.00391297040706242 0.9898891418401783 0.00474996927341453
0.0040984329042203175 0.9859568951286904 0.004410232307677105
0.004449247205358107 0.9882762538346218 0.005003909307494015
0.004691266957509773 0.9894574994053139 0.004441808596142185
0.005301840965973531 0.9944750582116006 0.0047545445753653034
0.005487296477756697 0.9964353519941623 0.004407994552682861
0.005838136157891414 0.994014876462996 0.005018783048562123
0.0060801526508681425 0.9908678460118446 0.00444956388583941
0.0066907115253400625 0.9919983475371751 0.0047504079237993555
0.006876160284581837 0.9912102426775738 0.004402369720800377
0.007227025343255365 0.9934455113157502 0.0050110554738803745
0.007469038343772438 0.9885187716264222 0.004448896271837008
0.008079582084253868 0.9972960804994552 0.004752687904423579
0.00826502385902906 0.9863142376280668 0.0044017418718197004
0.008615914529074736 1.0048423530279333 0.005020647129075295
0.008857924036676734 0.9913694721424825 0.0044467511619177775
0.009468452642712254 0.9913590357775605 0.004757936150216765
0.0096538876658542 0.9978445740197445 0.0044042715904656984
0.010004803482062117 0.990945732676422 0.005013462178233347
0.01024680972958103 0.9903438615406432 0.004447115479273833
0.010857323201167944 0.981916941377335 0.004741761666601732
0.011042751239848696 0.9886685944541512 0.004405948908571011
0.011393692667426068 0.9918683897171794 0.00501810504286136
0.011635695190110103 0.997708280386763 0.0044490967907068095
0.012246193760081748 0.9998096517694725 0.004753711848839086
0.012431614813837802 0.9966232914144484 0.0044088038950340375
0.012782581852790019 0.9974676530584439 0.005016422749034264
0.013024580883468473 0.9943965163886275 0.004449586628677999
0.013635064319448281 0.9928338129710533 0.004743663056245949
0.013820478621121058 0.9886451740008637 0.004399476877589901
0.014171470805323326 0.9919596721700769 0.005019973913645329
0.014413466576372769 0.9903527962317239 0.004449266115905598
0.015023934878362087 0.9899502415850723 0.00474163068225338
0.015209342194657438 0.9977184495040635 0.004407699863632604
0.015560359991142697 0.9962255683360165 0.005021615993593437
0.015802352269277065 0.9854473187293049 0.004446638436250287
0.0164128054372732 0.9895829586731796 0.004743039465964593
0.01659820576774109 0.9953288473125075 0.0044038499378830425
0.01694924917650665 0.9942989161049591 0.005020488289296334
0.01719123796218136 0.9940771418133213 0.004452690980992137
0.01780167599663973 0.9899628018092471 0.004740333052462972
0.017987069575018957 0.9992414026961158 0.004407268032942768
0.018338138129494027 0.9952580491366932 0.005026364495001062
0.018580123655541077 0.9864623422788558 0.004447230215745174
0.019190546555553537 0.9917956401822917 0.004739675666273064
0.01937593314946618 0.9874284228356938 0.004395939516380643
0.019727027314857978 0.9997803208127708 0.0050266604872008765
0.019969009348444026 0.9910510737560972 0.004445446055859582
0.02057941711492007 1.0067779838082216 0.004765563279489888
0.020764796723460675 0.9978496009778791 0.004408205151344517
0.02111591650022193 0.9939668777989804 0.00502521660276854
0.0213578948089731 0.9941703281606468 0.004453046985679262
0.021968287673831178 1.000778473634651 0.0047443989817940405
0.022153660297455174 0.9850352381355231 0.004398286775918991
0.02250480545321066 0.9974359738805004 0.0050218981343538695
0.022746780501877395 0.9949949172302772 0.004444896033887142
0.023357158232744986 0.9941410982178581 0.004736463048462714
0.02354252387144428 0.9950357459822755 0.004403357123666113
0.02389369463857461 0.9991598015451532 0.005025834656613422
0.02413566619478169 0.9966395646785025 0.00444854800368883
0.02474602879165879 0.9968446610954407 0.004741641513163929
0.02493138744589689 0.9958299759749912 0.00441184371830737
0.02528258382439263 0.9955655370839486 0.005024840098062331
0.025524551888141407 0.9984331903055871 0.004450167410054007
0.026134899351025323 0.993259467599123 0.004734938637793209
0.026320251019886 1.0044680067501492 0.004415360597393035
0.02667147277692594 1.0059355683096343 0.00502953323547325
0.026913437581044357 0.9920521521071979 0.004446828232107451
0.027523769910391856 0.9929438357155524 0.004733983067416376
0.02770911459433322 0.996475831152913 0.004403613935144854
0.028060361961380394 0.9929040529859462 0.005025525711285127
0.02830232304157343 0.9974174555205725 0.00444653251915947
0.02891264046839482 1.0023059281590205 0.004738078066694268
0.029097978168327716 0.9990943743319658 0.0044109585135023045
0.029449251146744345 1.0016516021014499 0.0050311100884335835
0.029691208734477725 0.9953329280509535 0.004448824764860758
0.03030151079402256 0.9954630176306389 0.00474224643674295
0.03048684174141137 0.9982633920522428 0.004409637202744456
0.030838140099277652 1.0039390002230248 0.005033155708810214
0.03108009442738202 0.9934091608568042 0.004442968683215004
0.03169038135338909 1.0016220081456764 0.004734230572880144
0.031875705315405865 0.9961991425202363 0.004415797967993605
0.032227029284641606 0.9968604200829548 0.005032419715689017
0.0324689801198309 0.9943796891030386 0.004451785536200724
0.033079251912300205 0.9995971570359147 0.004733967698735278
0.03326456888940036 0.9963626032953619 0.004405180041729614
0.03361591847000556 0.9963113902961935 0.005029562432059638
0.033857865579450475 0.9939669715653202 0.004445056400798804
0.03446812247121401 0.9987617914030278 0.00473896205803266
0.03465343246338947 0.9976182510091963 0.004407934407129585
0.035004807422994284 0.9949714260765316 0.005035512117716559
0.03524675127235477 1.0034719782068298 0.004454047587801819
0.035856993030127814 1.0031344698413924 0.004734738691364119
0.03604229603784208 1.000437848373087 0.004411628345744794
0.03639369660881231 1.0090660902514512 0.005045264565459799
0.036635636965259066 1.0007901260818168 0.004454405962822808
0.037245863589494346 1.006741785000484 0.004737441524156509
0.03743115961183119 0.9994578559243653 0.004408536750862757
0.037782585561345616 1.0031388060910478 0.005039458194721981
0.038024522658617436 0.995040424547114 0.004448590472758204
0.03863473414840546 1.0003325151188862 0.004731119804187348
0.03882002295344777 0.9994368403306133 0.004414033968575359
0.03917147474670957 0.9942924229907337 0.005040437023358134
0.03941340811914651 0.9997515057401463 0.004447882823940819
0.04002360470777468 0.9961956585971726 0.004725127396522177
0.04020888652744226 0.9953534033887865 0.004407757344828961
0.04056036393207352 1.0027033805263148 0.0050511904052437245
0.040802293812050805 1.000755705643048 0.004455198292043734
0.041412475266685796 0.9904976264058692 0.004726791494643231
0.04159775010143676 1.002578968315269 0.004411995126816352
0.041949252885062245 0.9970730629246453 0.005037810257618037
0.0421911795049551 0.9919919559707309 0.004447244536838963
0.04280134582559691 0.9976173045457634 0.004726015961368592
0.04298661367542587 1.0034386788459813 0.00441333261355797
0.043338142070426196 1.0079050200102515 0.005047335081576769
0.04358006496502875 0.9991370644792397 0.0044511903678251035
0.04419021638451071 0.9958163842402545 0.0047213419944044455
0.04437547701658972 1.003564387110038 0.0044128537480484665
0.04472703102341358 1.0000104237570082 0.005047307861888948
0.04496895065838712 1.0012998304854173 0.004453007179943946
0.04557908670968303 1.0024965174112386 0.0047233025059332644
0.04576434058967337 0.9997726774229189 0.004414553240160651
0.04611592020877753 1.0064656427947507 0.005042850930025464
0.046357836351292765 0.995069823399703 0.004440750072538221
0.046967957268141416 0.9990125389808671 0.00472629602776894
0.04715320393128995 0.9976604438351225 0.004414302394476931
0.04750480939414148 1.0079338779771558 0.005048965613428644
0.047746722044651135 1.0000146340589222 0.004449790443614974
0.0483568278265998 1.0036361527210376 0.004732561746952601
0.04854206750483172 1.0009045387530038 0.0044095697935535565
0.048893698347130206 0.9994273652185054 0.005043837607019601
0.04913560750472479 0.9963260269030803 0.004445212820308377
0.04974569838551091 1.0039715526261608 0.0047225403772216045
0.04993093084508473 0.9970558225207286 0.004409616369454452
0.050282587532494157 1.0000070796996856 0.005044472385823389
0.05052449319762908 0.9991540578523457 0.004451194293225054
0.051134568944422025 0.9969628883458695 0.004725455083548295
0.05131979441953195 1.0021673823346324 0.004406973302752303
0.05167147648548154 1.0046244761151373 0.005048912474675921
0.051913378890987454 0.9962244737380844 0.004453141496397993
0.05252343950379125 0.9995890609586492 0.004723711367774135
0.052708657760695804 0.9962804663208008 0.00440842567202856
0.05306036567084549 0.9961741688233139 0.005042632315843127
0.05330226435106245 0.9952245395588021 0.004444777104657386
0.05391231006270236 1.0002099344263793 0.004715241698771244
0.05409752133514303 0.9911733569872152 0.00440530712447191
0.054449254623378796 0.9988991784540389 0.005053898324307763
0.05469115004442082 0.9970556171028557 0.004446467788247582
0.05530118038923825 1.0020066977252469 0.004721859682007138
0.055486384676301494 0.998338871482615 0.004406647801892975
0.055838143808742746 1.0015749228329247 0.0050500946010110055
0.056080035504494474 0.9941430289522817 0.0044449985797871345
0.056690050948152056 1.0003958965752622 0.004722370940896595
0.056875248017465345 0.9966999845747435 0.004416054176795804
0.05722703299456212 1.0012148060213588 0.00505356224738196
0.05746892119739877 0.9965411440145165 0.0044436684220662635
0.05807892150706586 0.986653088515994 0.004710405740694484
0.05826411159100711 0.9976448203717749 0.004406358071831942
0.0586159219475495 0.9910773685650945 0.0050413202933552595
0.058857806890303066 0.9989554379482996 0.004447364574983663
0.05946779206643239 0.9955340159807645 0.004713266361840517
0.05965297493171285 1.0019437913632916 0.004412927740460358
0.06000481113291345 1.004184670369442 0.005054748081361407
0.06024669235083214 1.0016731351980108 0.004453131592496777
0.060856662625343505 0.9889303464771849 0.004705587361097288
0.0610418382728767 1.007596582989018 0.00441126384419947
0.061393700085446756 0.9986483327948261 0.005050469649408008
0.06163557804419051 0.9995527184249745 0.004452778268696221
0.06224553318471273 0.9986496343757006 0.0047126212425402545
0.062430701847323924 0.9907058127462809 0.0044021265082290414
0.06278258927081071 1.0001680497724155 0.005055316548623394
0.0630244637370948 0.9989635277281456 0.00444433265217846
0.06363440351079319 1.003400742072436 0.004716961557823921
0.06381956518848778 1.0062112444720615 0.004415799937092972
0.06417147822379943 1.008246435760179 0.005054279617545672
0.06441334919625896 0.9973226351537314 0.004442258627475941
0.06502327406879616 0.9965340000921876 0.004710513033858864
0.06520842853010436 0.9982098207791934 0.004414371032588525
0.06556036740916338 1.0005285054998263 0.005051028969449425
0.06580223488916326 0.9887605596434299 0.004437855011377102
0.06641214462770727 1.000971549270743 0.004708332702098632
0.06659729187126281 1.002155297549584 0.004417204057041887
0.06694925659498141 1.0036870572246124 0.0050561227384179975
0.06719112034923691 0.9907594244205016 0.004437944525703416
0.06780101518662107 0.9996423434612633 0.0047076457838365416
0.06798615521242667 0.9916488014720564 0.004402455523633875
0.06833814554751472 1.007199503095848 0.005062390261272871
0.0685800060421412 1.001244800812269 0.004446569781537976
0.06918988574553488 1.0001420739227318 0.004723932145733687
0.06937501855359053 0.9940574872295947 0.00440972302488902
0.06972703473287867 1.0024607672219805 0.005058415775452797
0.06996889150221486 1.0028590575441547 0.004446843088661089
0.07057875607161535 1.0013634588563431 0.004708343987351233
0.0707638818952071 0.9990928600005164 0.00440651559783691
0.07111592368541197 1.0021918673599635 0.005059902139557758
0.07135777719557458 0.9964653258562777 0.004445343613345865
0.07196762663098188 0.9952611892452359 0.004701469299177872
0.07215274523591823 0.9985457143737183 0.004415842990562931
0.07250481287077593 0.9969122420028387 0.005061253869687151
0.07274666288847752 0.9986763649187317 0.0044453176890612775
0.0733564971903511 0.990806816609407 0.004704527198328033
0.07354160857617124 0.9966562997127182 0.004408526538666144
0.07389370182239974 1.007445035903816 0.005065257287561119
0.0741355483490066 0.999159201939015 0.0044487827571679725
0.07474536774926221 0.9969576124819448 0.004713765539816201
0.07493047191778782 1.0034561091447807 0.004407598909839275
0.0752825910082191 0.9945245288011213 0.005057169115520052
0.07552443404191089 0.9967537312610909 0.004441235950443783
0.07613423830817333 0.9962128599754695 0.004707291203963718
0.0763193352594044 1.001264942298852 0.0044069774265435855
0.07667147996075241 1.0025480641546671 0.005068885472543798
0.07691331950153048 0.9971260315097046 0.00444100569282112
0.07752310863425649 0.9982452828466689 0.004700363632828978
0.07770819860056286 1.001371108028491 0.00440932270428613
0.07806036914657044 0.9952611711110153 0.005064415111810478
0.07830220519397935 1.0034141652173354 0.004449433725271269
0.07891197919362303 1.0101363435671185 0.004711649903741232
0.0790970619417267 0.9981014255475723 0.004404284880462399
0.07944925809910375 1.0072117348133611 0.005069805245898803
0.079691090654053 0.9987248050866954 0.00444741558093693
0.08030084975253683 1.0014425005629373 0.004706323306124602
0.08048592505005993 1.0005959827617583 0.004414595627065812
0.0808381472844677 0.9959704282883965 0.005071823247252354
0.0810799763469573 1.005267788153544 0.00444962170116366
0.08168972031190336 1.0093371448794792 0.004710340582064584
0.0818747883916765 1.0053818095195557 0.0044187124071344555
0.082227036237001 1.0002685456709615 0.00506586716878522
0.08246886180748637 0.9975207812144745 0.0044550149592799205
0.08307859063707568 0.9920826411027928 0.004697023441920096
0.08326365173284035 0.997301007118185 0.004408046902944528
0.08361592542327445 1.0058996585519813 0.005067860500466262
0.08385774750038931 1.0023343877482422 0.004451106745231187
0.08446746119598948 1.001138487745299 0.004704392542655182
0.08465251507445694 0.9990582724027478 0.004406957364015595
0.08500481437671725 0.99166431004755 0.005058950435676231
0.08524663296091839 0.9973240154618787 0.004452444937227172
0.0858563317549006 0.9930076680027644 0.004689214186323166
0.0860413781818793 0.9968654123154054 0.004404514776499592
0.08639370356253662 0.9920349688890862 0.005059419577598662
0.08663551865382269 0.9962900498075495 0.004448970010417779
0.0872452023138117 0.9945748764705833 0.004699507023422504
0.08743024152304316 1.0003995442289149 0.004406702152672593
0.08778259251506992 0.9965843564563764 0.005062814718653716
0.08802440411389634 1.0039922568497899 0.00445362426083919
0.08863407263943945 0.9960828709883653 0.004702978027269778
0.08881910463137097 1.0047829163078397 0.00441806001363314
0.08917148170088796 0.991136093008383 0.005055950597797685
0.08941328980680063 0.9989235386298946 0.004447999824170438
0.09002294319789783 0.9986397218605785 0.004703776016465785
0.09020796797253482 1.0009319816601068 0.004406718820251557
0.09056037065342126 1.0032507819725849 0.00506519341472657
0.09080217526732835 0.9930189476099976 0.004449843397249883
0.09141181375681164 0.9942688222285561 0.004695500529518758
0.09159683131369868 1.006916666299325 0.004413052588096772
0.09194925983878521 0.9996403414805225 0.00506674681084187
0.09219106072785743 0.9973592077444668 0.004445357996778694
0.0928006840828921 0.9954806625240945 0.004697128940268515
0.09298569442203189 0.9989336784958457 0.004408969953830066
0.09333814879131852 0.9978753866803997 0.005071292059555985
0.09357994642076173 1.0043633690814269 0.004462487646139113
0.09418955464225864 0.9997429529441894 0.004700351701388269
0.0943745577622849 1.0013495693102197 0.004409573461125207
0.09472703797713788 1.0011395895831108 0.0050651155300397935
0.09496883188083538 1.001937112770919 0.0044536953179377115
0.09557842520117245 0.9979732858962282 0.004697811892206135
0.09576342087061811 0.998833816428229 0.0044094263757481
0.09611592693012527 1.0143446363992155 0.0050750933592503215
0.09635771757373968 1.0019705876399505 0.004448203461090122
0.09696729576053897 0.9884288482297436 0.004701933452401855
0.09715228397940404 0.9927995062246201 0.00441045324206909
0.09750481611548922 0.9977665702656786 0.005068215509804108
0.0977466030342674 1.007980294205624 0.004456031666590457
0.09835616608661944 1.0024420286229578 0.0047060539266926835
0.0985411473205625 1.000599723338437 0.004411812276079356
0.09889370506802253 0.9987037708749347 0.005070152581903386
0.09913548849434241 0.9953667680554573 0.004448076028166173
0.09974503664553325 1.0009686175536707 0.004700765107801141
0.09993001042844299 1.0063533634026869 0.004418283773982705
0.10028259425338648 1.0028887173963537 0.005071123016027341
0.10052437418770077 1.0042401695686731 0.004454621676455673
0.10113390720444705 1.0008532061346975 0.004703522464713815
0.10131887353631808 1.0004207745612403 0.0044074088989112655
0.1016714832063752 1.0030568993886977 0.005076129363608911
0.10191325964777442 0.9924091609344825 0.004446375053520566
0.10252277752961937 0.9995732669240408 0.004702908502507623
0.10270773687793465 0.9976983597625524 0.004410737432798815
0.10306037239173915 1.002992100868023 0.005064860780318864
0.10330214534067872 0.9977264798516304 0.004448851216043849
0.10391164808853048 1.0036834343265628 0.004707722615730402
0.10409659998626787 0.9985413802538674 0.004412357411562798
0.10444926134472654 0.9962559544638178 0.005064596471662779
0.10469103080120644 0.9983107794225621 0.004455727891150183
0.10530051864789702 0.9965617814830386 0.004694196329377974
0.10548546309460108 1.0024309660116437 0.004411439034779689
0.10583815029725985 1.0076833744535134 0.005071948101438101
0.10607991626128145 0.9891012397186452 0.00443871499577477
0.10668938897398018 1.0017447064588572 0.004707486991398826
0.10687432620293429 0.9985180544221854 0.004412008192681886
0.1072270394826238 1.0013245178457444 0.005069402757345695
0.10746880195463981 1.0074440643867253 0.00445307545954482
0.10807825953334671 0.996764818438563 0.004695236739192908
0.10826318931172021 0.9956908002590097 0.004410805097712022
0.1086159284351571 1.0073442929387084 0.005070568203761876
0.10885768741471347 0.9951379486376094 0.004443741820682557
0.10946713009225782 1.0048629816350507 0.004701869398084046
0.10965205242004804 0.9999660317463723 0.00441062828441726
0.11000481762097647 0.9924477495019871 0.005060694494736724
0.11024657287478712 0.9913462837552062 0.00444133778977669
0.11085600041834098 1.0000100085680492 0.004701291661558127
0.11104091552883397 1.0021331448540876 0.004421572499302738
0.11139370657396386 0.9976379282060175 0.005067938411646558
0.11163545856769141 1.004482891202107 0.004451911221835379
0.11224487097725479 1.006288140633966 0.004708280989503402
0.11242977863716717 0.9982636523647881 0.004418886655803394
0.11278259575932781 1.0120114096107258 0.005077152590841995
0.1130243440282205 1.0017414125661952 0.0044547364991971514
0.11363374153662133 1.007744467254648 0.004706942435444602
0.1138186417455004 1.0022035825649143 0.004417443950905415
0.11417148471186112 1.004514952257497 0.005067155979295989
0.11441322948874821 0.9910424157237098 0.004442592772405341
0.11502261186315721 1.0027960267226992 0.004703561477019436
0.11520750485337548 1.004160175766562 0.004415347538605384
0.11556037389722507 0.999207374417173 0.005064010288480413
0.11580211518165251 1.006895867150915 0.0044540977085413234
0.11641148242207101 1.0037308928773787 0.0047062078070095265
0.11659636796125597 1.0055305078504817 0.004415445250821214
0.11694926284975837 1.0000225383379813 0.005064771300264742
0.11719100064172616 1.0019208782628655 0.004458155980701364
0.11780035274815148 1.0000546954363867 0.00470203359553976
0.11798523106958918 0.998730465560332 0.004410013595939016
0.11833815180138219 0.9974703094655549 0.005063654371043855
0.11857988610179981 1.0086278071924573 0.004455802047496855
0.11918922330660987 1.0012234620627853 0.00470328231577762
0.1193740941783751 1.000811328849607 0.004417180573090704
0.11972704098674614 0.9994717579186976 0.00505970795591003
0.11996877179515954 0.9979617530604095 0.004444306056915506
0.12057809386506556 1.0009715669206787 0.004706741807342081
0.12076295728670293 0.9964647505631806 0.00441253548228489
0.12111592993973486 0.9977671556900953 0.005064284000244437
0.12135765725477776 0.9906511196631417 0.004437832445619852
0.12196696419114872 1.0087947925046978 0.004703338493153085
0.12215182016265821 0.9957659043538095 0.004404459242463222
0.12250481912555289 1.0055153713089566 0.005067626793953302
0.12274654271394192 1.0058730668586375 0.004451257532628977
0.12335583475006252 0.9993318667332436 0.004701887593415315
0.12354068327099142 1.000950149574048 0.004408413773419488
0.1238937080780862 1.002737193152242 0.005064426296327583
0.124135428174471 1.003513282379058 0.004451382991403329
0.12474470507659842 1.0007432838104753 0.004701217776734085
0.12492954637932464 0.9981394208223804 0.004407330007184686
0.1252825970306195 1.0078486435394114 0.005067652743841955
0.12552431386737395 0.9992333365118719 0.004441447595832936
0.12613357563596495 1.0004533429754126 0.0047073223962751515
0.12631840948765785 0.9975268875276279 0.0044146570057134096
0.12667148621598345 1.0011824781969965 0.0050590027344473
0.12691319932790301 0.9967154150386085 0.00445319596058808
0.12752244619487876 1.0068630653579247 0.004709978708074753
0.12770727236361315 1.0024973627887102 0.004417211550246267
0.12806037516897217 1.0063806093945717 0.005070844008513361
0.12830208478797667 1.001911886800662 0.00444933459747446
0.12891131652095922 1.0039086033250302 0.004707260853983823
0.12909613547148824 0.9933611251184129 0.00440752781255013
0.12944926435433612 0.9903976442220491 0.005054397833497535
0.12969097024805032 1.0005866109420047 0.004450534093408345
0.13030018707987034 0.9963844612100533 0.00470311096083362
0.13048499834607996 0.9978848474995972 0.004407653795658778
0.1308381533073235 0.992034664328342 0.005057872448179216
0.13107985594141003 0.9986381598946196 0.004442210885392763
0.1316890574064089 1.0013490319542633 0.004703604039158277
0.13187386145486588 0.9983203555087541 0.004407384536885797
0.13222704225985682 1.0071908581242477 0.005072865347349344
0.13246874140148235 0.9979004463220528 0.004447265273069832
0.1330779279648673 1.0038098584347854 0.004710633193501859
0.13326272433082118 0.9985154494130832 0.004413347344268843
0.13361593144522077 0.9959407577458812 0.00505709734171512
0.13385762686201141 1.0060297339234912 0.004453590233330759
0.13446679852287027 0.9979132246623389 0.00470243480264756
0.1346515874391544 1.0020157593126626 0.0044141557349044
0.13500482039775408 0.9985844427318199 0.005060545161181514
0.13524651232208507 1.001019182665335 0.0044474323331080935
0.13585566884940614 0.9993802220759652 0.0047035119850152
0.13604045031465695 1.0011605760420548 0.0044121047344908805
0.13639370958357344 0.9996459027334974 0.0050588967161679784
0.13663539801498936 1.0064478894307582 0.004460210653219501
0.13724453940786185 0.9972753844432014 0.004704269330414061
0.13742931342253203 1.0012958080980643 0.004409823948357978
0.13778259853656083 0.9926525997819258 0.005054493572097423
0.13802428347506301 0.9976628550186831 0.00444839448625253
0.13863340973303417 1.0055289209634986 0.004708969030765983
0.1388181762975819 1.0014645494085552 0.004418848580972948
0.13917148748909414 1.0144508121156206 0.00507163721020575
0.13941316893559075 1.003970290923972 0.0044473903703619805
0.14002228029240338 0.9991193452033307 0.0047086562274278945
0.14020703917308444 0.9945527438154809 0.004412791789295414
0.1405603766744581 0.9964870525945222 0.005059144887197177
0.1408020543961198 0.9906073415974357 0.004438887907111024
0.1412151165928336 1.0015075277660175 0.005754978186751497
0.14141115061893927 0.9947365692136053 0.004700185320685652
0.14159590204858163 0.9953846832607647 0.004411391691404389
0.1419492656269914 1.0009477462099388 0.005064008154186499
0.14219093985619347 1.0035294330850342 0.004452479393806186
0.14260398924722317 0.9962557583755206 0.005755802819859043
0.1428000211778504 0.9993312541681144 0.004706146631507995
0.14298476515691483 0.9965280508367813 0.004408131076976773
0.14333815457998011 1.0002709762939832 0.005057970002364191
0.14357982531626712 0.9986337219526706 0.004444127158673413
0.14399286213444343 1.001438978711706 0.0057459937165192845
0.14418889150393355 0.9989561348991965 0.004705379598131902
0.14437362803150655 1.0000440013124077 0.00441110268928509
0.14472704376534407 0.9988140282359703 0.005057870042136374
0.1449687110091714 1.0006685687841033 0.004443796730141256
0.14538173478928573 1.0026758742530615 0.0057552018529225535
0.14557776206284737 1.0034038162649637 0.00471022005786583
0.14576249090700913 1.0062143301462236 0.004417967731983245
0.14611593271833145 1.0035491663861642 0.005053896515413739
0.14635759646969915 1.0026220097758882 0.0044487163043605915
0.14677060744412807 0.9959733017195654 0.005750919341934045
0.14696663238938323 0.9997428279084226 0.004706445302535699
0.14715135378296443 0.9962652336955232 0.004411363462777487
0.14750482167086476 0.9991668733845327 0.005054465913117493
0.14774648192977413 0.996031468067685 0.004445331788524999
0.14815948009851768 0.9942359864303288 0.005748451986014578
0.14835550294829436 1.0042881093590663 0.004705174694653691
0.1485402166589197 0.9980424765476992 0.004407713156512082
0.1488937108562287 1.0025075370867558 0.005058695193420619
0.14913536739030187 1.0018171897350894 0.004448621021909636
0.1495483529857352 1.0009720497654155 0.005745101414546915
0.14974437327483295 0.9970644210138926 0.0047134575006951025
0.14992907953442228 0.9952168900466046 0.004409062427034931
0.15028259980921743 0.9953314389449308 0.00504871092466518
0.15052425285037552 1.0081283396322347 0.004451877015253564
0.15093722564012213 1.0158402206938795 0.005759357698901207
0.15113324383374405 0.9937809151737566 0.004700555489943757
0.15131794240992483 0.9928917278280798 0.004402359605200264
0.15167148899458138 1.0102550076015524 0.0050604980702468735
0.15191313831044917 1.0072735251112719 0.0044550222096760555
0.15232609829496713 1.0049317814291945 0.005740280413283653
0.15252211415982453 0.9959371230560671 0.0047041973539168926
0.15270680528542202 1.0040350719685005 0.004417564655879052
0.15306037794756877 0.99783201443823 0.005049006977155786
0.15330202377052282 1.0074392339184055 0.004448030119474053
0.1537149711821847 1.000814462524848 0.005739619794763081
0.15391098471873832 0.9935933939926257 0.004703437199532085
0.1540956681613773 0.9992000940953555 0.004413065242049631
0.15444926690010208 0.9974950830090972 0.005045753262132994
0.1546909092310519 0.9957167175370897 0.004442763749376634
0.15510384383702702 1.0061158590320989 0.005747202979708963
0.1552998550448215 0.9982741192842862 0.0047149219198051725
0.15548453103687987 0.9943318173026865 0.004416774479202812
0.15583815608546603 1.0125315223313573 0.00505487611760993
0.15607979492441026 0.9995485837149266 0.00444416492680203
0.1564927164914166 1.0030777196111142 0.005742521395414702
0.15668872560282446 1.0038736970050854 0.004715513552785631
0.1568733939119243 1.0092782565954455 0.004423142008517361
0.15722704503799934 1.0020757331186667 0.005046280804499903
0.15746868038448392 0.9945582888597961 0.004439189096273805
0.15788158914580622 1.0011101234461808 0.00573463090051469
0.15807759592936033 0.9962537453607584 0.00470374023211702
0.15826225678697417 1.0059809491806238 0.004419424759870373
0.15861593399098806 0.9906888915113972 0.005034217797490387
0.15885756584455757 1.0013233979959768 0.004443117391117025
0.15927046203347917 0.9992646300543704 0.005734202522715185
0.15946646648827145 0.9976916182153218 0.004713051212266951
0.15965111966292944 1.0102725683578997 0.004422759645079162
0.1600048231768061 0.9995737377683344 0.005040747778172134
0.16024645130463122 0.9997355880909401 0.004441256074114235
0.16065933468786608 1.0015598866177222 0.00573169425726939
0.16085533681481004 1.004873370909132 0.004727894815576812
0.16103998230560138 1.0017693653517379 0.004412323733407989
0.1613937121284299 1.0071045509833978 0.0050486000093611
0.1616353367651603 1.0037645882711748 0.004446813842349478
0.1620482073427111 0.9937005945366797 0.00572614982293292
0.16224420737372114 0.9972364468844602 0.004706314614421493
0.16242884518110393 0.9968788543424827 0.0044059049085651315
0.16278260108050913 1.0059194574066948 0.005053580744218383
0.1630242222252326 0.9934972686907794 0.004434672517132725
0.163437079997098 0.9966044306772248 0.00572904170229084
0.16363307769980162 0.9944192676305124 0.004704272617077351
0.16381770805660112 0.9931947514579482 0.0044091758025123036
0.16417149003349651 1.0002230519484772 0.005039645552382256
0.16441310768576167 1.0014519412221783 0.004448543083183184
0.1648259528834074 0.9975452915699653 0.005727779836283535
0.1650219482587154 0.9972018638344522 0.004707421645749249
0.1652065709325564 0.9994684019248643 0.004413835201288377
0.16556037921886047 0.9918857067726373 0.005030172605137822
0.16580199314492583 1.0017714484733933 0.00444249460191977
0.16621482553779432 1.005557808761599 0.0057246938288416935
0.1664108185852513 0.9995001995267395 0.004714210900806894
0.16659543357522832 0.9946593881474949 0.00440747635433133
0.16694926817139377 0.9996214291804626 0.00503551466384364
0.16719087860499948 0.9971144421340178 0.004438381121556813
0.1676036981921839 0.996637894953482 0.005719206927128983
0.16779968914461785 0.9928534195128441 0.004710864560524867
0.16798429645118362 0.9968926733043987 0.004409665053291753
0.16833815712392708 1.0076582267177072 0.005043623601693149
0.16857976406507313 0.9973564216445234 0.00443889970484221
0.16899257107940416 0.9931194206204883 0.005724581226633049
0.169188559470701 1.0028823771057074 0.004717650669603924
0.16937315909385553 1.0043773297471754 0.004411602626087826
0.16972704630974644 0.9931299035121685 0.005033421250809066
0.1699686495251468 1.0074860730663509 0.004447542423076186
0.17038144373379105 0.9986644550446518 0.005713389308250509
0.17057742979678417 0.9965312098105608 0.004715080631529806
0.17076202196844725 1.002428580890033 0.004411929184532982
0.17111593526227975 0.9979656284683891 0.005033411813715153
0.17135753498522044 0.9993000649246219 0.004437580225091877
0.17177031638863338 1.0082013597619532 0.005726609064379289
0.17196630035569527 0.9980638446525253 0.004714092193829226
0.1721508846111192 0.9933697389513186 0.004413792220393151
0.17250482421526714 0.9946217175450361 0.0050365771131637305
0.1727464204457495 0.9993705265357585 0.004441477151489309
0.17315918904256755 1.0070694283443682 0.005719218502146998
0.17335517068177575 0.9994841905383814 0.004715731061680878
0.17353974748662174 0.9999520057111415 0.0044151652950137395
0.1738937134006311 1.0024373439380176 0.005041081811868527
0.17413530590582182 0.9984323527505377 0.004437012161836434
0.17454806192933237 1.00647410697475 0.005722554322098582
0.1747440412397787 1.003010254108419 0.004716916365097745
0.1749286101292883 0.9945699103693874 0.004411467121083039
0.1752826023531644 0.9931313683761388 0.0050270762574425205
0.1755241913663509 0.9949674331430696 0.004435730910424314
0.17593693458371928 1.0003673140958171 0.0057152072348758435
0.17613291156586186 1.0062508771701801 0.0047205240226580285
0.17631747277241291 1.0096319363988844 0.004419688400877482
0.17667149130615312 1.0007556451646507 0.005029554315047006
0.17691307682642454 0.996489564392786 0.004441333652689558
0.17732580723856162 0.9965548372776994 0.0057112090258606895
0.17752178212477568 1.0016697564125316 0.004716155344874836
0.1777063356479155 0.9948852113404536 0.004408639731802559
0.17806038025868642 0.9947203384353578 0.005023972497068838
0.1783019622864982 0.9928855807533177 0.004432762372659534
0.1787146798929512 0.9959007756676873 0.005706756418227743
0.178910652449948 1.0063061375438163 0.004721936385230765
0.17909519829104015 1.0024165677178247 0.004413742831488061
0.17944926944450446 1.000838361618865 0.005024600376251221
0.17969084774657185 1.0003188000627827 0.004438127030562736
0.18010355278017146 0.9981522289667168 0.0057098328600326724
0.18029952277602845 0.9912475598732082 0.004718150450368915
0.18048406093371205 1.0077664809072422 0.00442141016980681
0.18083815839794726 1.0011957285449944 0.005021748904084035
0.18107973320709958 1.0024604528363146 0.004444777156072663
0.18149242543455835 0.997474774762243 0.005701306004666574
0.181688393335395 1.0042314780632837 0.004717724257663699
0.18187292357547313 1.0051153150427705 0.004416153296801019
0.18222704735093598 0.9973350191299928 0.005025339224539882
0.18246861866762865 1.001001968778667 0.004441357414431902
0.18288129808940068 1.0035007287488356 0.005703868038997869
0.18307726366193358 0.9996496164146481 0.004719369137962165
0.1832617864509757 0.9970705223465013 0.004408011849797626
0.18361593630392337 0.9939205448440571 0.00501485162403747
0.1838575041277023 0.9979255058136492 0.004435440445479301
0.1842701707442457 0.9935097376025899 0.00570318244503128
0.18446613422084468 0.9996782209415982 0.004718036721596664
0.1846506490927368 1.0017961127074437 0.004416668049197652
0.18500482548928732 1.0073117898403152 0.005028409825927609
0.18524638958777595 0.9968685314290997 0.004437957559141369
0.18565904363146324 0.999328576531499 0.005701913689725101
0.18585500454692516 0.9977021919356291 0.004712735591060877
0.1860395117349506 1.0011085896108345 0.004412600330102486
