-0.23845914280278724 1.0006054462517802 0.0010827978749235745
-0.23784834418074752 1.0009762888255436 0.001088092379951557
-0.23774849623471003 0.999583456747485 0.0010815442978593622
-0.23707025731997622 1.0027148397097052 0.0010837106031423409
-0.236459449384256 0.9991916554038909 0.001087943790907542
-0.23635961645624978 1.001364426765511 0.0010822471072766686
-0.23568137160433456 1.00093103168034 0.001082843554808666
-0.2350705545877645 0.9997599343768965 0.0010884670808449452
-0.23497073667778953 0.9990342841351737 0.001081211701409727
-0.23429248612152354 0.9987932390883288 0.0010822556473747379
-0.2336816596762219 1.001417509563629 0.0010895906894933915
-0.23358185689932928 1.0011222589950597 0.001082373249756093
-0.23290360063871252 1.0001966057506586 0.0010827655613079286
-0.23229276488018513 0.9990975048832742 0.0010876908785517824
-0.23219297712086903 0.9972064876339974 0.0010811409921385638
-0.23151471492307085 0.999869172190011 0.0010827085969673566
-0.23090386996773304 1.0002261624805149 0.0010887089488124085
-0.23080409722599346 0.997808195172021 0.0010814513529943668
-0.23012582944025983 1.000012630077887 0.0010833453263841494
-0.22951497517169628 0.9996574791478658 0.0010878741044444793
-0.2294152174475332 1.001883687736288 0.001082685995425134
-0.2287369439574488 1.0005601255653533 0.0010827877859934888
-0.2281260802592442 1.0003384576464782 0.0010885929105059686
-0.22802633766907296 1.0000819590196557 0.0010816403080374617
-0.22734805824180715 1.0003115805618055 0.0010830698855391232
-0.22673718546320742 1.0009110489783604 0.0010884651482859773
-0.2266374578906127 0.9995859143401196 0.001081378724304724
-0.22595917275899613 1.0009598777990727 0.0010833736289108974
-0.22534829055075534 1.000257142744742 0.0010878026799292875
-0.22524857811169702 1.0013490009453496 0.001082361825305808
-0.2245702872761851 0.9994711155708389 0.0010823280763702444
-0.22395939575471857 0.999131832785928 0.0010876794234594815
-0.22385969833232863 1.0005726918040698 0.0010817529834676967
-0.22318140179246324 0.9991757245427139 0.0010824869104125107
-0.22257050084226648 1.0004122864337497 0.0010882146973706115
-0.22247081855386838 0.999448881460637 0.0010820340836208834
-0.22179251607682157 1.0006246733213497 0.001082744231087369
-0.22118160604622972 1.001298738687446 0.0010890729300797096
-0.22108193877586085 1.0012863097894136 0.0010829095858779876
-0.22040363059355514 0.9980534573026568 0.0010821341638424303
-0.21979271124928346 0.9999919531216285 0.0010879648486051363
-0.2196930589974033 0.9979842548108876 0.0010814329630235307
-0.2190147451102914 1.0027684358045788 0.001083419478954407
-0.21840381633592187 0.9986771343510055 0.0010877446212499086
-0.21830417921894035 0.9996044978165418 0.0010824631133487799
-0.2176258596283885 1.0009240389905134 0.0010829548882422206
-0.2170149215407946 1.0004610067782422 0.0010889234487709049
-0.21691529932406747 1.0001018728206355 0.0010824030269774012
-0.21623697391274685 0.9987296613558254 0.0010818670027437122
-0.21562602662788777 0.9980186339846684 0.0010875418618262616
-0.21552641954560453 1.001168493579127 0.0010823149982525945
-0.21484808842993583 0.9992249172252108 0.001082458938113364
-0.214237131831851 0.9995262584954693 0.0010876634861246555
-0.21413753976714697 1.0010399896185824 0.0010830806314510934
-0.2134592029471248 1.0002890694454192 0.0010834731766477049
-0.21284823691985366 1.000849773970854 0.0010883939193337081
-0.21274865998868403 1.002643454151575 0.0010829713829069508
-0.2120703174643138 1.0001562149231364 0.0010827946381685247
-0.2114593421238169 0.9999117130651966 0.0010878624609750585
-0.21135978021113463 0.9992843927093059 0.0010819685680003668
-0.21068143198150277 0.9995164589831388 0.0010823886470083253
-0.21007044732778013 0.9986609685998269 0.0010879849018576185
-0.20997090043221894 1.0014180062955473 0.0010826348069802416
-0.20929254649869175 1.0017182636290658 0.0010828902789473502
-0.20868155241532804 1.0001796051845275 0.001088724986304583
-0.20858202065330597 1.0006513683235418 0.001082157449306144
-0.2079036607830501 1.001155578412394 0.0010837629652549576
-0.20729265761929128 1.0018668527121284 0.0010887747332799312
-0.20719314087484303 1.0000505491587888 0.0010823881004508352
-0.20651477530023907 0.9993437101324459 0.0010822553160238866
-0.2059037627068392 1.000932043340045 0.0010886704969937057
-0.20580426109547464 0.998660070119361 0.0010822493021533834
-0.20512588981742805 0.9982659436139458 0.0010818724340573632
-0.20451486791080242 0.9989631584745475 0.0010880871499638987
-0.2044153813170144 0.9965035941483856 0.0010820763013094613
-0.2037370043337089 0.9993970299869301 0.0010825625150206318
-0.20312597299835033 1.0000916223437866 0.0010892693788335933
-0.20302650165542488 1.000241413373371 0.0010816882679106072
-0.20234811884998702 1.001715652135474 0.0010833100827954967
-0.20173707820140407 0.9989591699541337 0.001087657454791702
-0.20163762187696463 0.9993199961660373 0.001082146937231855
-0.20095923336808685 0.9995214171913522 0.0010825562038031754
-0.2003481834044578 1.002202906969223 0.0010885271972913538
-0.20024874209804897 0.9996027751378246 0.0010822085396848143
-0.1995703478848204 0.999517133221425 0.0010829210478411654
-0.19895928849200573 1.0009521762162692 0.0010880164061491196
-0.19885986232049685 0.9979641776326691 0.0010813314435119048
-0.19818146240200937 1.0008961298414811 0.0010827627033420007
-0.19757039369596896 0.9988601279665973 0.001087985130053074
-0.19747098254158388 1.0000439889043056 0.0010817892500237529
-0.1967925769196538 0.9998663107338898 0.0010829349753267643
-0.19618149878351687 1.0011269085773284 0.001088325233212189
-0.19608210276266821 1.0010773142556797 0.001082283186259135
-0.19540369143684277 0.9979050043854011 0.0010823119267805437
-0.1947926039874801 1.0016196716659402 0.0010891748461660676
-0.1946932229851188 1.0008518423213695 0.0010823198817828117
-0.19401480595403175 0.9989762312154157 0.0010824738688439228
-0.19340370919235284 0.9987463103673855 0.0010875995519307052
-0.19330434320620313 0.9988883150955259 0.0010816266206260079
-0.19262592047122074 0.9970795183192172 0.0010823526205036057
-0.192014814279446 1.0012314636579909 0.0010886967972570005
-0.19191546342728746 0.999162741539559 0.0010813533346558483
-0.19123703498840972 1.0021771064347789 0.0010840056090413845
-0.1906259194829545 0.9989940725817799 0.0010876335437505992
-0.19052658364973535 0.9993017459034568 0.001081825403991999
-0.18984814973842934 1.0003416272778478 0.0010831142425240287
-0.18923702468782722 0.9986678414811246 0.0010873011157185287
-0.1891377039872377 0.9984016226358415 0.0010818356120109861
-0.18845926425561832 1.0001211818916362 0.0010821977610647588
-0.18784812977492038 0.9984419684828598 0.0010875104953921996
-0.1877488242078666 1.0000749789605938 0.0010818173869310717
-0.1870703787728073 1.000036462707468 0.0010822785648671566
-0.18645923497842887 1.0004015281559473 0.0010881040179926943
-0.18635994442895093 1.0000446984428493 0.0010820604865064937
-0.18568149328908543 1.0001727837475556 0.0010823841668555372
-0.18507034006688627 1.000750686967112 0.0010884675261931085
-0.18497106465049337 1.0007372129607401 0.0010826243959710866
-0.1842926078062744 1.0008721642447693 0.0010831826359847532
-0.18368144526994 1.0005072367081984 0.0010881359309570236
-0.18358218487203043 0.998413581931759 0.0010813545491297942
-0.18290372232300797 0.9991457045107612 0.0010826589993651473
-0.18229255047299375 0.9999252394216465 0.0010880296411012317
-0.18219330509448103 1.001858247569207 0.0010819168810397367
-0.18151483683974423 1.0022281760475962 0.0010833091906258948
-0.18090365556054167 1.0008833365595755 0.0010891994084664624
-0.18080442543198066 1.0014159084465017 0.001082361534128161
-0.180125951590672 0.9989990097346303 0.0010822406601054138
-0.1795147607645049 1.0001690707884965 0.0010878128770894118
-0.1794155456530677 1.0010902662511705 0.0010819762000943674
-0.17873706610786097 1.00036573729194 0.001082205462420225
-0.17812586596846813 1.0010478034698416 0.001087948276760928
-0.1780266658755156 0.9997702230802573 0.001081951330770967
-0.17734818062504995 1.0013409578362193 0.00108354039318178
-0.17673697105601605 1.0007869928520827 0.0010880056435408848
-0.17663778609705535 0.999779153443782 0.0010817514920029234
-0.17595929514178352 0.9980688945856111 0.0010828268209474316
-0.17534807625997928 1.0012006649800125 0.001088179603243119
-0.17524890643501043 0.9997552625698324 0.001081177257914339
-0.17457040989135042 1.0001067908237125 0.0010826666064230152
-0.1739591813475272 1.0018544509654894 0.0010882491303851854
-0.17386002665655018 0.9998840409615471 0.001081419240756706
-0.17318152440944753 0.9991808786749317 0.0010822958730811285
-0.17257028655239992 0.9987494300687161 0.00108731702079659
-0.17247114687808993 0.9993702637193483 0.0010820482524103144
-0.1717926389261811 1.002872423058096 0.0010832279068653176
-0.1711813917559084 0.9974553527168013 0.0010873654756889098
-0.17108226709962968 1.0003098622233377 0.0010820849954536658
-0.17040375344291736 0.9988541795539435 0.0010826239036428591
-0.16979249684300157 1.001765793471918 0.0010882741689478856
-0.1696933874366739 1.000813391535222 0.0010821205587332448
-0.16901486819384512 1.0004131127665552 0.0010832717126903213
-0.1684036020478743 0.9975017147987806 0.0010876317138359295
-0.16830450765821633 1.0000570864347018 0.0010821417250814435
-0.16762598271012596 1.0005064393120864 0.0010827112987367383
-0.1670147072513828 0.9989924966367368 0.001087518149361673
-0.16691562787930067 1.0004359523126805 0.0010820299455619744
-0.1662370972264041 1.0008832856749204 0.0010834084610225018
-0.16562581233847595 1.0018270427002147 0.0010887737521140365
-0.16552674821680033 0.9987939139850918 0.0010809275662146585
-0.16484821197642371 1.0014251056731887 0.0010838821765920702
-0.1642369175424392 1.001207440869262 0.00108741414191866
-0.1641378684392482 1.0003730199997116 0.0010825793107332275
-0.1634593264936127 0.9987442565768906 0.0010821346191573098
-0.16284802274549293 1.0000919954261043 0.0010878309851073535
-0.16274898866079066 0.9989869484929361 0.0010813692230039144
-0.16207044124363232 0.9986121385937744 0.001082861399595864
-0.16145912783304084 0.9973207306276596 0.0010873796468075121
-0.16136010899874303 0.9990734711350119 0.0010811964908203388
-0.1606815557608213 1.00035147947951 0.0010837088412046939
-0.16007023303700407 1.000273842823282 0.0010877628789373848
-0.15997122922028548 1.0016915734994287 0.0010823513668254121
-0.15929267027801028 0.9999324215768489 0.0010829684173595143
-0.1586813382409673 0.9978202760061571 0.0010878594166786359
-0.15858234944182253 0.9989951743580747 0.0010810993949564819
-0.1579037850280299 1.0007173795230875 0.0010834231901393032
-0.15729244332851522 0.9986743556503339 0.0010877621693632584
-0.1571934697797803 0.9997381721004199 0.0010820453480529396
-0.15651489954612974 1.0004442050136646 0.001082951079419971
-0.1559035485329332 0.9983733138327351 0.0010875926052348135
-0.15580459000131736 0.9990207966745343 0.0010815292313018524
-0.15512601429569392 0.9989914523741332 0.001082030253218217
-0.15451465373689643 1.0008779486778332 0.0010879670860245417
-0.15441571033927512 0.9978896431628276 0.0010814042080423568
-0.1537371288124275 0.9968718047183289 0.0010810386013341475
-0.1531257588239896 0.9978473604199197 0.0010871326848917006
-0.15302683056081218 1.0006098209173937 0.001082586777176895
-0.15234824356335797 1.0007353711496854 0.001083330567559632
-0.15173686402886233 1.000054853703087 0.0010876817159341363
-0.1516379507818992 1.0021827022485468 0.001082467067481729
-0.1509593580800915 1.0015706147959351 0.0010835948194025395
-0.15034796923237082 1.0002652070263405 0.0010878169952121426
-0.15024907111894342 0.9996792380177851 0.0010817493295907725
-0.14957047282965572 1.0003720931562987 0.0010829245292625286
-0.14895907431946398 0.9990466692062586 0.0010875018205866505
-0.14886019134002776 0.999917053363647 0.001081273573797539
-0.14818158757967534 1.0000407608598492 0.0010822594432155933
-0.1475701795243367 1.0008402277081483 0.0010879592504095007
-0.14747131167889369 1.0007095772187815 0.0010818538240390317
-0.14679270209595618 0.999523266728928 0.0010827172421746022
-0.14618128472739045 1.0006099013419438 0.0010880478729921746
-0.146082431899978 1.001395800490151 0.001082254768240152
-0.1454038168459758 1.0011542853424353 0.0010835415096681676
-0.1447923899304442 1.0017449852988596 0.0010881129591781005
-0.14469355223748034 0.9999785480689508 0.001081933938398456
-0.1440149313631648 1.0004497937134476 0.0010828283504909057
-0.1434034950179921 1.001029251442872 0.0010882532114022362
-0.14330467245992826 1.0006396277454712 0.001081823463345588
-0.1426260461131844 0.999204641504091 0.0010823615543922238
-0.14201460022195533 1.0002452994653914 0.0010878420966825722
-0.14191579279879146 0.9995419376982831 0.0010818143964640356
-0.14123716086320404 0.9989756993627276 0.0010828231370856184
-0.14062570542591857 1.0000278452510014 0.0010875460374568115
-0.1405269130198785 0.9993963582226021 0.0010813194690830533
-0.13984827538084574 1.0005498976063008 0.001083705997204568
-0.13923681051346648 0.9981403822948988 0.001087404035202871
-0.13913803335737815 0.9996496117364336 0.001081890918718325
-0.13845939013086536 1.000239908298539 0.001082494089107341
-0.13784791571742971 0.9995008680697892 0.0010876052840577046
-0.13774915357982873 0.9996420417362532 0.0010821513097983074
-0.13707050488043226 0.9976970509118182 0.0010824004939270718
-0.13645902092139295 1.0023971074910891 0.0010878663292677154
-0.13636027391732838 1.000490072749345 0.0010814282647819444
-0.13568161939852938 0.9997701059836442 0.001082932894924312
-0.13507012612581093 1.0004918020275027 0.0010888592543376724
-0.13497139413841272 1.0002195330810253 0.0010810453478979588
-0.1342927341480936 1.001109537181175 0.0010835875693728887
-0.13368123121335884 0.9984417062237599 0.001087221893581844
-0.13358251447727593 1.0015199377865973 0.0010826932380914073
-0.1329038488976605 0.9982602689182348 0.0010833739797939494
-0.13229233641686733 0.999986762737392 0.0010876404321885744
-0.13219363481432286 1.0000196653036824 0.0010822042646341443
-0.1315149634157576 1.0008368468107938 0.0010830900481341844
-0.13090344162174006 1.0014587283161442 0.0010884815428443008
-0.13080475503495445 1.0004436050670615 0.0010820030404958866
-0.1301260781648691 1.0001418170095797 0.001083232502544364
-0.12951454670883322 0.9997849225906172 0.0010869720727618743
-0.12941587537290683 0.9987145238130426 0.0010814355771788676
-0.12873719291397787 0.998355831581095 0.001082339938442151
-0.1281256519123417 0.9992926328814742 0.0010875738468717445
-0.12802699559444927 1.0006682795003028 0.0010820444238484961
-0.1273483076639975 0.9997475942502495 0.001082794565025227
-0.12673675711630494 1.0006845918300844 0.0010878168596256408
-0.12663811593240165 1.001648128007628 0.0010821666747366696
-0.1259594224140171 0.9998207674727284 0.0010827853678419903
-0.12534786231935868 1.0010248940491626 0.0010883883482193807
-0.12524923627081214 1.0002402847946923 0.0010819484053435835
-0.1245705369312061 0.9998746338521967 0.0010831833335791202
-0.1239589674069066 1.00085841454959 0.0010877135133641597
-0.1238603564923519 0.999062510429132 0.0010815757111029135
-0.12318165168122572 1.000475361406946 0.0010827229740609855
-0.12257007261086983 1.0003342796241304 0.0010880861906782614
-0.12247147682985424 1.0013602114549542 0.0010819974741569358
-0.12179276643124534 0.9985027294546703 0.0010819928322246656
-0.12118117781483306 1.001962155549455 0.0010884765597514705
-0.12108259705230213 1.0000168061597794 0.001081999898149904
-0.12040388118126497 1.0002354707908374 0.001082375306053935
-0.1197922830187963 0.9985411090207059 0.0010870843409570613
-0.1196937173898018 1.001653339588633 0.001082838127076508
-0.11901499593174002 0.9992065466780778 0.0010828578122873667
-0.11840338810634421 1.0003545571717476 0.0010875631569869557
-0.11830483772730144 1.000018952065221 0.0010812629524403288
-0.11762611068175964 1.0013695347454648 0.0010827395561580743
-0.11701449331030744 0.9996741235234635 0.0010881232035425666
-0.11691595794975203 0.9976162425206979 0.0010811095131453821
-0.11623722543132384 1.0002897995676123 0.0010822634328936452
-0.11562559851427068 1.0015429243338576 0.0010881541414056908
-0.11552707828725169 0.9992162114482834 0.0010818985440893725
-0.1148483401822543 1.0033823036211098 0.0010838082802643342
-0.1142367037191434 1.0002045313167858 0.001087474409547009
-0.11413819862429861 0.9999822392195937 0.0010823804371679017
-0.11345945493181851 0.9992898692058118 0.001082292198974311
-0.11284780880623657 1.0018236142481625 0.001087755215505742
-0.11274931896179825 1.0000230058817576 0.001081619379621366
-0.11207056968138271 1.0002249700556276 0.001083292226040868
-0.11145891400974506 0.9980677333290717 0.0010871204721891704
-0.111360439183338 0.9997490178557912 0.001081611635968191
-0.11068168443140233 1.0008902161303206 0.0010828868531098106
-0.11007001921461779 0.9984146586530979 0.0010875386956548314
-0.10997155952129307 0.9991224737668948 0.0010812179234748012
-0.10929279918051381 0.9984807201413936 0.0010826530872477483
-0.10868112441767153 0.9992486511499216 0.0010874799780066476
-0.10858267985924815 1.0004624022506199 0.0010819149071902418
-0.10790391393053343 1.0006159007485893 0.001082970940996315
-0.10729222950430994 1.0005022126096987 0.001087945360936243
-0.1071938000807879 1.000894420262368 0.0010815990275250891
-0.10651502868055306 1.000694769544668 0.0010832260428126263
-0.10590333470827318 0.9994216965293801 0.0010874405614737543
-0.10580492041874297 0.9992425979551754 0.0010826592924400404
-0.10512614343057268 1.0003094304192621 0.0010831440009430658
-0.10451443991223641 0.9996676743177305 0.0010871660154472705
-0.10441604075715347 0.998457276170335 0.0010812944074398486
-0.1037372581805923 1.0022546244643733 0.0010833530432143108
-0.10312554511619965 0.9985594807953035 0.0010870985345443744
-0.10302716109556395 1.0006991308401103 0.0010822925045800551
-0.10234837293061193 0.9996679418399 0.001082014534276218
-0.10173665032016288 1.001085177811614 0.0010876784998758468
-0.10163828143351633 0.9996906939471149 0.0010820590450367853
-0.10095948768063155 0.9991981053339667 0.0010820697998715515
-0.10034775540771079 1.0000418615684445 0.0010872668423938187
-0.10024940165505877 0.9997827250110515 0.00108147012113483
-0.09957060243065118 1.0000228751461417 0.0010830647768589065
-0.09895886061167403 0.9997669580644972 0.0010874540652683793
-0.09886052199301115 1.0005252842209675 0.0010818050669183007
-0.09818171718157895 1.0007137637138301 0.0010820770125328021
-0.09756996581563726 1.0003075230991172 0.0010875114128518775
-0.09747164233096892 0.9997114222999923 0.001081921177498951
-0.09679283193114316 1.000005242037375 0.0010824539586049415
-0.0961810710196005 0.9992318761441578 0.0010873688344360045
-0.09608276266801315 1.0002752894951008 0.0010821514441849058
-0.09540394691354069 0.9996224610085854 0.0010823552438337185
-0.09479217622356373 1.0005248252605 0.0010878052775589763
-0.09469388300596822 1.000178899823908 0.0010825893043434744
-0.09401506166446846 0.9989398570105756 0.0010819743456466522
-0.09340328131202114 1.00120267318282 0.0010874895577860867
-0.09330500334346788 0.9990809260083443 0.0010822575035254712
-0.09262617641357994 1.0003835699194685 0.001082654724111384
-0.09201438651552962 1.0011322533688374 0.0010879495236013489
-0.0919161235645522 1.0020470097315468 0.0010826071785727436
-0.09123729116268872 1.000097148422324 0.0010825565382520483
-0.09062549171858336 0.9993691789563104 0.0010876732879363331
-0.09052724390341811 1.001896341224626 0.0010823781891035043
-0.08984840591270835 0.9980481980403998 0.0010818839726598325
-0.0892365969216371 1.0005867528554322 0.0010880940011753074
-0.08913836424091777 0.9995265453608879 0.0010819877128114693
-0.08845952089555861 0.9982884135873932 0.0010820793187904056
-0.08784770212514559 0.999319883998807 0.0010872803821127398
-0.0877494845784201 1.0019424273863402 0.001082965639644292
-0.08707063564557824 0.9997662484176094 0.0010824497580978803
-0.086458807213603 1.0018886441942376 0.0010881033745289452
-0.08636060491728333 0.9998423959776258 0.00108196228042462
-0.08568175039559786 1.0017750553270701 0.001083697409060396
-0.08506991241711148 0.998120179765504 0.0010868361178805938
-0.0849717252552384 1.0011755306714933 0.0010821377715090623
-0.08429286537844813 1.0010837000997252 0.0010822510622420856
-0.08368101762061997 1.000499123954244 0.0010872008082524014
-0.08358284559319347 0.9977489325219799 0.0010816616121178734
-0.08290398012846775 1.000682674630907 0.0010828368459137416
-0.0822921228254927 0.9981810301084473 0.0010865038993187997
-0.08219396593114854 1.0003708543565122 0.0010826961067287183
-0.08151509487848738 0.9999221080419528 0.0010823739332947566
-0.08090322802900118 0.999923938258755 0.0010872278888214588
-0.08080508626910361 0.9995461200029904 0.0010825896054724058
-0.08012620986133764 0.9988062316174088 0.0010820391131979832
-0.07951433323250967 1.00132211191704 0.0010885630911086957
-0.07941620660705868 1.001628356737235 0.001082451786395537
-0.07873732461135727 0.9995168959119746 0.001082192573943857
-0.07812543832096708 0.9997341514754889 0.001087838930849512
-0.07802732694501376 1.0006778466376842 0.0010828470839274419
-0.07734843936228773 0.9994387244656153 0.0010820433176469892
-0.07673654352493031 1.000377992083724 0.0010876953569066553
-0.07663844728206068 1.0002060127666035 0.00108182058806748
-0.07595955434468259 0.9999208303655699 0.0010825806987628894
-0.07534764872889355 0.9998293403376728 0.0010878720642604936
-0.07524956761910491 1.0014323430413548 0.0010823066964707443
-0.07457066909379137 0.9997973884298772 0.0010826213082975888
-0.07395875393285678 0.9998400829087255 0.0010872799827273821
-0.07386068795797082 1.0012971838510902 0.0010833759712749191
-0.0731817840761889 1.0020546684862135 0.0010836279987179852
-0.07256985913682001 0.9998981717533357 0.0010872286515580516
-0.07247180829547048 1.000096691648248 0.0010822444723568325
-0.07179289882620853 1.0009424343576014 0.0010826800734677388
-0.07118096433987375 1.0002032477256586 0.0010868014886629977
-0.07108292863297012 0.9991724972628935 0.0010809384647054562
-0.0704040138090588 0.9995843182956164 0.0010822959296519126
-0.06979206942742167 1.0014134435958575 0.0010878420139416973
-0.06969404897183334 0.9984860302185963 0.0010813364361132727
-0.06901512855907842 0.9994135830758808 0.0010822841870676094
-0.06840317463093015 0.9992444186082904 0.0010868452249718546
-0.06830516930979111 0.9995974754588548 0.001082076802515682
-0.06762624354192869 0.9986395122887816 0.0010821426109392312
-0.06701427983443864 1.0013410638428337 0.0010874239654360617
-0.06691628964774349 0.9999042616328819 0.0010814662016653057
-0.06623735829194831 0.9992941733651288 0.0010824939599612577
-0.06562538503931137 0.9990259575522523 0.001086865668117623
-0.06552740998570125 1.0008397283503425 0.0010826068177941489
-0.06484847327479858 0.999451642850519 0.0010827977254305313
-0.06423649024281985 1.001194028959353 0.0010870461008777156
-0.06413853032456447 0.9992711941199823 0.0010814652241824096
-0.0634595880248182 1.0007239281465055 0.0010827001247695476
-0.06284759544632834 0.9975787214207871 0.001086465795670568
-0.06274965066206413 1.0011951818957567 0.0010821842717785859
-0.062070703007668475 1.0020626828226842 0.001083508211493859
-0.06145870065120107 0.9992664147977921 0.0010869789628438393
-0.061360770999563774 1.0005393026419 0.0010827165754233976
-0.06068181775814083 0.9989479616295057 0.0010822971463008084
-0.06006980585470956 0.99920882384388 0.0010868051149298126
-0.059971891338429686 0.9986444441248744 0.0010815309901729465
-0.059292932740991094 0.9988884965055832 0.0010819370909058708
-0.05868091094180272 0.9994127645640832 0.0010868108526783998
-0.05858301167547392 0.9985146687026242 0.0010820656203482187
-0.05790404749055799 0.9990006367256843 0.0010819930571957892
-0.05729201614667545 1.0004647413224816 0.0010867532350803078
-0.05719413201252084 1.000332109087979 0.0010816028899971475
-0.056515162474316406 1.000442311532595 0.001082804745484858
-0.055903121350638685 1.001688383090974 0.001088002318033046
-0.055805252466891234 1.0001889755316338 0.0010819467062844605
-0.055126277456258525 0.9994565014699038 0.0010827778784243244
-0.05451422655460192 1.00104410449599 0.0010872904175784103
-0.054416372804846305 1.0008004507065034 0.0010822743374839221
-0.05373739220536731 1.0005917721971376 0.0010825940740691181
-0.053125331758110406 1.0002870126753451 0.0010869103183579747
-0.05302749314280138 0.9991464988684851 0.0010821443314983118
-0.052348507188217576 1.0010872024033473 0.0010838681916083776
-0.051736436961164145 1.0008312450212504 0.0010870158627278124
-0.05163861348075645 0.9991109597816449 0.001082546698087402
-0.050959622171067843 0.997357707030098 0.0010819175963327414
-0.05034754216467263 0.9992344189708486 0.0010866518375860195
-0.05024973381871152 1.0001857995940273 0.0010818537056980306
-0.04957073715391811 0.998531870359155 0.00108170168612162
-0.04895864736954536 0.9972428655649967 0.001085989675898081
-0.04886085415666659 0.9978435591742705 0.0010813850515859853
-0.048181851903937735 0.9995820772602996 0.001082157030859223
-0.04756975257305385 0.9982440270249165 0.0010863569073535323
-0.047471974611036985 0.9992639211873543 0.0010819680917172503
-0.046792966886788 0.9979497183715569 0.0010821412171809995
-0.04618085766014701 0.9988948727880259 0.0010868226619374162
-0.04608309494899206 0.9992426871807091 0.0010822194627372965
-0.04540408186963827 0.9976964370347102 0.0010811087541515727
-0.04479196286501974 0.9979404311433715 0.0010870499053396415
-0.04469421528694713 1.001048189728808 0.0010820453397392842
-0.04401519685248854 0.998254706351401 0.0010819610308134358
-0.04340306806852823 0.9986683126664593 0.0010873959359639996
-0.04330533562581304 0.997783980900768 0.0010810315306710486
-0.04262631160250816 0.9992127614736124 0.0010821368202046948
-0.042014173272036714 1.0002208311913556 0.0010871826129852046
-0.041916456079728014 0.9984129059173639 0.0010816107203063616
-0.04123742658535843 0.9948234210164365 0.0010808239980198873
-0.04062527847690944 0.9974038311767593 0.0010858172827827091
-0.040527576417227665 0.999701808953467 0.0010817476553750915
-0.03984854156911954 0.9965683054256088 0.0010809930415619756
-0.03923638368041793 0.9997130073707243 0.0010864938225228953
-0.039138696755182736 0.9984517445802549 0.0010814845992162046
-0.038459656551514385 1.0000374671764434 0.0010823069237280963
-0.03784748888392642 0.9982763758370549 0.0010860400175066896
-0.03774981709222697 0.9995509213272779 0.0010820102299575918
-0.03707077153345381 0.9981393010851124 0.0010814625834420304
-0.036458594088799146 0.9981793766580265 0.001086360542134095
-0.03636093754660005 0.9977253503430484 0.0010818485685096634
-0.03568188651585135 0.9990140191321409 0.0010824587537123613
-0.035069699291852885 0.9982248249706706 0.0010859325932060775
-0.03497205788455243 0.9994691150102408 0.00108191379151881
-0.03429300149870162 0.998020616331732 0.0010816587392465298
-0.033680804494906624 0.9989319435183002 0.0010870109032770207
-0.033583178223418345 0.9991409921449808 0.0010819239522799255
-0.03290411624872124 0.9968260752697291 0.0010816006980504656
-0.03229190969977935 0.9983740350823743 0.0010867692858526044
-0.032194298560917996 0.9961542342270003 0.0010805799280758422
-0.03151523123157151 0.9983937975177667 0.0010815697625535968
-0.03090301490328784 0.9972985776315499 0.0010858687582013318
-0.030805419014835664 0.9978266399551236 0.0010815374262073598
-0.030126346214421777 0.999325687974924 0.0010833491902228025
-0.029514120106796327 0.997265083312229 0.0010861720438082093
-0.029416539353698885 0.9993038379587001 0.0010809661312247744
-0.028737461197272045 0.999086228232378 0.0010825701199805343
-0.028125225195253734 0.9986763146622452 0.0010867139463341157
-0.028027659691198532 0.9998011894882933 0.0010822506072584173
-0.027348576180122312 0.9984619995313595 0.0010822832527496169
-0.02673633039876222 0.9993494370538295 0.0010866148738156505
-0.026638780145568926 0.9978021782839283 0.0010808578312596396
-0.02595969116297258 0.9970692475074442 0.0010813115424130242
-0.025347435602270707 0.997816900963287 0.0010864695689628595
-0.02524990048397942 0.9975394529644718 0.0010806307604478106
-0.024570806145822847 0.9986647694767516 0.0010816985864551291
-0.023958540807143436 0.9971429730513822 0.0010860787773096122
-0.023861020938349815 0.9988027222059932 0.0010812463530960063
-0.023181921128673115 0.9990530916627076 0.0010820340942987005
-0.022569646010651923 1.000211703661104 0.001086926834691431
-0.022472141276304886 0.9967546920180591 0.0010806402670691722
-0.021793036111523383 0.9980206932774 0.0010812252533796717
-0.02118075121416041 0.9989297795315413 0.0010869305920380467
-0.021083261613804534 0.9987863662231689 0.0010811431743675888
-0.02040415109437365 0.999170923704114 0.0010823616978287106
-0.019791856419033138 0.9974555722679391 0.0010864842534051688
-0.019694382067266782 0.9994005802340344 0.0010810378651555596
-0.01901526631005456 0.9971456436634538 0.0010816754717362681
-0.018402961622541625 0.9990973469105423 0.0010869919084428694
-0.018305502404766433 0.9980828972608364 0.0010808087033649955
-0.017626381291993985 0.9983809245896015 0.0010822422416111495
-0.01701406682650486 0.9994824116932515 0.0010870398015771848
-0.016916622860047668 0.9983212812761014 0.0010813343017536546
-0.016237496274844252 1.0006824019038083 0.0010822336409020547
-0.015625172030468093 0.997814196781196 0.001086225123605778
-0.015527743197547319 0.9985315328229777 0.0010818635039059107
-0.01484861125769452 0.9966454027892607 0.0010811503853489295
-0.014236277233521832 0.9983701452915439 0.0010861557500131932
-0.014138863535046968 0.9998956571438566 0.001081948394415403
-0.013459726240544787 0.9964316239756297 0.0010818389500451124
-0.012847382437030319 0.997755137565742 0.0010854680118309993
-0.01274998399032551 0.9990222958469913 0.0010818520468756886
-0.012070841223395055 0.9978645189508748 0.0010813164069998396
-0.011458487641903048 0.9985325260904936 0.001086076511131636
-0.011361104327827855 0.9978482141583074 0.0010807079741217492
-0.010681956206245322 0.9977166721107803 0.0010807790921674495
-0.010069592845411535 1.0002622785442497 0.001086993606163675
-0.009972224781742827 0.999179663978027 0.0010814019927679218
-0.009293071421926234 0.9979887862819533 0.0010821252609995726
-0.008680698048920021 0.9982939375936043 0.0010856132141467418
-0.008583345120608741 0.9984582895329767 0.0010808303876529252
-0.007904186404776501 0.9973622536912493 0.0010809691943307117
-0.00729180325379275 0.9990316696262106 0.001086055531970207
-0.0071944655749764394 0.9972296357457304 0.0010808253040747872
-0.0065153013876267695 0.9963220185129635 0.0010814724414796321
-0.005902908457301237 0.9982555659973 0.001085939462758305
-0.005805585912934206 0.9996288569751661 0.001081535143111779
-0.005126416370477037 0.9976462623318136 0.0010817754857696195
-0.004514013660809724 0.9989434496878754 0.0010857817045810305
-0.0044167063673019044 0.9991802015834048 0.0010812906247774192
-0.0037375315861579482 0.9973832283957328 0.001082334450548942
-0.0031251188656824525 0.9992240461960671 0.0010866034158584315
-0.0030278267043488288 0.9981838653151291 0.001081105820781089
-0.0023486465694636366 0.997741583227037 0.0010826300470296328
-0.0017362240691909392 0.9972292592568688 0.0010855468908229384
-0.001638947157811075 0.9967930755195731 0.001080817773933744
-0.0009597615523139043 0.9972639564508197 0.0010808459379388518
-0.00034732927269942593 0.9975185038477207 0.0010853943750205723
-0.0002500674966742938 0.9975132797642737 0.0010811831818461845
0.0004291232329160266 0.9979712698559509 0.001082011897407258
0.0010415655224278453 0.9970048116942702 0.00108617369341178
0.0011388120489553128 0.9990003452759592 0.001081197651412418
0.0018180082505184854 0.9980536228042682 0.0010816758364893008
0.002430460319374106 0.9971965133563052 0.001086207962281027
0.0025276915945849194 0.9969767942725599 0.0010807963548677343
0.0032068932676682176 0.9994735003259596 0.0010818298621171325
0.0038193551163203665 0.9974927317042277 0.0010858422269456596
0.003916571256629848 0.9971453821517086 0.0010810161474000444
0.004595778051987307 0.9968503110947734 0.0010810975941718155
0.005208249911447638 0.9985553894132232 0.001085843075529826
0.005305450802259455 1.0001594099680144 0.0010818991555681327
0.005984663069137039 0.997523730689298 0.00108200541575789
0.006597144707939151 0.9999438753792282 0.0010863766779838737
0.006694330464304383 0.9991899178479117 0.0010813161697999102
0.007373547853456128 0.9961731531420744 0.0010804493279211107
0.007986039504430664 0.9994251157290377 0.0010860328372564176
0.00808321000993399 0.9983830057873813 0.001081606375266617
0.00876243287060586 0.9995263057558685 0.0010815924747709542
0.009374934299557935 0.9989150037327789 0.0010867090858982542
0.009472089555563596 0.9988936500937148 0.001081288423451837
0.010151317887755593 0.997893242160588 0.0010817767437787224
0.010763829096049449 0.9965641425424578 0.0010849180292571419
0.010860969217608525 0.9991056689365108 0.0010815705953404282
0.011540202672074682 0.9987437225274897 0.001082866141254605
0.012152723892540962 0.9996994038991049 0.0010863791354896
0.012249848763238131 0.99940302277173 0.0010817373036394794
0.012929087689224414 0.9975558670595412 0.001081864819280174
0.013541618687668233 0.9987319412879124 0.0010861639726113999
0.013638728307956895 0.9988086908167408 0.0010810219943476762
0.014317972473543503 0.9981555441362642 0.001082693295162446
0.014930513484159746 0.9997169513400374 0.001086197076280766
0.015027607970457244 0.9985396187994507 0.0010817484286534068
0.015706857490693234 0.9972316569533843 0.001081560297609671
0.016319408164235938 0.9974552442534556 0.0010853662598764792
0.016416487516997695 0.9988169482591376 0.0010814189606632863
0.017095742275012323 0.9978913074779929 0.0010817090858817528
0.017708302960272704 0.997618321749641 0.0010852436761363776
0.017805367063080026 0.9977659158859088 0.00108130702873756
0.018484627292162055 0.999974036997326 0.0010821910267712184
0.01909719775630947 0.9995424105572037 0.0010865455815778269
0.01919424672512765 0.9971756541655651 0.0010813133496326375
0.019873512077391988 0.999264798675492 0.0010826708719672078
0.020486092552800983 0.9984381909084163 0.0010858414637498282
0.02058312627075456 0.9982777878007586 0.0010813359649399228
0.021262396861711077 0.9968479790298127 0.0010808700671679971
0.021874987349747244 0.9980304604795176 0.0010851562135738059
0.021972005816386864 0.9968601089935931 0.001080801195332676
0.02265128187886081 0.9982221993081074 0.001081349680412484
0.02326388214578401 0.999440430000838 0.0010867643614604437
0.023360885478429096 0.9969829211744465 0.001080347902136091
0.024040166663179898 0.997282718577132 0.0010813674873489032
0.024652776941366028 0.9993677633283529 0.0010861556169018947
0.0247497650240614 0.9986180173472281 0.001081290564611821
0.025429051447498987 0.9993186765291309 0.0010820752078109605
0.026041671737402794 0.997733236553476 0.0010862060702460997
0.02613864456968831 0.9972999907954793 0.0010812706983707183
0.02681793646464872 0.9982713983694084 0.0010814564933151222
0.02743056653343956 0.997522614462933 0.0010859786863387953
0.027527524115320612 0.9979020210205861 0.001081379672107472
0.028206821248967808 0.9974764685648043 0.0010824293106951404
0.028819461329476326 0.9984506668168522 0.001085836424392689
0.028916403777362844 0.9987866197002577 0.001081063021530081
0.029595706033286897 0.9970975488248556 0.001081180594459532
0.03020835612551309 1.0003124138472694 0.0010860864633544032
0.030305283322995147 0.9997474251907188 0.0010813003683223538
0.03098459105043663 0.9963455650012552 0.0010814695491116564
0.03159725092154986 0.9983873761380433 0.0010864117238115019
0.03169416286862206 0.9968854646869374 0.0010812386038361057
0.032373475834755715 0.997778609986899 0.0010818243410131664
0.032986145717586624 0.9992851331040346 0.0010855053593065767
0.03308304241425436 0.9980797389746376 0.0010808591106003997
0.033762360619074804 0.9970410405074221 0.0010811246728718417
0.03437504051362339 0.9985035391151421 0.0010859003691082846
0.034471921959881274 0.9991693055053369 0.0010814928584650465
0.03515124540339389 0.9974517277183446 0.0010817235070969522
0.035763935193244833 0.9983469924825127 0.0010863414884052628
0.035860801621928895 0.9978522712929604 0.001081394782351556
0.03654013042145177 0.9979866484550339 0.001081903814171792
0.0371528299892816 0.9991218093110676 0.0010864505109889064
0.03724968116801123 0.9978991584112972 0.0010812033681182245
0.03792901520622628 1.000433986068553 0.0010823194385402258
0.038541724785318365 0.9985405992576033 0.0010863225727356254
0.03863856071409626 1.000106517178836 0.0010816873219233218
0.03931789999008995 0.9978817339417633 0.001081873703745897
0.039930619582264626 0.9982721499996077 0.0010853513612209655
0.04002744025881502 1.000398417377995 0.0010811520000265967
0.04070678477440904 0.9967811758721201 0.0010812721007298308
0.04131951437830139 0.9989502605897915 0.001085927200770211
0.04141631980490005 0.9988522289647276 0.001081127712901259
0.04209566955872813 0.9979206483657652 0.0010818086973641801
0.04270840917433816 0.9977493848913352 0.001085867848805138
0.042805199350985076 0.9971331927707134 0.0010807946679845545
0.04348455434304722 1.002225341644425 0.0010839281799655046
0.044097303970374924 1.000614636958448 0.001086041612564316
0.044194078895706534 0.9994968111471341 0.0010815367461816036
0.04487343936019695 0.9988509956679522 0.0010813494823995033
0.04548619876641169 0.9979271935058674 0.0010862505406568366
0.04558295855820419 0.998785154929514 0.0010815672724762875
0.04626232414451604 0.9983947190375457 0.0010813683356667178
0.046875093446033134 0.997871405144051 0.0010853361642113833
0.04697183810428922 0.9981783766677674 0.00108154950115518
0.04765120892883513 1.002046477353307 0.0010832716848029472
0.0482639882420699 0.9977033573053534 0.0010855902718894504
0.048360717649007984 0.9994886594436335 0.0010825221120132943
0.049040093713154216 0.9975281479666496 0.0010812360991855087
0.049652883038106665 0.999158929266956 0.001085575867362556
0.04974959719509301 1.0006742178334846 0.001082510155471806
0.050428978497473305 0.9980491818207219 0.0010821160642019811
0.05104177783414343 0.9984572454872301 0.0010858615284205814
0.05113847674072262 0.9990769525471221 0.001081737671609214
0.051817863281792394 1.000492839264317 0.0010821843514455247
0.0524306726301802 0.999309603086662 0.001086240456186404
0.052527356286352224 0.9998683470447921 0.0010810046464987588
0.05320674806611148 0.9986084887077415 0.0010818765796389764
0.05381956742621696 0.9997779043546232 0.0010865885256942684
0.05391623583289267 0.9995609910644652 0.0010821454064261502
0.05459563285043057 0.9983551221415577 0.001082498659976995
0.05520846222225373 0.9999845453298738 0.001086440214017787
0.055305115378975006 1.0011342442860949 0.001082246569266148
0.05598451763520508 0.9983215145495982 0.001081780401172117
0.056597357018290495 0.9984215849704995 0.0010861840808054492
0.056693994923693765 0.998373623180263 0.0010807976097712657
0.05737340242043501 1.0006170991511254 0.0010825429916350667
0.057986251698366686 1.000618286009143 0.0010870200249723586
0.05808287446977879 0.9988240075139151 0.0010812942198662524
0.0587622872047541 1.0015230235899593 0.0010831240068599791
0.05937514649531295 0.9989676957053908 0.001086179837801582
0.059471754015863826 0.9974897960377609 0.001081179976078788
0.06015117198861777 0.9999450384227571 0.0010824247107900954
0.06076404129180446 0.9982746687020775 0.001085556229167411
0.060860633560585284 0.9992735982105432 0.0010821186845082623
0.06154005654010621 1.0000023082746583 0.0010826286227083929
0.06215293608693173 0.9998385297213573 0.0010864542299905092
0.06224951310667031 1.0005511061151764 0.0010815679214464995
0.06292894132442531 1.0026211334321955 0.0010836981669153207
0.0635418308829685 1.0007909624460876 0.0010867920465606146
0.06363839265274995 0.9989191094637508 0.0010813888582792697
0.0643178261087444 0.9995359544379515 0.0010826468984214209
0.06493072567900526 1.0003155335731402 0.0010865664227341627
0.06502727219747141 0.9976532032159174 0.0010808862815874067
0.06570671089306349 0.9976712317488697 0.0010820847461876567
0.06631962035862671 0.9997477624359945 0.0010865247700541673
0.06641615174355643 0.9978632233538406 0.0010807851922098528
0.06709559567738257 0.9992273034391383 0.0010823240174323808
0.06770851515466347 1.0008154847321358 0.0010873679181995404
0.06780503128964147 0.9976208942412775 0.0010815411784020096
0.06848448046170166 0.9984038898694746 0.0010815151609741933
0.06909740995070024 0.9987610879118674 0.0010861806482780983
0.06919391083436292 0.9995729069220599 0.0010815413295743846
0.06987336501319011 0.9983318110348394 0.001082059645952741
0.070486304746737 0.9991516982565003 0.0010860077735960205
0.0705827903795371 1.0015400358056195 0.0010827988614141811
0.0712622497975092 1.0006630836202812 0.0010824583849863268
0.07187519954277377 1.0019366847414852 0.0010863798183846308
0.07197166992562214 0.9999177904051958 0.0010812950444386695
0.07265113458182829 1.0005328763605448 0.001082369061830199
0.07326409422239522 0.9992643919258497 0.0010863564470117082
0.07336054947215989 0.9989480315193174 0.0010812350338283822
0.07404001936705552 1.000996179989176 0.0010832118911945658
0.07465298901843198 0.9982567941005435 0.00108606189855066
0.07474942890137148 1.0000329838245652 0.0010812508961458192
0.07542890391945481 0.9990729386470191 0.0010822842829546079
0.07604188381446875 0.999314548788157 0.0010858322056821483
0.07613830844700378 1.0004254221926507 0.001082442076861298
0.07681778870286306 0.9980469346012414 0.0010813409757622096
0.07743077861141501 0.9990533882607 0.0010867162096389062
0.0775271879926307 1.0006809416547195 0.0010818682987364966
0.07820667348718215 0.9993242131554796 0.0010818592839499691
0.07881967340745177 0.9995535632753186 0.0010857342350165575
0.078916067538263 0.9997363990762184 0.0010807992672632182
0.07959555803867059 0.9994809363816485 0.0010814704527837818
0.08020856808752796 0.99862961322598 0.0010857145913854343
0.08030494708388991 0.999670903900978 0.001081658672777731
0.08098444282298968 1.0013337269250135 0.0010826614046042429
0.08159746288356473 0.9994601080830636 0.0010861890921303994
0.08169382662952221 1.0010494956580456 0.0010817210792717251
0.08237332760730877 1.0016030005258263 0.001083197270682821
0.08298635767914675 0.9988937267414828 0.0010863827533581442
0.08308270617514912 1.000815743609614 0.0010818085038015093
0.08376221215879721 1.0008816731923738 0.001082626058989913
0.08437525247518352 1.0001464012945331 0.0010860170692596385
0.0844715856043661 1.0001202571815184 0.001081545203317512
0.0851510969431163 1.0002924363111803 0.0010825727942997709
0.08576414727122028 1.0005341363491278 0.0010862982874050688
0.08586046514999301 1.0002312333704688 0.0010817517851179493
0.08653998149460475 0.9986615095894041 0.001081488178434152
0.08715304195084173 1.0004153341804405 0.0010864566679091535
0.08724934469562531 1.00143416085042 0.0010828677496897894
0.08792886627892384 0.9996148048183431 0.0010821094165520888
0.08854193674687849 1.0012274536829397 0.0010871374789298643
0.08863822424125223 1.000275401715268 0.0010814221951066306
0.08931775083041228 1.0009246952936826 0.0010824984915198555
0.08993083154291526 1.0000951077638511 0.0010860450285236749
0.09002710367138005 1.0013473661305425 0.0010823572067544418
0.09070663561473137 0.9986003516277839 0.0010825421160317334
0.09131972633895202 0.9993897752564794 0.0010857038003438918
0.09141598321700696 1.000726841493953 0.0010821704761933167
0.09209552016713066 1.0006820332974604 0.0010827160104379856
0.09270862101857347 0.9992589948489522 0.00108606302483313
0.09280486276263926 1.0003446316114348 0.001081536219412504
0.09348440495144975 0.9994546453085417 0.0010824424506348752
0.09409751581461023 0.9992632974710565 0.0010862399165210415
0.09419374230826617 1.0010612638852816 0.0010816270161139693
0.0948732895033936 1.000517981546565 0.0010828637404148402
0.09548641061110175 0.9993365121930341 0.0010863880489437607
0.09558262173748315 1.001211672183872 0.0010815257002161087
0.09626217428816543 0.9991698389261218 0.001082715080947851
0.096875305408048 1.001937114682137 0.0010862437551225938
0.09697150128311006 1.0002166237132903 0.0010815220761964976
0.09765105883874572 0.9994442506322453 0.0010818294362341919
0.0982642000881242 0.9995513538579902 0.0010864201510687418
0.09836038082874236 0.9997380943132149 0.001081447561622905
0.09903994362306481 0.998848290587856 0.0010825150835059299
0.09965309488325147 0.9999209532348369 0.0010862108486394538
0.09974926037436928 1.0007676141653292 0.0010818195127458268
0.10042882817455326 1.0017006338845407 0.0010830954531165563
0.10104198967928824 1.0009914247216174 0.0010862048221715736
0.10113813980358625 1.0002604817386929 0.0010818152225093162
0.1018177127260417 1.0009524030727983 0.0010828343883123967
0.10243088435890968 0.9985596269551847 0.0010856486933601259
0.10252701934921317 0.9984911912475269 0.001081113283570369
0.10320659751036079 0.9996525527072898 0.0010824479129816647
0.10381977915494645 0.9994534061695892 0.0010862871950126844
0.10391589889484547 0.9993868537536276 0.0010811745550385
0.10459548206184924 0.9997306868782928 0.0010820039546505767
0.10520867395098321 0.9986917855758763 0.0010852992429465364
0.10530477832314622 0.9980443583823639 0.0010811494563193564
0.10598436661333768 0.9989409609870801 0.001082273260451593
0.10659756874701998 0.9996503078167529 0.0010860805176609754
0.10669365786923124 1.0017276409443039 0.0010824225690377143
0.10737325139765677 1.0026457777439493 0.00108327271879392
0.10798646342664142 1.0003832549366651 0.0010855877762375977
0.10808253741577438 0.9995762483127688 0.001081338327715982
0.10876213594914522 1.0016860867409736 0.0010835022472421374
0.10937535822267819 1.0017035157665821 0.0010865240504014373
0.10947141684543871 0.9992329854508548 0.001081419042382961
0.11015102050063366 0.998890245103779 0.0010823398057520956
0.11076425301871495 0.9993593331102991 0.0010860573502605828
0.110860296391071 1.001044622393315 0.0010818083588098573
0.11153990505303026 1.000072185695916 0.0010824343654388944
0.1121531476983364 1.0000090016523695 0.0010862385849658813
0.1122491758202826 0.9979939755511339 0.0010813943166995234
0.11292878983826019 0.9972377984150917 0.0010810007187072584
0.11354204249528266 1.0019434635189406 0.0010860273633356346
0.11363805536500406 0.9996858688657435 0.00108164020138922
0.11431767438883779 0.999205882556147 0.0010821800074262756
0.11493093729222892 1.0007015928225664 0.001086155814896874
0.11502693491108908 0.9993574915248824 0.0010821062516214654
0.11570655894078165 1.000988352874258 0.0010826011845910105
0.11631983208735619 1.0010050263238923 0.0010867636076325724
0.11641581434075879 1.0021554569873892 0.001081785100099687
0.1170954434922701 1.0000258496524652 0.001082479906101733
0.11770872676743238 0.9990679407690815 0.0010852799033558604
0.11780469388548025 0.9993550977369847 0.0010812250951711998
0.11848432804330312 0.9999122056641284 0.0010826000141802147
0.1190976215639239 1.0000332047884763 0.0010860566010344513
0.11919357331514994 1.0018928320738685 0.0010819410505870485
0.11987321259479157 0.9984274307725864 0.0010825175634188782
0.12048651635905117 1.000320601973425 0.0010855722660648832
0.1205824528612296 1.0010855590730525 0.0010823864053643112
0.12126209714628002 0.9996738327758034 0.0010827425821079528
0.12187541103867261 0.9992672895609538 0.0010861273007709883
0.12197133228953573 0.9980116813127003 0.0010815430307234207
0.1226509819305991 0.9983074414442404 0.001081841817355563
0.12326430583470938 0.9997478943605238 0.001085589717431248
0.12336021183562075 0.9984509505000148 0.0010804547499869502
0.12403986648208755 0.999908747798213 0.0010828639440243985
0.12465320063074614 0.9986223919696343 0.0010848934759925765
0.12474909126529046 1.0001359806943166 0.001081423160308427
0.12542875103357598 1.0000288292752952 0.0010822658485069236
0.12604209531036759 1.0013956695851811 0.0010855891731492296
0.1261379708100119 1.0001290692415366 0.001081437659884076
0.12681763558506443 0.9997904498751694 0.0010826049501466673
0.12743099010640435 1.002279078398902 0.0010868335367837983
0.12752685024013435 1.0002680318134336 0.0010822569367682085
0.12820652013655287 1.0010894555593268 0.001083633250675087
0.12881988490289586 1.0006944947845529 0.0010857885943941215
0.1289157297866721 0.9991592524479644 0.001081773726276993
0.12959540468895217 0.9981858537334446 0.0010814869704734234
0.13020877958297206 0.9993866397755491 0.0010850084599328947
0.13030460921543097 1.001054143026412 0.001082631126245456
0.13098428924044062 0.9987411187638351 0.0010826604472325401
0.13159767437809933 0.9977676084444348 0.0010854087527164948
0.13169348876106327 1.0007812258846416 0.0010823219643713324
0.13237317379238447 0.999375021742 0.001082715185749054
0.1329865691750456 0.9989487247736419 0.00108547620483831
0.13308236819073296 1.0001086928281087 0.0010820517639835946
0.13376205834432564 1.0005261010952815 0.0010826136638899624
0.13437546385557653 0.9999566018173823 0.0010859981402790812
0.13447124773544905 1.0011597529610587 0.0010819472597916355
0.1351509426620753 1.001498375518853 0.0010833116431057035
0.1357643586516133 0.9986356426741785 0.0010849876968197366
0.13586012716511875 1.000159584408353 0.0010817142366975848
0.13653982721356375 1.0011893456644996 0.0010833791480634085
0.13715325344765006 0.9993954086827468 0.0010852002351807765
0.13724900671120377 1.0021504056368444 0.0010824047327725012
0.1379287117650522 1.0010710509464027 0.0010829336857213062
0.1385421481272715 0.9992264683271687 0.0010857774721329493
0.13863788613950992 1.0001154880430545 0.001081997528277289
0.13931759631654064 1.0022888974059996 0.001082954043023277
0.13993104292285352 1.000084113013076 0.0010851714115606213
0.1400267655687215 0.9994569420539949 0.001081843805192964
0.1407064808680291 1.0004441533725454 0.0010826835318535886
0.14131993760247497 1.001720824829904 0.0010858924625315087
0.1414156451143538 0.9988760399803442 0.0010813606467978431
0.14209536541951753 1.000536014222546 0.0010828025383442582
0.14270883239896648 1.00083152793392 0.0010863806887518037
0.1428045245435654 1.0011069796689025 0.001082682456630782
0.14348424997100598 1.0013418921501394 0.0010832378875483537
0.14409772719409375 1.0005371622251977 0.0010860063903214109
0.14419340397278238 1.000878625701637 0.0010818035188470696
0.14487313428966378 1.0006773250746934 0.0010827011254110565
0.14548662187416994 0.9995964291671192 0.0010850908544426114
0.14558228351932012 1.000598782697659 0.0010821062700959888
0.14626201884115222 1.0003921007485657 0.0010824395128225643
0.14687551667066145 0.9997592889689431 0.0010852265454506598
0.14697116294944257 0.9983601377727408 0.001081043482159958
0.14765090339264067 0.9994665914310779 0.0010824391061829166
0.1482644113493734 1.0004395136938649 0.0010862337394687053
0.1483600423777487 1.0002262129567345 0.0010818475851245434
0.14903978794503725 0.9997083329907914 0.0010819231161206429
0.14965330614586492 0.9980928048299238 0.001085196493031173
0.149748921923381 1.0000396886360947 0.0010818835968952759
0.1504286722646059 0.9993785948534953 0.001082422883783655
0.15104220094281118 1.000083216679961 0.0010850942693423492
0.15113780135259258 0.9993090831078746 0.0010820419114930336
0.1518175568151835 1.0012565205984307 0.0010825853349921328
0.15243109562288737 0.9976180213237731 0.001084925605489871
0.15252668078180956 0.9995018051815121 0.001081287675796921
0.15320644136712738 0.9997259608705484 0.0010822720004496028
0.15381999041892414 1.000006795577176 0.0010856272175413875
0.15391556032743647 1.000609871940003 0.0010818019707179826
0.1545953256862406 1.0021807700240215 0.001083643130517829
0.15520888509854558 1.001406440081623 0.0010853941951590898
0.15530443975665345 0.9982209181740354 0.0010814695925632067
0.1559842102368182 1.0002212596836857 0.001082801282494463
0.15659777989458235 0.9992970811102351 0.001085486622567428
0.15669331918586504 0.9990013446508711 0.0010818116814339494
0.157373094555476 0.9991734581037863 0.001082484194560718
0.1579866746906191 1.0013261930640962 0.0010859503151198766
0.15808219873149734 0.9981121614133873 0.0010808087183263068
0.15876197910696443 0.999750618003855 0.0010822943729344517
0.15937556937024056 1.0003380441140715 0.0010854441108942062
0.15947107816070893 1.0009170128408018 0.0010822698667169986
0.16015086365845288 0.9993355531208986 0.0010823804352698984
0.16076446416582257 0.9989018239034125 0.0010851836691027263
0.1608599575899259 1.0004844885017112 0.0010815184810463092
0.16153974797711068 1.000036937108258 0.001083085983168713
0.16215335884544402 0.9990759463383644 0.001084777273978513
0.1622488370191375 1.0017465406481294 0.0010819406505875834
0.16292863252859913 1.0009945673530734 0.0010838464488005734
0.16354225364193553 1.0002901139109888 0.0010850879685716686
0.16363771644925995 1.0002743641176548 0.0010825047919862318
0.16431751684725693 0.9994521923921766 0.0010826702029524417
0.16493114832064748 1.000532299872832 0.0010857376677430091
0.16502659599489225 0.9987669127875053 0.001081334543825071
0.16570640139874537 0.9993674592738978 0.001082283728504965
0.166320043117139 1.0001715478732416 0.0010855763853563683
0.16641547542456195 0.9999404111819132 0.0010818396477418936
0.16709528571831403 0.9987476973992692 0.001083071771032565
0.1677089379136305 0.9998404985600167 0.0010850567552212582
0.16780435485423165 1.0014050854080987 0.001082332740685827
0.16848417026980247 1.0000810309230685 0.001082518298540085
0.16909783259325195 1.0007198890233673 0.0010849951601723275
0.1691932342825324 1.0014067387840766 0.0010823104247727844
0.1698730545889157 1.000315438165897 0.001083036357235272
0.1704867273901982 0.999677488955591 0.0010847278274774522
0.1705821137117494 0.9988000905726935 0.001081335358804917
0.1712619389080262 1.0015913274678803 0.0010829144561462015
0.17187562206981966 0.998935455119906 0.0010850091960859366
0.1719709932573763 0.9987387168578742 0.0010815447453110204
0.17265082345860652 1.0002388001365594 0.0010835295995539776
0.17326451686585642 0.9988849824999231 0.0010849815690283328
0.17335987268659328 0.999532824668383 0.0010813035892264363
0.17403970777771974 0.9985012112567638 0.00108218242436199
0.17465341154547787 0.998774119765781 0.0010856067489168053
0.1747487521148994 0.9983853842715119 0.001081045835666728
0.17542859232920818 0.9998194723229622 0.0010831083440130647
0.17604230634151463 1.0016391003758844 0.0010850171619024675
0.17613763154456913 0.9998898777380697 0.0010824846002389082
0.17681747664741057 1.0000138226388608 0.0010825608121634456
0.17743120102113608 1.000003337723234 0.0010852204547942938
0.17752651097423344 1.0033913212399637 0.001082591450465856
0.17820636096606837 0.9989104168156145 0.0010822591401837421
0.17882009581717284 0.9992481483529949 0.001084651185163151
0.17891539040253956 1.0002845911076481 0.0010818938620562588
0.17959524551755682 0.9994247698453808 0.0010826687345386417
0.18020899049679429 0.9997554037941258 0.0010845747740554467
0.1803042698322093 1.0009194473543395 0.0010829132870794108
0.18098412983621462 0.9986468646904012 0.0010828935031661532
0.18159788529192156 0.9995559660402827 0.00108470439590193
0.181693149261879 0.9994793071364478 0.001081534603818756
0.18237301415487242 0.9996150057898077 0.0010826570452570168
0.18298677997199775 1.001405522172765 0.0010851739798580363
0.18308202869109058 0.999408355951746 0.0010813059936062637
0.18376189847353022 1.0022102323222526 0.0010840271316503887
0.18437567476848926 0.9998861632164386 0.0010859676671201464
0.18447090812121839 1.000374340345809 0.0010819988855300354
0.18515078302547408 0.9997845469390353 0.0010826931999802422
0.1857645694472012 1.0007009037486312 0.0010855258913308337
0.18585978755042998 1.001093812344801 0.0010818508206452849
0.18653966734504004 1.001506885555349 0.0010833415401320745
0.18715346424369272 1.000124205700374 0.0010848364651144093
0.18724866697964695 1.0012607029545237 0.00108135583065284
0.18792855166415326 1.001619365364648 0.0010832570944579547
0.18854235892422366 0.9993037191161315 0.0010852170550092889
0.18863754652527387 0.9996768532670712 0.0010817486832873015
0.1893174359819002 0.9989243902087334 0.0010824646242161282
0.18993125372071518 0.9996206114651383 0.0010849988163849481
0.19002642595449085 1.0004743210564822 0.001082040138398959
0.19070632030101345 0.9982955048543493 0.001081689935084571
0.19132014840033662 1.000371871009389 0.0010856842606474298
0.1914153053827916 0.999473028836477 0.0010818882330449532
0.19209520462012666 0.999917058434478 0.0010823741399355893
0.1927090431963734 1.0027008655523193 0.0010859152522755627
0.1928041848124613 0.9986142530128393 0.0010813628697534875
0.1934840889378736 0.9998676006994401 0.0010831094284837015
0.19409793787599483 1.0030440767146904 0.0010856044302600821
0.1941930641257157 1.0008472946275802 0.0010822928976496095
0.19487297325698685 1.001240448906888 0.0010837419752986928
0.1954868326720316 0.9993968749780234 0.0010845650916571242
0.19558194355402184 1.0017805500911845 0.001081955776364708
0.1962618578084753 0.9999770007911489 0.0010828216564855446
0.19687572735165304 0.9992959898657822 0.0010851316790376497
0.19697082298369153 1.0013304471227114 0.0010818379765682687
0.19765074212667766 0.9990908179825824 0.0010823461837369329
0.1982646221476898 1.0001987996221378 0.0010847681080399072
0.19835970241336123 0.9997008139933008 0.0010810309682915864
0.19903962644533546 0.9992839927666407 0.0010826353527081899
0.19965351682731125 1.002416093401144 0.0010854470997344954
0.199748581841662 0.9982822724462366 0.0010809878848425962
0.20042851076399326 0.9994251774996109 0.0010825223789074166
0.20104241162334802 0.9995428369304337 0.001084903144905915
0.2011374612717898 0.9996545098795396 0.001081439605430976
0.20181739508265106 0.9995847897670461 0.0010833605266341157
0.20243130630205997 0.9990084812129864 0.0010847955992124819
0.20252634070191225 0.9990323008905454 0.001081874704632788
0.20320627940130886 1.0009287769986523 0.0010832336235865737
0.20382020098213616 0.9977578983073634 0.0010840402870347836
0.20391522013112384 0.9987614921728212 0.0010812630518897538
0.20459516348804688 0.9989923290677846 0.0010830409451381279
0.20520909577862767 0.998666837659789 0.0010847915491684883
0.20530409956034082 0.9994923141002608 0.0010816616652231583
0.20598404780670468 0.9987712602662635 0.0010823705402840712
0.20659799045824911 1.0006913164691846 0.001085036283685289
0.2066929789895524 1.001798324519279 0.0010817751494536978
0.2073729321258179 0.9992426179984474 0.0010828841743853884
0.20798688525519538 1.0023596988186607 0.0010851443938454377
0.20808185841831667 0.9983230574447121 0.0010811559905827726
0.20876181644492842 1.0013947385356854 0.001083624141286251
0.20937577993481682 0.9988604098972277 0.0010845995471453927
0.2094707378470755 1.000938103966993 0.0010817836525805486
0.21015070076267808 1.0006555846913288 0.0010830816981976367
0.21076467473085359 0.9981692251503812 0.0010843685304834324
0.21085961715987178 1.001144884427093 0.00108242054641954
0.2115395850817913 1.00101309696867 0.0010828019212717828
0.21215356941047503 1.0015709952791472 0.0010846872716290768
0.21224849658908876 0.9990148683201958 0.0010810726973016222
0.21292846940090182 1.0009057063192441 0.0010834223224550456
0.2135424642065118 1.0007789256452002 0.0010851517775655349
0.21363737601830035 0.9993995043259165 0.0010816518265245577
0.2143173537186515 0.9978487201720261 0.0010816005724660254
0.21493135888613324 1.0019113959054458 0.0010849764792876487
0.21502625544751733 1.0008517011559754 0.001081853121606289
0.21570623780447865 0.9986127930014507 0.0010821565070327974
0.21632025356575468 0.9995034301580954 0.0010847959251861392
0.21641513487672892 1.0010240097088465 0.0010820128190094716
0.21709512212313645 0.9995772755741426 0.0010825057844207312
0.21770914836179145 0.9995418775855429 0.0010850445864794111
0.2178040143059459 1.0018140826822732 0.0010822883844785166
0.21848400644179425 0.9995528375599767 0.0010827005064390199
0.21909804304095815 0.9996655523178202 0.0010850329088220648
0.21919289361874217 0.99863996470796 0.0010812150187956688
0.21987289076045205 1.0012367978767927 0.0010836082047176946
0.2204869378369949 0.9990758667674848 0.001085478122589399
0.22058177304886462 0.9990924336541712 0.001080985560775545
0.2212617748462792 1.0010550680205474 0.0010827803692225672
0.2218758325170711 0.9994993353275692 0.001084678670056498
0.2219706524780816 0.9981299461601335 0.0010812611476846213
0.22265065916539242 0.9995375491942322 0.0010828764835573179
0.22326472719578305 0.9999456483455106 0.0010845748665508953
0.2233595319077513 1.0001372767182857 0.0010809847994335906
0.2240395434849584 0.9989547581382779 0.0010831149319731883
0.2246536219927293 0.9982879532987368 0.0010843820857260587
0.22474841122100567 1.0018007967500815 0.0010821797587382792
0.22542842757124096 1.0002771379867177 0.0010824205112686498
0.22604251667326025 1.00143517134034 0.0010854447725647946
0.22613729064930643 1.0012963623208162 0.0010820185713599256
0.2268173118889879 0.9992143399520288 0.0010830233125242838
0.2274314113528817 0.9991267557554978 0.001084457691292516
0.2275261700785234 0.9993846791483392 0.0010811545834104445
0.2282061959752705 1.0010639746638204 0.0010830352471691781
0.22882030614891846 0.9991395226045904 0.0010841407975431788
0.228915049507735 1.0002149843623902 0.0010819333454927407
0.22959508029438372 1.001617749348218 0.0010836725946909989
0.2302092008285399 1.0012715840941504 0.001085335282722165
0.23030392882053666 1.0031752489794907 0.0010830000526298354
0.23098396461213067 0.9999445968065361 0.0010825280887488862
0.23159809562457667 1.0027375950378363 0.0010857737777691169
0.23169280824974825 1.0003690694314102 0.001081561028995546
0.23237284869841326 0.9984765903551942 0.0010825498848596124
0.23298699030419812 0.9998889145942743 0.0010855617254191656
0.23308168767896523 1.0011044625147711 0.001082000585278437
0.23376173301752648 1.0004986218497167 0.0010822901958463906
0.23437588498381956 0.9992440368302158 0.0010846399798780304
0.2344705669917615 1.0002690706825328 0.001081214274476763
0.23515061710244278 1.00163397310557 0.0010824793040548244
0.23576477978031107 0.9982460251441005 0.0010845842814463061
0.23585944642097847 0.9973217479713065 0.0010803258163735333
0.23653950142110058 1.0004224906071497 0.0010829753064382397
0.23715367446038726 0.9999351594838314 0.0010845568510531101
0.23724832585019007 0.997445035187371 0.001080902697504798
0.23792838550692774 1.0013733993737433 0.0010833825081752232
