-0.169323234 1.000238814 0.001415458
-0.169119933 0.998614184 0.001424997
-0.167934335 1.001091815 0.001423262
-0.16773105 1.001223926 0.001419798
-0.166545437 1.000042781 0.001418273
-0.166342167 1.001236739 0.001419145
-0.165156538 0.999625761 0.001418779
-0.164953284 0.998685003 0.001421067
-0.163767639 1.000603329 0.001413826
-0.163564401 0.999127272 0.001420305
-0.16237874 0.998913649 0.00141751
-0.162175518 1.002346262 0.00141909
-0.160989842 0.999812201 0.001420373
-0.160786635 0.999967099 0.00142078
-0.159600943 0.999494519 0.001413807
-0.159397752 1.00109373 0.001422803
-0.158212044 0.998713611 0.001417139
-0.158008869 0.999353241 0.001428932
-0.156823146 0.999669454 0.001413995
-0.156619986 1.000037908 0.00141766
-0.155434247 1.000572194 0.001416311
-0.155231103 0.998804541 0.001419888
-0.154045348 1.000525717 0.001416629
-0.15384222 1.000306477 0.001421434
-0.15265645 1.001065842 0.001420533
-0.152453338 1.00050984 0.001416899
-0.151267551 0.999689247 0.001420421
-0.151064455 1.000935634 0.001420037
-0.149878652 1.00173951 0.001423974
-0.149675572 0.998444274 0.00141576
-0.148489753 0.99878954 0.001414392
-0.148286689 1.000911425 0.001424482
-0.147100855 0.998441037 0.001420038
-0.146897806 1.000134222 0.00142457
-0.145711956 0.998951428 0.001416452
-0.145508923 0.999588517 0.001417485
-0.144323057 1.000270108 0.001420452
-0.14412004 0.998588725 0.001420032
-0.142934159 0.999128322 0.001417137
-0.142731157 0.999000213 0.001422017
-0.14154526 0.999526396 0.001415584
-0.141342274 0.998456733 0.001421548
-0.140156361 0.999880736 0.001415838
-0.139953391 0.999197381 0.001417441
-0.138767463 0.999800316 0.00141738
-0.138564508 0.997064896 0.001421733
-0.137378564 1.00020826 0.001422278
-0.137175625 1.001560274 0.00142167
-0.135989665 1.002641112 0.001420032
-0.135786742 0.998300162 0.001423629
-0.134600766 1.000875556 0.001419105
-0.134397859 1.000156621 0.001419804
-0.133211868 1.00177671 0.001413479
-0.133008977 0.999814417 0.001422255
-0.131822969 1.00066693 0.001415719
-0.131620094 1.001385602 0.001421329
-0.13043407 1.000474995 0.001416813
-0.130231211 1.000367702 0.00141858
-0.129045172 1.00176498 0.001419428
-0.128842328 0.998488025 0.001416775
-0.127656273 0.99875988 0.001418648
-0.127453445 1.001119652 0.001419486
-0.126267374 1.000471525 0.001421461
-0.126064562 1.003064647 0.001419597
-0.124878476 0.999649278 0.001418851
-0.124675679 1.000994125 0.001420615
-0.123489577 0.99856139 0.00142079
-0.123286796 0.999701325 0.00141914
-0.122100678 1.001825525 0.001419866
-0.121897913 1.000420596 0.001427148
-0.12071178 0.998655887 0.001415358
-0.12050903 1.000593165 0.001423761
-0.119322881 1.000542261 0.001417705
-0.119120147 0.998213078 0.001424001
-0.117933982 0.999929597 0.001420457
-0.117731264 1.001492351 0.001421897
-0.116545084 1.000761556 0.001417981
-0.116342381 1.00018246 0.001419256
-0.115156185 0.997774559 0.001418212
-0.114953499 0.99940323 0.001423086
-0.113767286 1.000414303 0.001417712
-0.113564616 1.000647947 0.001420734
-0.112378388 0.998550909 0.001413858
-0.112175733 0.999095484 0.001418264
-0.110989489 0.998349022 0.001420022
-0.11078685 1.000162798 0.001421734
-0.10960059 1.000128478 0.001418313
-0.109397967 1.000341922 0.001416594
-0.108211692 0.99945559 0.001417865
-0.108009084 0.999766926 0.001415172
-0.106822793 0.998045498 0.001415449
-0.106620201 1.00124967 0.001423574
-0.105433894 0.997710361 0.001419751
-0.105231318 0.99894037 0.001420085
-0.104044995 0.999411838 0.001415395
-0.103842435 1.000469947 0.001416038
-0.102656097 0.998296849 0.001417731
-0.102453552 1.000926501 0.001417575
-0.101267198 0.997608735 0.001415951
-0.101064669 1.002342862 0.001417874
-0.099878299 0.999022853 0.001419587
-0.099675787 0.998353012 0.001426818
-0.098489401 0.997159532 0.001417463
-0.098286904 1.000696525 0.001420859
-0.097100502 0.998973883 0.001420838
-0.096898021 0.999672019 0.001421354
-0.095711603 0.999308961 0.001422537
-0.095509138 0.999092975 0.001416002
-0.094322705 1.000443235 0.001417254
-0.094120255 0.998885746 0.001417069
-0.092933806 0.998144503 0.001418844
-0.092731372 0.997978685 0.00142117
-0.091544908 0.995988398 0.001414376
-0.091342489 0.999849977 0.001419087
-0.090156009 0.998987947 0.001422893
-0.089953606 1.000327742 0.001425343
-0.08876711 0.997655037 0.001417773
-0.088564723 1.000472305 0.001421308
-0.087378212 0.999094267 0.001421305
-0.08717584 0.998808153 0.001415027
-0.085989313 0.999930451 0.00141717
-0.085786958 0.999518539 0.001418338
-0.084600414 0.998210084 0.001418082
-0.084398075 1.001619705 0.001418838
-0.083211516 0.998086855 0.001416965
-0.083009192 1.00120202 0.00142013
-0.081822617 0.997270535 0.001413372
-0.081620309 1.000554456 0.001420889
-0.080433718 0.998715593 0.001417643
-0.080231426 0.999217551 0.001418494
-0.07904482 0.997709772 0.001420556
-0.078842543 1.000679364 0.001420242
-0.077655921 0.999066988 0.001415827
-0.07745366 1.001985716 0.001420199
-0.076267022 0.999037585 0.001419485
-0.076064777 1.000052784 0.001419316
-0.074878124 1.000029121 0.001422321
-0.074675894 1.000171724 0.001423244
-0.073489225 0.997263522 0.001420654
-0.073287012 0.999134596 0.001419187
-0.072100326 1.000455606 0.001415899
-0.071898129 1.000595987 0.001420443
-0.070711428 0.998908832 0.001414653
-0.070509246 0.99754602 0.001418181
-0.069322529 0.999189805 0.001419952
-0.069120363 1.000351229 0.001416506
-0.067933631 1.000412702 0.001418907
-0.06773148 0.999162102 0.001419698
-0.066544732 1.000304789 0.001419564
-0.066342597 1.000978079 0.00142071
-0.065155833 1.000163037 0.001417743
-0.064953714 1.001038387 0.00142216
-0.063766935 0.999723407 0.001414504
-0.063564832 0.999141037 0.001425781
-0.062378036 1.000102457 0.001418942
-0.062175949 1.000125327 0.001419983
-0.060989137 0.999245729 0.001421821
-0.060787066 1.001714936 0.001423268
-0.059600239 1.001291549 0.00141638
-0.059398183 0.999102573 0.001418873
-0.05821134 0.999808248 0.00141749
-0.0580093 0.999403604 0.00141872
-0.056822441 1.0012653 0.00141783
-0.056620417 0.999123327 0.001420777
-0.055433543 0.999146164 0.001413268
-0.055231534 0.999594233 0.001419238
-0.054044644 0.998492142 0.0014184
-0.053842651 0.999027474 0.001423988
-0.052655746 0.999431479 0.001418792
-0.052453769 0.999248781 0.001414921
-0.051266847 0.999454624 0.001414982
-0.051064886 0.997729803 0.001420507
-0.049877948 0.997698788 0.001414608
-0.049676003 0.996956705 0.001419475
-0.04848905 0.997217339 0.001414084
-0.04828712 0.998297067 0.001420225
-0.047100151 0.999425576 0.001414221
-0.046898237 0.998087459 0.001423045
-0.045711252 0.99909225 0.001421564
-0.045509354 0.999316038 0.001419769
-0.044322354 0.997227803 0.001417644
-0.044120471 1.000099104 0.001416376
-0.042933455 0.998962236 0.001419478
-0.042731588 0.998749112 0.001417373
-0.041544557 0.997905812 0.00141926
-0.041342706 0.999549517 0.001419456
-0.040155658 1.000453099 0.001419595
-0.039953823 0.998974598 0.001420665
-0.038766759 0.999764833 0.001417842
-0.03856494 0.998074112 0.001418127
-0.037377861 0.996405377 0.001424568
-0.037176057 0.999690758 0.001421662
-0.035988962 0.998282868 0.001417773
-0.035787174 0.998553784 0.001418933
-0.034600063 0.998824509 0.001422332
-0.034398291 0.996065981 0.001422133
-0.033211165 0.998517255 0.001424218
-0.033009409 0.996649439 0.001417861
-0.031822266 0.995472241 0.001415975
-0.031620526 0.998585154 0.001424034
-0.030433368 0.99673736 0.001420464
-0.030231643 0.997837802 0.001418652
-0.029044469 0.996790043 0.001422603
-0.02884276 0.998045701 0.001417233
-0.02765557 0.997306607 0.001416672
-0.027453877 0.998925407 0.001424372
-0.026266672 0.998239928 0.001417679
-0.026064994 0.999367648 0.001422864
-0.024877773 0.999180175 0.001421676
-0.024676111 0.998804292 0.001417402
-0.023488875 0.997600711 0.001418923
-0.023287229 0.999364329 0.001417348
-0.022099976 0.996700588 0.001417445
-0.021898346 0.99752052 0.001419175
-0.020711077 0.996215308 0.001418014
-0.020509463 0.999414577 0.001419516
-0.019322179 0.998522539 0.001421109
-0.01912058 0.997092432 0.001420761
-0.01793328 0.998877952 0.001419386
-0.017731697 0.99605533 0.001417031
-0.016544382 0.998497972 0.001415938
-0.016342814 0.996302673 0.001417567
-0.015155483 0.999222076 0.00141513
-0.014953932 0.9977054 0.001416633
-0.013766584 0.997022132 0.00141798
-0.013565049 0.997584694 0.001416555
-0.012377686 0.998015707 0.001420807
-0.012176166 0.997049763 0.00141775
-0.010988787 0.996463364 0.001418679
-0.010787283 0.997664377 0.001419205
-0.009599889 0.998949551 0.001417721
-0.0093984 0.998308425 0.001422273
-0.00821099 0.998360862 0.001420057
-0.008009517 0.998031372 0.00141356
-0.006822091 0.999154124 0.001421148
-0.006620635 0.999808336 0.001422612
-0.005433193 0.999126678 0.00141774
-0.005231752 0.998282416 0.00141583
-0.004044294 1.000008871 0.001421384
-0.003842869 0.998349576 0.001417342
-0.002655396 0.99773455 0.001418859
-0.002453986 0.999179819 0.001423631
-0.001266497 0.999050178 0.001417353
-0.001065103 0.996902379 0.0014205
0.000122401 1.000896817 0.001421451
0.00032378 0.999036838 0.001419607
0.0015113 0.998261482 0.001416389
0.001712662 0.998139168 0.001418135
0.002900199 0.997901245 0.001421088
0.003101545 0.996103819 0.00142172
0.004289097 1.000361759 0.001418559
0.004490428 0.999234801 0.001423441
0.005677996 0.999386969 0.001417031
0.005879311 0.998573379 0.001417981
0.007066894 0.999755606 0.001415631
0.007268194 0.999927234 0.001420602
0.008455793 0.997912936 0.001417436
0.008657076 0.998599436 0.001427424
0.009844692 0.998763479 0.001417389
0.010045959 0.996649356 0.001420596
0.01123359 1.000133793 0.001418462
0.011434842 0.997418463 0.001420262
0.012622489 0.998424944 0.001416867
0.012823725 0.998996466 0.001416409
0.014011387 0.99836322 0.001415344
0.014212608 0.999536176 0.001418297
0.015400286 0.999150079 0.001417742
0.01560149 0.999910485 0.001420279
0.016789184 0.999114703 0.001422447
0.016990373 0.997946586 0.001415894
0.018178083 0.997794513 0.001416915
0.018379256 0.997526657 0.001416984
0.019566982 0.998980652 0.001416735
0.019768139 0.997347026 0.00141765
0.02095588 0.998697809 0.00141971
0.021157022 0.998037837 0.00141798
0.022344779 0.998438503 0.001418985
0.022545905 0.998903106 0.001418457
0.023733677 0.998728669 0.001416853
0.023934787 0.998142484 0.001421707
0.025122576 1.000165004 0.001420467
0.02532367 0.999003403 0.001418376
0.026511474 0.997756586 0.001419115
0.026712553 0.998377259 0.001415969
0.027900373 0.997902333 0.001419695
0.028101436 0.998363267 0.001417616
0.029289271 0.998003618 0.001418552
0.029490319 0.997417704 0.001418409
0.03067817 0.998406445 0.001419423
0.030879201 0.997751137 0.001416166
0.032067069 1.000851348 0.001422491
0.032268084 0.997702111 0.001419596
0.033455967 0.997286797 0.001417744
0.033656967 0.997260854 0.001416633
0.034844866 0.997814561 0.00141596
0.03504585 0.998444408 0.001421892
0.036233764 0.99932262 0.001419311
0.036434733 0.999440692 0.001418441
0.037622663 0.998446427 0.001419885
0.037823615 0.999525428 0.0014239
0.039011561 0.999952605 0.001420195
0.039212498 0.998231311 0.001422239
0.04040046 0.999662467 0.001416085
0.040601381 0.996399229 0.001416636
0.041789359 0.998247877 0.001423486
0.041990264 0.999125778 0.001420217
0.043178257 0.99931346 0.001422892
0.043379147 0.998272453 0.001418548
0.044567156 0.998738618 0.001420495
0.044768029 0.999589643 0.001421971
0.045956054 0.998947215 0.001421411
0.046156912 0.998621504 0.001419585
0.047344953 0.997978341 0.001426074
0.047545795 0.99736052 0.001417857
0.048733851 0.999125381 0.001419311
0.048934678 0.998886663 0.001418499
0.05012275 0.99777272 0.001416115
0.050323561 0.998528525 0.001420869
0.051511648 0.99919959 0.001419727
0.051712443 0.999240896 0.001414309
0.052900547 0.999035208 0.00141888
0.053101326 0.99735079 0.001418159
0.054289445 1.001154443 0.001416881
0.054490209 0.998989062 0.001422707
0.055678344 0.999921101 0.001421248
0.055879092 0.999236038 0.001423755
0.057067243 0.999151531 0.001421772
0.057267974 0.99998356 0.001416398
0.058456141 0.998930213 0.001416562
0.058656857 1.000194845 0.001422838
0.05984504 0.999095487 0.001418409
0.06004574 0.998645671 0.001420326
0.061233938 1.001365206 0.001419724
0.061434623 0.998354803 0.001418702
0.062622837 0.999901232 0.001416124
0.062823505 1.001513412 0.001418903
0.064011735 1.000512557 0.001415802
0.064212388 1.000152339 0.001420788
0.065400634 1.000251954 0.001418968
0.065601271 0.997743884 0.00141861
0.066789532 1.000131863 0.001416896
0.066990154 1.000089677 0.001418088
0.068178431 1.001223652 0.001421541
0.068379037 0.99884205 0.00141769
0.069567329 1.001290345 0.001421821
0.069767919 0.997966629 0.001414216
0.070956228 0.999294997 0.001417052
0.071156802 1.000430985 0.001420993
0.072345126 1.000407014 0.001421772
0.072545685 0.999816114 0.00141675
0.073734025 0.998178821 0.001416462
0.073934568 0.998348814 0.001418655
0.075122923 1.000157582 0.001421438
0.07532345 1.000163372 0.001417563
0.076511822 0.999947399 0.001420688
0.076712333 1.001050307 0.001419187
0.077900721 0.998772809 0.001421746
0.078101216 1.000199734 0.001418392
0.079289619 1.000385372 0.001419413
0.079490099 0.998490299 0.001422115
0.080678518 0.999223049 0.001417785
0.080878981 1.000192006 0.001421282
0.082067416 1.000823537 0.001420857
0.082267864 0.99767787 0.001425107
0.083456315 1.000441403 0.001419146
0.083656747 0.999442791 0.001418096
0.084845213 1.000250889 0.001418138
0.08504563 0.99910861 0.001426138
0.086234112 1.001715003 0.001420386
0.086434513 0.999875546 0.001418694
0.08762301 1.00110034 0.001416528
0.087823395 0.999594691 0.001418211
0.089011909 1.000404223 0.001420991
0.089212278 1.000108049 0.001423874
0.090400807 1.000748763 0.001421637
0.091789706 1.000357311 0.001417365
0.093178604 1.00090744 0.001420095
0.093378926 1.000150973 0.001419896
0.094567503 1.000904498 0.001421695
0.094767809 0.999756081 0.001419605
0.095956401 1.000282826 0.001421519
0.096156692 1.001338793 0.001417527
0.0973453 1.002347396 0.001419178
0.097545575 0.999980837 0.001417472
0.098734198 0.999723067 0.001417586
0.098934457 0.99983821 0.001416868
0.100123097 1.000010676 0.001420092
0.10032334 0.998954399 0.00142025
0.101511995 1.000731419 0.001417068
0.101712223 0.998309329 0.001420692
0.102900894 1.001455691 0.001423959
0.103101106 0.998365822 0.001415554
0.104289792 1.001805391 0.001416842
0.104489988 1.000340867 0.001421982
0.105678691 1.000411688 0.001422247
0.105878871 1.000367329 0.00142135
0.107067589 1.000497828 0.00141962
0.107267754 0.999140993 0.001418338
0.108456488 1.000345035 0.001421358
0.108656637 0.998161142 0.001422006
0.109845386 1.000410782 0.001416625
0.110045519 0.998851987 0.001423524
0.111234285 1.00148517 0.001418947
0.111434402 0.999782404 0.001420891
0.112623183 1.000044007 0.001419081
0.112823285 0.998526161 0.001419371
0.114012082 0.999312539 0.001418507
0.114212167 1.002256333 0.001417471
0.11540098 0.999853853 0.001422392
0.11560105 0.999897877 0.001418453
0.116789879 1.001474012 0.001418271
0.116989933 1.001077725 0.001421973
0.118178777 1.000004889 0.001419764
0.118378816 1.001068561 0.001418059
0.119567676 0.999135644 0.001418299
0.119767699 0.999050535 0.001416914
0.120956574 1.001053396 0.001418645
0.121156581 1.001157483 0.00141459
0.122345473 1.00074913 0.001421599
0.122545464 1.000367043 0.001415845
0.123734371 1.000061706 0.001420924
0.123934347 0.998982817 0.001417264
0.12512327 1.000082272 0.001419306
0.125323229 0.999576105 0.001417813
0.126512168 1.00023936 0.001415677
0.126712112 0.999006632 0.001418312
0.127901067 0.999689762 0.001418027
0.128100995 0.999988321 0.001420943
0.129289965 1.000264925 0.00142118
0.129489878 1.002067098 0.001422835
0.130678864 1.000269033 0.00142115
0.13087876 0.998898154 0.001418678
0.132067762 0.999426595 0.001415758
0.132267643 0.999630788 0.001421456
0.133456661 0.999334925 0.00141519
0.133656526 1.000237642 0.001419811
0.134845559 0.999787552 0.001416432
0.135045408 0.998870356 0.001419193
0.136234458 0.999654927 0.001419552
0.136434291 1.000303791 0.001418484
0.137623356 1.000534917 0.001420679
0.137823174 0.99942769 0.00141684
0.139012254 0.999379676 0.001419206
0.139212057 1.00141577 0.001421618
0.140401153 1.001519581 0.001419695
0.140600939 0.999668968 0.001422322
0.141790051 1.000167369 0.001418519
0.141989822 1.002079768 0.001418108
0.14317895 0.999275638 0.00141846
0.143378705 1.001046805 0.001424883
0.144567848 0.998784582 0.001420128
0.144767588 0.997839154 0.001420464
0.145956747 0.998773395 0.001422488
0.14615647 0.998366541 0.001418935
0.147345645 0.999540774 0.001419217
0.147545353 1.000508813 0.00141752
0.148734544 1.001145039 0.001420727
0.148934236 0.999356441 0.001420489
0.150123442 0.999891112 0.00141562
0.150323118 0.998598153 0.001421746
0.151512341 0.998805047 0.001423251
0.151712001 0.999009887 0.00141895
0.152901239 1.000852489 0.001420541
0.153100884 0.999340635 0.001419688
0.154290138 0.999680559 0.001417551
0.154489766 0.999620315 0.001417664
0.155679036 0.999500164 0.001421868
0.155878649 1.000004172 0.001416605
0.157067935 1.000922307 0.001420573
0.157267532 0.998801692 0.001420948
0.158456833 0.999619067 0.001420188
0.158656415 1.000615993 0.001418496
0.159845732 0.997683791 0.001417226
0.160045297 1.000254599 0.001420731
0.16123463 1.000598445 0.001422665
0.16143418 0.999739857 0.001419044
0.162623528 1.00132441 0.001415192
0.162823063 1.001229979 0.001420629
0.164012427 1.001001166 0.001418432
0.164211945 0.998363019 0.001424813
0.165401325 1.001503524 0.00142128
0.165600828 1.000117528 0.001419605
0.166790224 0.99935539 0.001419244
0.166989711 1.002177853 0.001420081
0.168179122 0.998754649 0.001414838
0.168378593 1.000326959 0.001426642
0.169568021 0.99854704 0.001417859
0.169767476 0.999035805 0.001417874