-0.099267773 1.000240567 0.003818703
-0.099250759 0.996755669 0.003886532
-0.099237376 0.997732076 0.003877516
-0.099227023 1.004455158 0.003915102
-0.099216426 1.000968861 0.003696594
-0.099202075 1.003987544 0.003805123
-0.099193363 0.999029886 0.003908697
-0.099188174 0.996784457 0.003934225
-0.099185862 1.006463013 0.004048777
-0.097878884 0.997659269 0.00381961
-0.097861873 1.005303273 0.003888557
-0.09784849 1.003869828 0.003879359
-0.097838138 1.004905824 0.003918088
-0.097827538 0.995697836 0.003689562
-0.09781319 0.998323914 0.003804938
-0.09780448 1.000163759 0.003914269
-0.097799293 0.998801755 0.003940221
-0.097796982 1.000960383 0.004045752
-0.096489995 0.998372723 0.003815619
-0.096472986 0.998385477 0.003891047
-0.096459605 1.000586725 0.003876885
-0.096449254 0.993637952 0.003908442
-0.09643865 1.000188317 0.003694617
-0.096424305 1.000755837 0.003807043
-0.096415597 1.003230916 0.003914932
-0.096410411 1.003895675 0.003942862
-0.096408102 0.99868437 0.004046446
-0.095101106 1.002314396 0.003816716
-0.095084099 1.001945541 0.003893398
-0.09507072 0.999065238 0.003877263
-0.09506037 0.998553223 0.003908864
-0.095049762 1.001732975 0.003696316
-0.09503542 1.001208292 0.003801451
-0.095026714 0.999514015 0.003913789
-0.09502153 0.990857498 0.00393515
-0.095019221 0.998008405 0.004048894
-0.093712217 1.009524775 0.003822877
-0.093695212 0.99875086 0.003884825
-0.093681834 1.001591207 0.003877187
-0.093671486 1.005445854 0.003918248
-0.093660874 0.995699191 0.003690833
-0.093646535 0.994470781 0.003799351
-0.093637831 0.995082825 0.003908201
-0.093632648 0.998214005 0.003937324
-0.093630341 1.006397402 0.004052353
-0.092323328 1.002043661 0.003821615
-0.092306325 1.001047898 0.003889237
-0.092292949 0.995640155 0.00387515
-0.092282602 0.999085524 0.003913505
-0.092271985 0.99906763 0.003691785
-0.09225765 0.996048527 0.003799772
-0.092248948 1.003095419 0.003913262
-0.092243766 0.998275993 0.003939313
-0.092241461 0.998928233 0.004042962
-0.090934439 0.998950356 0.003818434
-0.090917438 0.99284988 0.003881691
-0.090904063 1.000851227 0.003881149
-0.090893718 0.99543735 0.003906988
-0.090883097 0.997515981 0.003695954
-0.090868765 0.996320794 0.003804972
-0.090860065 0.9976735 0.003903312
-0.090854885 1.002287481 0.003948939
-0.090852581 0.997769447 0.004050156
-0.08954555 0.999718027 0.003823872
-0.089528551 1.00244707 0.003892114
-0.089515178 1.004269376 0.003884089
-0.089504834 1.001823382 0.003913513
-0.089494209 0.996718729 0.00370092
-0.089479881 0.995699219 0.003800547
-0.089471182 0.998586093 0.003909603
-0.089466003 1.003597887 0.003943444
-0.0894637 0.994408635 0.004046644
-0.088156661 1.002934365 0.00382215
-0.088139664 0.997473651 0.003884187
-0.088126293 0.998930462 0.003879286
-0.08811595 0.997855895 0.003907509
-0.088105321 0.998289939 0.003695827
-0.088090996 0.99797714 0.003801826
-0.088082299 1.005346891 0.003920641
-0.088077122 1.001895381 0.00393957
-0.08807482 1.005912613 0.00405348
-0.086767773 0.999137523 0.003820027
-0.086750777 1.00536075 0.00389245
-0.086737407 0.997292491 0.003874283
-0.086727066 1.001541098 0.003915052
-0.086716433 0.994803293 0.003691736
-0.086702111 0.999548424 0.003803747
-0.086693416 0.99943501 0.003911656
-0.08668824 0.999143797 0.003943946
-0.08668594 0.999497878 0.004055721
-0.085378884 1.003393841 0.003822654
-0.08536189 0.995253399 0.003882986
-0.085348522 1.005666114 0.003878298
-0.085338182 0.994872379 0.003907723
-0.085327544 1.000413647 0.003698456
-0.085313226 0.998230473 0.003808507
-0.085304533 1.000665987 0.003911678
-0.085299359 0.996114769 0.003936948
-0.085297059 0.998325055 0.004050911
-0.083989995 0.998971988 0.003819238
-0.083973003 0.993048142 0.003880085
-0.083959637 1.004709792 0.003880495
-0.083949298 1.00202351 0.003915941
-0.083938656 0.996693736 0.003692694
-0.083924341 1.000499072 0.003803315
-0.08391565 1.003697622 0.003914494
-0.083910477 1.002420857 0.003943686
-0.083908179 1.003140813 0.004054778
-0.082601106 1.000648147 0.003819898
-0.082584116 1.001166739 0.003889219
-0.082570751 1.001024622 0.003876205
-0.082560414 0.999683998 0.003916436
-0.082549768 1.001189549 0.003695016
-0.082535456 0.997449984 0.003799603
-0.082526767 0.999503539 0.003913381
-0.082521596 0.999406401 0.00393963
-0.082519299 1.001236812 0.004057117
-0.081212217 1.001286125 0.00381687
-0.08119523 1.002079153 0.003888892
-0.081181866 0.999397374 0.003874915
-0.08117153 0.994201299 0.003910415
-0.08116088 1.001574996 0.003700171
-0.081146571 1.001252684 0.003806721
-0.081137884 1.005122763 0.003917325
-0.081132714 1.004800533 0.003941697
-0.081130418 1.003979981 0.004059276
-0.079823328 1.003043147 0.003819693
-0.079806343 1.001509305 0.003887316
-0.07979298 1.001903791 0.003880767
-0.079782646 0.996822863 0.00390942
-0.079771991 0.994014496 0.003690086
-0.079757686 0.99468091 0.003801247
-0.079749001 0.999206237 0.003909789
-0.079743833 1.002950598 0.003945187
-0.079741538 0.995979395 0.004050392
-0.078434439 1.000844622 0.003821935
-0.078417456 0.995590565 0.003885043
-0.078404095 0.997156327 0.003874361
-0.078393762 1.002194587 0.003914855
-0.078383103 0.998060052 0.003691463
-0.078368801 0.993130206 0.003796187
-0.078360118 0.992264401 0.003904941
-0.078354951 0.994999565 0.003935804
-0.078352658 1.002095394 0.004051636
-0.07704555 0.999392872 0.003815091
-0.077028569 0.990457369 0.003880451
-0.07701521 0.9973947 0.003872119
-0.077004877 0.997906284 0.00391137
-0.076994215 1.001149922 0.003695967
-0.076979916 0.997996286 0.003799824
-0.076971235 0.992359311 0.003910798
-0.07696607 1.003986213 0.003944983
-0.076963777 0.997818087 0.004053955
-0.075656661 1.006165655 0.003825052
-0.075639682 0.995186366 0.00388863
-0.075626324 1.000816903 0.003876109
-0.075615993 0.997269504 0.003912359
-0.075605327 0.999425245 0.00369457
-0.075591031 0.999700786 0.003801184
-0.075582352 0.997294199 0.003909284
-0.075577188 1.001127664 0.003945265
-0.075574897 0.992845401 0.00405255
-0.074267772 1.002348664 0.003816254
-0.074250795 0.996013041 0.00388712
-0.074237439 0.998461742 0.003880292
-0.074227109 0.998337858 0.003919608
-0.074216439 1.011571529 0.003703499
-0.074202146 0.997897134 0.003799282
-0.074193469 0.999776311 0.00391434
-0.074188307 1.010450719 0.003950955
-0.074186017 1.002666294 0.004059218
-0.072878884 0.999143554 0.003816288
-0.072861908 1.000650759 0.003885057
-0.072848554 0.998953608 0.003876621
-0.072838225 1.006436641 0.003919454
-0.07282755 1.00042125 0.003696527
-0.072813261 0.991184086 0.003796836
-0.072804586 1.003124562 0.003916241
-0.072799425 1.001680123 0.003940655
-0.072797136 0.99688747 0.004055294
-0.071489995 0.996960904 0.003813578
-0.071473021 1.001169801 0.003888347
-0.071459668 1.006072146 0.003878558
-0.071449341 0.997739159 0.00391182
-0.071438662 0.995636598 0.003689657
-0.071424376 0.998673477 0.00379882
-0.071415703 0.997626847 0.00391268
-0.071410544 1.007002778 0.003950453
-0.071408256 0.996683477 0.004052795
-0.070101106 0.993151672 0.003810803
-0.070084134 1.001441697 0.003889274
-0.070070783 0.994681547 0.003874661
-0.070060457 1.004489303 0.003917898
-0.070049774 1.002788763 0.00369944
-0.070035491 0.996404853 0.003799908
-0.07002682 0.999989483 0.003909885
-0.070021662 1.000059211 0.003939655
-0.070019376 0.998301449 0.004059598
-0.068712217 0.997845778 0.003815312
-0.068695247 0.993668544 0.003884551
-0.068681898 1.000452562 0.003872028
-0.068671573 1.002012738 0.003915736
-0.068660886 1.005225575 0.003702763
-0.068646606 0.999576118 0.003802468
-0.068637937 1.001547276 0.003918965
-0.068632781 1.001610681 0.003943977
-0.068630495 0.999148917 0.004061436
-0.067323328 1.000197631 0.003821817
-0.06730636 0.994907899 0.003883013
-0.067293012 0.996511308 0.003868872
-0.067282689 0.999682059 0.003914384
-0.067271997 1.002123683 0.003704271
-0.067257722 0.998499559 0.003800235
-0.067249054 0.992636845 0.003904243
-0.067243899 0.999641624 0.00393939
-0.067241615 1.000631471 0.004058167
-0.065934439 1.002760593 0.003818049
-0.065917474 0.999388675 0.003886914
-0.065904127 0.994784004 0.003871265
-0.065893805 0.999904454 0.003914779
-0.065883109 1.000715259 0.003695021
-0.065868837 1.002421816 0.003803363
-0.065860171 1.000837386 0.003911793
-0.065855017 0.997956501 0.003937156
-0.065852735 1.0034818 0.004057485
-0.06454555 1.004812354 0.003820681
-0.064528587 0.9994484 0.003885098
-0.064515241 1.007084139 0.003881105
-0.064504921 1.001871471 0.003914167
-0.064494221 0.996859928 0.003690213
-0.064479952 1.001953192 0.00380758
-0.064471288 1.002351513 0.003913298
-0.064466136 1.002058837 0.003945829
-0.064463854 0.999519696 0.004055416
-0.063156661 0.997140928 0.003812713
-0.0631397 1.002099487 0.00388661
-0.063126356 0.998178718 0.003871857
-0.063116037 1.001563291 0.003915435
-0.063105333 0.99748025 0.003693939
-0.063091067 0.99797144 0.003802599
-0.063082405 0.996537667 0.003910894
-0.063077254 1.000782869 0.003938307
-0.063074974 1.002751573 0.004069629
-0.061767773 0.99857172 0.003817102
-0.061750813 0.996538996 0.003888175
-0.061737471 1.000768096 0.003875549
-0.061727153 1.000177343 0.00391769
-0.061716444 1.000242084 0.003694643
-0.061702182 1.001053173 0.003804748
-0.061688373 1.002022116 0.00394048
-0.061686094 1.010673404 0.004070703
-0.060378884 1.002237451 0.003819089
-0.060361926 0.992475083 0.003879926
-0.060348585 1.002938171 0.003882119
-0.060338269 0.999825661 0.0039177
-0.060327556 1.005069664 0.003695374
-0.060313297 0.992153274 0.003802022
-0.060299491 0.995766918 0.00394085
-0.060297213 1.00235223 0.004062262
-0.058989995 0.999108772 0.003815863
-0.058973039 0.997234433 0.003885086
-0.0589597 1.004474747 0.003881547
-0.058949385 0.994588813 0.00390939
-0.058938668 0.996358872 0.003692202
-0.058924412 0.994379203 0.003797954
-0.058915756 0.997287392 0.003907883
-0.05891061 0.998489762 0.00393857
-0.058908333 0.997891328 0.004061657
-0.057601106 1.003053726 0.003826621
-0.057584152 0.991155761 0.003884945
-0.057570815 1.007404404 0.003883464
-0.057560501 1.001022678 0.003919542
-0.05754978 1.001518562 0.003706605
-0.057535527 0.995276724 0.003799577
-0.057526873 0.998806602 0.003909959
-0.057521728 1.000250801 0.003941292
-0.057519453 0.996105888 0.004053856
-0.056212217 1.000170396 0.003818886
-0.056195265 0.995842371 0.00388599
-0.056181929 1.003313183 0.003876479
-0.056171616 0.997431757 0.003911368
-0.056160891 1.00116483 0.003697132
-0.056146642 0.996782698 0.003801973
-0.05613799 0.999094808 0.003908919
-0.056132847 0.996574914 0.003938167
-0.056130572 1.003635924 0.004063094
-0.054823328 1.000902066 0.003819125
-0.054806378 0.997939563 0.003890875
-0.054793044 1.001376706 0.003873978
-0.054782732 0.997184103 0.003910568
-0.054772003 1.000802525 0.003697142
-0.054757757 0.999005866 0.003801691
-0.054749107 1.001692124 0.003910025
-0.054743965 0.999613212 0.003942402
-0.054741692 0.997347589 0.004059781
-0.053434439 0.996562629 0.003812446
-0.053417492 0.998700065 0.003885715
-0.053404159 0.998714358 0.003873303
-0.053393848 0.996324148 0.003910829
-0.053383115 0.997924096 0.003692143
-0.053368872 0.999511387 0.003805053
-0.053360224 0.999487124 0.003904433
-0.053355084 1.004808544 0.003946371
-0.053352812 0.991102456 0.004060635
-0.05204555 1.001738481 0.003819381
-0.052028605 1.009375039 0.003894329
-0.052015273 0.994822677 0.003872067
-0.052004964 0.999860135 0.003918406
-0.051994227 1.002823135 0.003693661
-0.051979987 0.993869371 0.003798205
-0.051971341 1.005849331 0.003909543
-0.051966202 1.00078273 0.003947593
-0.051963931 0.99850424 0.004064872
-0.050656662 1.003351157 0.003823576
-0.050639718 1.001590521 0.003889341
-0.050626388 1.005214617 0.003877463
-0.05061608 0.998353867 0.003916208
-0.050605338 1.001470605 0.003697386
-0.050591102 0.997747737 0.003801359
-0.050582458 0.992660865 0.003907364
-0.050577321 0.992430786 0.003934823
-0.050575051 1.007805538 0.004070819
-0.049267773 0.996858174 0.003815376
-0.049250831 0.99505104 0.003884356
-0.049237502 1.007175968 0.003875136
-0.049227196 0.995015165 0.003909264
-0.04921645 0.999368567 0.003693511
-0.049202218 1.000938851 0.003810325
-0.049193575 1.002524284 0.003910065
-0.049188439 0.999723643 0.003939991
-0.049186171 1.000784921 0.00406516
-0.047878884 1.000822549 0.003815661
-0.047861944 1.005505361 0.003893628
-0.047848617 1.001006555 0.003875595
-0.047838312 0.99888363 0.003915083
-0.047827562 1.003605536 0.003693539
-0.047813333 1.000940563 0.003802069
-0.047804692 1.000182711 0.003907752
-0.047799558 1.005239557 0.003946104
-0.047797291 0.992568233 0.004062169
-0.046489995 0.991876053 0.003809966
-0.046473057 0.996834028 0.003885884
-0.046459732 0.993610511 0.003871137
-0.046449428 0.996254118 0.003914669
-0.046438674 0.996178141 0.003694007
-0.046424448 0.997768801 0.003802707
-0.046415809 1.001711299 0.003907515
-0.046410676 1.000736999 0.003940997
-0.04640841 1.003758461 0.004067807
-0.045101106 0.998941236 0.003816213
-0.04508417 0.994168821 0.003881475
-0.045070846 0.998970922 0.003874785
-0.045060544 0.997450137 0.003910564
-0.045049785 0.997742865 0.00369506
-0.045035563 0.997887552 0.003801376
-0.045026926 0.999600671 0.003903133
-0.045021795 0.992672666 0.003936478
-0.04501953 1.004532663 0.004071714
-0.043712217 0.996746629 0.003812434
-0.043695283 0.993278908 0.003881367
-0.043681961 0.999276013 0.003878847
-0.04367166 1.002862453 0.003917105
-0.043660897 0.997618898 0.003697674
-0.043646678 0.994345169 0.003801554
-0.043638043 0.99518348 0.003906255
-0.043632913 1.002611492 0.003944534
-0.04363065 1.002873138 0.004069562
-0.042323328 0.995400192 0.003812851
-0.042306396 1.000256504 0.003883918
-0.042293076 0.995621407 0.003870085
-0.042282776 0.999614255 0.00391425
-0.042272009 0.996854105 0.003700207
-0.042257793 0.998234984 0.003803855
-0.04224916 0.989575976 0.003906066
-0.042244032 0.998439783 0.003941552
-0.042241769 1.005804189 0.00407127
-0.04093444 0.990034972 0.003806492
-0.04091751 0.992542111 0.003881005
-0.04090419 0.996623825 0.003871859
-0.040893892 0.999135935 0.003916726
-0.040883121 0.996903611 0.003697766
-0.040868908 0.999614057 0.003801062
-0.040860277 0.998437385 0.003909337
-0.04085515 0.994170628 0.003936081
-0.040852889 0.99688013 0.004063751
-0.039545551 0.994247018 0.003808649
-0.039528623 0.991184269 0.003877788
-0.039515305 0.998647986 0.003873421
-0.039505008 0.993359795 0.003909293
-0.039494232 0.996254471 0.003690177
-0.039480023 0.991715095 0.00379789
-0.039471394 0.996051201 0.003909109
-0.039466269 0.992005336 0.003935215
-0.039464009 0.998594227 0.004064998
-0.038156662 0.996973702 0.00381405
-0.038139736 0.995730473 0.003889064
-0.03812642 0.993219716 0.003870662
-0.038116124 0.999172654 0.003918271
-0.038105344 0.994548435 0.003691101
-0.038091138 0.999347965 0.003800205
-0.038082511 0.991903403 0.00390283
-0.038077387 0.993433132 0.003936408
-0.038075128 1.003810517 0.004069722
-0.036767773 0.995375985 0.003820821
-0.036750849 0.99707292 0.003883638
-0.036737534 0.991073532 0.0038681
-0.03672724 0.993009127 0.003914007
-0.036716456 0.994756171 0.003690024
-0.036702253 0.990654067 0.003797388
-0.036693628 0.992067385 0.003906515
-0.036688506 0.996375266 0.003936351
-0.036686248 0.991001132 0.004064936
-0.035378884 0.993340312 0.003808286
-0.035361962 0.988040877 0.00387736
-0.035348649 0.991416533 0.003876884
-0.035338356 0.994247606 0.003914164
-0.035327568 0.9957614 0.003694168
-0.035313368 0.994397185 0.003801394
-0.035304745 0.995388473 0.003903673
-0.035299624 0.988165788 0.003930333
-0.035297368 0.993693445 0.004063652
-0.033989995 0.994267191 0.003809857
-0.033973075 0.989272516 0.003879052
-0.033959764 0.990145965 0.003866863
-0.033949472 0.993082143 0.003908404
-0.033938679 0.991394272 0.003687234
-0.033924484 0.996496757 0.003799553
-0.033915862 0.995417027 0.003905916
-0.033910743 0.987704862 0.003929811
-0.033908487 0.994214373 0.004064818
-0.032601106 0.996131406 0.003813765
-0.032584188 0.998465807 0.003884578
-0.032570878 0.999211795 0.003871427
-0.032560588 0.988786867 0.003906095
-0.032549791 0.987861814 0.003683607
-0.032535599 0.994340027 0.003799683
-0.032526979 0.993214212 0.003902377
-0.032521861 0.991747275 0.003937549
-0.032519607 0.987139425 0.004058928
-0.031212218 1.001599101 0.003811988
-0.031195301 0.992113237 0.003881915
-0.031181993 0.994933226 0.003865838
-0.031171704 0.99518229 0.003908923
-0.031160903 0.99262749 0.003689668
-0.031146714 0.983830916 0.003791453
-0.031138096 0.990903096 0.00390179
-0.03113298 0.989622828 0.003935124
-0.031130727 0.992709781 0.004064089
-0.029823329 0.997137886 0.003812895
-0.029806414 0.998259606 0.003883209
-0.029793108 0.992171192 0.003868196
-0.029782819 0.989780744 0.003904282
-0.029772015 0.998585383 0.003691518
-0.029757829 0.998601298 0.003802688
-0.029749213 0.993846973 0.003901163
-0.029744098 0.992416333 0.003938102
-0.029741846 0.997253784 0.00406806
-0.02843444 0.994560504 0.003806733
-0.028417528 0.994595136 0.003879951
-0.028404222 0.992235653 0.003869365
-0.028393935 0.994289366 0.003907606
-0.028383126 0.990451081 0.003680928
-0.028368944 0.993803654 0.003803784
-0.02836033 0.995704623 0.003906244
-0.028355217 0.998222441 0.003938014
-0.028352966 0.985217134 0.004059597
-0.027045551 0.990334794 0.00380796
-0.027028641 0.999165745 0.003885706
-0.027015337 0.987532883 0.003861995
-0.027005051 0.989811706 0.003905983
-0.026994238 0.994181038 0.00368808
-0.026980059 0.991023521 0.003799011
-0.026971447 0.995980649 0.003905703
-0.026966335 0.986090081 0.003929217
-0.026964086 0.991576939 0.004067902
-0.025656662 0.999324457 0.003812371
-0.025639754 0.985458728 0.003875748
-0.025626452 0.995177409 0.003869654
-0.025616167 0.993117824 0.003909186
-0.02560535 0.985623986 0.003686471
-0.025591174 0.998084845 0.003797546
-0.025582564 0.993260893 0.003897523
-0.025577454 0.982290991 0.003927646
-0.025575206 0.993049068 0.004066285
-0.024267773 0.995645618 0.003813806
-0.024250867 0.99653712 0.003883713
-0.024237566 0.993837127 0.003869053
-0.024227283 0.993886852 0.003904518
-0.024216461 0.992600126 0.003684675
-0.024202289 0.991837709 0.003794762
-0.024193681 0.98509682 0.003890515
-0.024188572 0.993879542 0.003932732
-0.024186325 0.991167952 0.004060248
-0.022878884 0.992579783 0.003807059
-0.02286198 0.990138367 0.003879746
-0.022848681 0.994024249 0.003869693
-0.022838399 0.98988928 0.003906601
-0.022827573 0.9920532 0.003688475
-0.022813404 0.994528582 0.003799994
-0.022799691 0.993530053 0.003935364
-0.022797445 0.998482294 0.00406885
-0.021489996 0.992025667 0.003804246
-0.021473093 0.990930198 0.003878731
-0.021459795 0.99273001 0.003867676
-0.021449515 0.998434306 0.003915295
-0.021438685 0.994314708 0.003686704
-0.021424519 0.987553339 0.003796936
-0.021415915 0.995046598 0.003904768
-0.021410809 0.999123659 0.003936657
-0.021408565 1.00174935 0.004071228
-0.020101107 0.987959297 0.003805787
-0.020084206 0.987104677 0.003877118
-0.02007091 0.991559911 0.003864284
-0.020060631 0.99967563 0.003912168
-0.020049797 0.995865257 0.003690484
-0.020035635 0.992270649 0.003794058
-0.020027032 0.988095237 0.003896235
-0.020021928 0.994414136 0.003934633
-0.020019684 0.993171306 0.004065822
-0.018712218 0.996043283 0.003808982
-0.018695319 0.993712937 0.003885511
-0.018682025 0.996051715 0.003865807
-0.018671747 0.991622242 0.003907247
-0.018660908 0.989949033 0.003686198
-0.01864675 0.987892492 0.003796327
-0.018638149 0.996586153 0.003901515
-0.018633046 0.989367837 0.003936261
-0.018630804 0.988578209 0.004060757
-0.017323329 0.992870345 0.003806119
-0.017306433 0.995586748 0.003886099
-0.017293139 0.996704726 0.003866873
-0.017282863 0.98739745 0.003904435
-0.01727202 0.995938009 0.003695758
-0.017257865 0.988886907 0.003793846
-0.017249266 0.988868181 0.003898509
-0.017244165 0.995869148 0.003936504
-0.017241924 0.989681478 0.004064754
-0.01593444 0.993276403 0.00380653
-0.015917546 0.992606342 0.003883512
-0.015904254 0.989679779 0.003862133
-0.015893979 0.987421939 0.003901663
-0.015883132 0.994356375 0.003685997
-0.01586898 0.982394904 0.003794114
-0.015860383 0.987862483 0.003898556
-0.015855283 0.99534688 0.003934597
-0.015853043 0.996864741 0.00406942
-0.014545551 0.994881408 0.003806615
-0.014528659 0.989462578 0.003879146
-0.014515369 0.996386203 0.00386694
-0.014505095 0.996383549 0.003909765
-0.014494244 0.990939899 0.003683814
-0.014480095 0.994852469 0.003800278
-0.0144715 0.995616916 0.003902936
-0.014466402 0.993191097 0.003937279
-0.014464163 0.992710672 0.004064324
-0.013156663 0.998758946 0.003818077
-0.013139772 0.994967359 0.003883337
-0.013126483 0.991813217 0.003863821
-0.013116211 0.990131573 0.00391052
-0.013105355 0.993965911 0.00368901
-0.01309121 0.987244764 0.003791874
-0.013082617 0.9959056 0.003901025
-0.01307752 0.995122139 0.003940356
-0.013075283 0.993468521 0.004065203
-0.011767774 0.988558886 0.003801677
-0.011750885 0.988020636 0.003874347
-0.011737598 0.994137954 0.0038666
-0.011727327 0.995116372 0.003913132
-0.011716467 0.994838965 0.003690886
-0.011702325 0.989011508 0.003796126
-0.011693735 0.980190072 0.003899793
-0.011688639 1.001473404 0.00394773
-0.011686402 0.997297472 0.004067985
-0.010378885 0.990188143 0.00380174
-0.010361998 0.992514341 0.003883921
-0.010348713 1.000621034 0.003877786
-0.010338443 0.990975263 0.003911603
-0.010327579 0.988735551 0.003683673
-0.01031344 0.992619224 0.003798034
-0.010304852 0.985886045 0.003893168
-0.010299757 0.989224764 0.003934031
-0.010297522 0.995379341 0.004070735
-0.008989996 0.98991991 0.003804682
-0.008973111 0.989093421 0.003880562
-0.008959827 0.995151644 0.00386697
-0.008949559 0.990214465 0.003906669
-0.00893869 0.992175818 0.003685412
-0.008924555 0.995093651 0.003796072
-0.008915969 0.997614179 0.003903458
-0.008910876 0.99184466 0.003935754
-0.008908642 0.990523996 0.004066772
-0.007601107 0.994676863 0.003807541
-0.007584224 0.985831358 0.003877096
-0.007570942 0.996501535 0.0038709
-0.007560675 0.991098069 0.003905209
-0.007549802 0.990683775 0.003684926
-0.007535671 0.989078073 0.003793915
-0.007527086 0.995320864 0.003903098
-0.007521994 0.995087761 0.003938109
-0.007519762 0.993970072 0.00406686
-0.006212218 0.993120952 0.003804985
-0.006195338 0.993053961 0.003881665
-0.006182057 0.991350216 0.003867156
-0.006171791 0.995240752 0.003908624
-0.006160914 0.985350715 0.003681305
-0.006146786 0.990437894 0.003795635
-0.006138203 0.995251628 0.003903252
-0.006133113 0.994232337 0.003936988
-0.006130881 0.994394817 0.004072038
-0.00482333 0.998818227 0.003810017
-0.004806451 0.98463138 0.003882811
-0.004793171 0.98901196 0.003863228
-0.004782907 0.998376332 0.003910882
-0.004772026 0.984727901 0.003679306
-0.004757901 0.991437824 0.00379529
-0.00474932 0.986512109 0.003896976
-0.004744231 0.989657039 0.003934903
-0.004742001 0.997217984 0.004073705
-0.003434441 0.99626446 0.003807089
-0.003417564 0.992560895 0.003883412
-0.003404286 0.994344348 0.003865548
-0.003394023 0.991833456 0.003902848
-0.003383137 0.993640315 0.003686216
-0.003369016 0.996707013 0.003801146
-0.003360437 0.99913404 0.003910034
-0.00335535 0.985749453 0.003931638
-0.003353121 0.997855011 0.004066807
-0.002045552 0.996046172 0.003807364
-0.002028677 0.993535453 0.003882829
-0.002015401 0.990981806 0.003864673
-0.002005139 0.989921122 0.003908765
-0.001994249 0.995494505 0.003692994
-0.001980131 0.991903043 0.003793776
-0.001971554 0.995238124 0.003902807
-0.001966468 0.994206146 0.003937636
-0.00196424 0.996637447 0.00407598
-0.000656663 0.991415265 0.003804964
-0.00063979 0.98747162 0.003879779
-0.000626515 0.988457174 0.003862997
-0.000616255 0.989725936 0.003906178
-0.000605361 0.993693008 0.003687978
-0.000591246 0.991037315 0.003792359
-0.000582671 0.998866572 0.003901317
-0.000577587 0.992824196 0.003938488
-0.00057536 0.992760121 0.004070335
0.000732226 0.993694249 0.003808071
0.000749097 0.996088222 0.003882038
0.00076237 0.99706102 0.003865396
0.00077263 0.992757477 0.00390433
0.000783528 0.994755937 0.003692364
0.000797639 1.000418167 0.00380202
0.000806212 0.992312346 0.003897304
0.000811295 0.986784587 0.003932402
0.00081352 0.987968759 0.004065547
0.002121115 0.995570604 0.003807752
0.002137984 0.991427822 0.003884217
0.002151255 0.997688238 0.00386877
0.002161514 0.993185842 0.003904056
0.002172416 0.984078671 0.003679595
0.002186524 0.992670494 0.003796546
0.002195095 0.993223671 0.003898192
0.002200176 0.995223888 0.003934666
0.002202401 0.996876729 0.004068867
0.003510003 0.995244756 0.003805696
0.00352687 0.99029448 0.003888368
0.003540141 0.995304083 0.00386739
0.003550398 0.993720283 0.003909841
0.003561304 0.99723221 0.003690339
0.003575408 0.993921364 0.00379664
0.003583978 0.994932086 0.003896811
0.003589058 0.989732961 0.003929216
0.003591281 0.999055371 0.004065873
0.004898892 0.993931403 0.00380477
0.004915757 0.987094452 0.003877422
0.004929026 0.986876667 0.003861334
0.004939282 0.997668893 0.003908453
0.004950192 0.995058802 0.003689362
0.004964293 0.993267977 0.003795851
0.004972861 0.992915484 0.003895228
0.004977939 0.991000508 0.003934206
0.004980161 1.000757926 0.004072994
0.006287781 0.994136545 0.003806354
0.006304644 0.995696346 0.003883543
0.006317911 0.994866271 0.003866036
0.006328166 0.990199059 0.003903994
0.006339081 0.989650162 0.003688745
0.006353178 0.995839263 0.00380018
0.006361744 0.986972829 0.003892643
0.006366821 0.992023236 0.003934391
0.006369041 0.984767585 0.00406789
0.00767667 0.996755515 0.003806798
0.007693531 0.990725256 0.003876632
0.007706797 0.991711474 0.003864212
0.00771705 1.000685762 0.003912506
0.007727969 0.994827633 0.00368707
0.007742063 0.990348873 0.0037972
0.007750627 0.991489391 0.00389724
0.007755702 0.985997007 0.003933352
0.007757922 0.995423942 0.00407
0.009065559 0.994690083 0.003811157
0.009082418 0.989787558 0.003884937
0.009095682 0.994772663 0.003865947
0.009105934 0.996334743 0.003916158
0.009116857 0.997359116 0.003690568
0.009130948 0.992916189 0.003799798
0.00913951 0.990300865 0.003894545
0.009144584 0.999033617 0.003941785
0.009146802 0.987491574 0.004068631
0.010454448 0.989754767 0.003801029
0.010471305 0.990198121 0.003882118
0.010484567 1.000223201 0.00387011
0.010494818 0.995145439 0.003911011
0.010505745 0.995129458 0.00368931
0.010519833 0.995628993 0.003797825
0.010528393 0.990045551 0.003896044
0.010533465 0.997008878 0.003940475
0.010535682 0.991237043 0.004066625
0.011843336 0.993310609 0.0038038
0.011860192 0.989987245 0.003882998
0.011873453 0.99218751 0.003872214
0.011883702 0.987411217 0.003911706
0.011894634 0.992747553 0.003685281
0.011908718 0.993531383 0.003796938
0.011917276 0.992517015 0.003894291
0.011922347 0.995944975 0.003936445
0.011924563 0.990874635 0.004060423
0.013232225 0.993283055 0.003802118
0.013249078 0.991081679 0.003881396
0.013262338 0.994339195 0.003867782
0.013272586 0.996062815 0.003907464
0.013283522 0.991647487 0.00368813
0.013297603 0.985138709 0.003794005
0.013306159 0.9910773 0.003896883
0.013311228 0.9988429 0.00393994
0.013313443 0.992520543 0.004068399
0.014621114 0.997585519 0.003808617
0.014637965 0.992512342 0.00388372
0.014651223 0.993605851 0.003868359
0.01466147 0.990193065 0.003904754
0.01467241 0.994471557 0.003686174
0.014686487 0.995894765 0.003799241
0.014695042 0.998677687 0.003907602
0.01470011 0.994157588 0.00393654
0.014702323 1.000050416 0.00406909
0.016010003 0.995953879 0.003806982
0.016026852 0.99424627 0.003888499
0.016040109 0.988500194 0.003862951
0.016050354 0.991168154 0.003909871
0.016061299 0.993133789 0.00368668
0.016075372 0.988313814 0.003793284
0.016083925 0.995547706 0.003901239
0.016088991 0.994860423 0.003936517
0.016091204 0.999742576 0.004075349
0.017398892 0.989382828 0.003801564
0.017415739 0.996420871 0.003885669
0.017428994 0.994330685 0.003868022
0.017439238 0.993064698 0.003907918
0.017450187 0.990925306 0.003684268
0.017464257 0.987956706 0.003793084
0.017472808 0.990209556 0.003894518
0.017477873 0.993293252 0.003935188
0.017480084 0.993442334 0.004067996
0.01878778 0.990689902 0.003805561
0.018804626 0.994089174 0.003883813
0.018817879 0.994378298 0.003867827
0.018828122 0.987283388 0.003905371
0.018839075 0.988677295 0.003679807
0.018853142 0.99549581 0.003797367
0.018861691 0.989202669 0.00389541
0.018866754 0.990021661 0.00393203
0.018868964 0.993118043 0.004067516
0.020176669 0.991079949 0.003802551
0.020193513 0.990780084 0.003880051
0.020206765 0.990380909 0.003862129
0.020217006 0.995530707 0.003908866
0.020227963 0.994133564 0.003686332
0.020242027 0.990996252 0.003797663
0.020250574 0.999546226 0.003899917
0.020255635 0.985521899 0.003930227
0.020257844 0.998533507 0.004066904
0.021565558 0.99443956 0.003806285
0.0215824 0.984139048 0.003877387
0.02159565 0.986929734 0.003861843
0.02160589 0.992082654 0.003909209
0.021616852 0.998029331 0.00369077
0.021630912 0.994346469 0.0038012
0.021639457 0.9934156 0.003895058
0.021644517 0.993150483 0.003943723
0.021646725 0.99210143 0.00406333
0.022954447 0.992068437 0.003801147
0.022971287 0.997894963 0.003883909
0.022984535 0.990548352 0.003864025
0.022994774 0.993157325 0.003905551
0.02300574 0.993244742 0.003684217
0.023019797 1.001389558 0.003805387
0.023028339 0.990237007 0.003891073
0.023033398 0.991608169 0.003934209
0.023035605 0.996347235 0.004066164
0.024343336 0.987332572 0.003799118
0.024360173 0.991183269 0.003880682
0.02437342 0.983869503 0.003860644
0.024383658 0.992270403 0.003913479
0.024394628 0.992634742 0.003685909
0.024408681 0.991666079 0.003796839
0.024417222 0.993726122 0.00390037
0.02442228 0.99271866 0.003933165
0.024424485 0.992063178 0.004064604
0.025732224 0.993192919 0.003799864
0.02574906 0.990465187 0.003888224
0.025762306 0.993302642 0.003866262
0.025772542 0.994342983 0.003905654
0.025783517 0.990430221 0.003682981
0.025797566 0.990651715 0.003799217
0.025806105 0.995464144 0.003900018
0.025811161 0.993215725 0.003938229
0.025813366 0.99254142 0.004065807
0.027121113 1.002393357 0.003807753
0.027137947 0.994804027 0.003881614
0.027151191 0.990149328 0.003866111
0.027161426 0.994526901 0.003914044
0.027172405 0.991602016 0.003684185
0.027186451 0.993445931 0.003800709
0.027194988 0.999004874 0.003902603
0.027200043 0.991675119 0.003934151
0.027202246 0.999432092 0.00407284
0.028510002 0.987140161 0.003799092
0.028526834 0.984037528 0.003874576
0.028540076 0.992779253 0.003874636
0.02855031 1.000535735 0.003917751
0.028561293 0.994547845 0.003687717
0.028575336 0.993299917 0.003802
0.028583871 0.995262834 0.003897464
0.028588924 0.986252654 0.003931371
0.028591126 0.994111404 0.004069717
0.029898891 0.995787919 0.003803531
0.029915721 0.989877824 0.0038826
0.029928962 1.001227295 0.003875864
0.029939194 0.992396322 0.003910491
0.029950181 0.990100395 0.00368284
0.029964221 0.995901108 0.003798107
0.029972754 0.999980888 0.003898552
0.029977806 0.986960323 0.003937882
0.029980007 0.998113523 0.004071995
0.03128778 0.995443702 0.003802128
0.031304608 0.987683924 0.00387896
0.031317847 0.998521629 0.003872831
0.031328078 1.000405439 0.00391584
0.03133907 0.993191559 0.003690683
0.031353106 0.99163656 0.003796048
0.031366687 0.991998622 0.003934711
0.031368887 0.994423078 0.004063851
0.032676668 0.98760349 0.003797792
0.032693494 0.992044651 0.003881943
0.032706732 0.989083913 0.003869062
0.032716962 0.998080042 0.003919694
0.032727958 0.991846092 0.003685923
0.032741991 0.996842667 0.003802061
0.03275052 0.996532676 0.00389354
0.032755569 0.992199438 0.003935159
0.032757767 0.996005699 0.004080078
0.034065557 0.992298308 0.003805589
0.034082381 0.995633191 0.003886426
0.034095618 1.004635245 0.003879697
0.034105846 0.997559708 0.003914368
0.034116846 0.993302722 0.003692304
0.034130875 0.992698153 0.003797652
0.034139403 0.988561109 0.003890028
0.03414445 0.994546021 0.003942606
0.034146647 0.990742764 0.004071742
0.035454446 0.991541826 0.003797731
0.035471268 0.998772861 0.003888815
0.035484503 0.996678389 0.003865261
0.03549473 0.995815828 0.003910796
0.035505735 0.991995368 0.003693698
0.03551976 0.996485067 0.003802405
0.035528286 0.99591914 0.003896059
0.035533332 0.987537406 0.003932039
0.035535528 1.002031706 0.004071171
0.036843335 0.99696113 0.003804783
0.036860155 0.998589792 0.003885135
0.036873388 0.994606378 0.003865304
0.036883614 1.000773861 0.003918304
0.036894623 0.993093367 0.003686871
0.036908645 0.990213551 0.003793664
0.036917169 0.994703424 0.003891946
0.036922213 0.996681521 0.003941297
0.036924408 0.995825129 0.004071989
0.038232224 0.99413652 0.003803478
0.038249042 0.993739944 0.00388324
0.038262274 0.991304279 0.003866869
0.038272498 0.987516476 0.003906565
0.038283511 0.988458663 0.003682287
0.03829753 0.986464195 0.003792663
0.038306052 0.997020117 0.00389595
0.038311095 0.989539793 0.003930105
0.038313288 0.996770135 0.004071579
0.039621112 0.998392321 0.003802999
0.039637929 0.99711334 0.003884377
0.039651159 0.998240502 0.003870121
0.039661383 0.999618707 0.003922705
0.039672399 0.99770403 0.003688809
0.039686415 0.996686295 0.00379921
0.039694935 0.994363376 0.003893055
0.039699976 0.993557654 0.003936689
0.039702169 1.001567137 0.004073401
0.041010001 0.99973927 0.00380659
0.041026816 0.999315326 0.003885269
0.041040044 0.994372455 0.003864498
0.041050267 0.988902413 0.003916108
0.041061288 0.99321337 0.003688056
0.0410753 0.998328286 0.00380246
0.041083818 0.996468986 0.003895174
0.041088858 0.996465519 0.003938529
0.041091049 0.997682015 0.004080731
0.04239889 0.993068323 0.003801476
0.042415702 0.992103276 0.003883808
0.04242893 0.999263965 0.003875136
0.042439151 0.99551877 0.00391461
0.042450176 1.002238554 0.003696277
0.042464184 0.995581012 0.003804943
0.042472701 0.994302006 0.003891149
0.042477739 0.991170861 0.00393826
0.042479929 0.998758944 0.004075192
0.043787779 1.004547584 0.003812074
0.043804589 1.002800468 0.003903307
0.043817815 0.999359807 0.003871161
0.043828035 0.996486919 0.003914121
0.043839064 0.99551901 0.003691803
0.043853069 1.006426073 0.003805044
0.043861584 0.990232713 0.003893326
0.043866621 0.993521956 0.003933857
0.043868809 1.001870276 0.00407405
0.045176668 0.992571928 0.00380128
0.045193476 0.997795881 0.003884306
0.0452067 0.995837272 0.003874052
0.045216919 0.996036272 0.003913939
0.045227953 1.000659637 0.003697093
0.045241954 0.994200283 0.003803649
0.045250467 0.997176952 0.003898487
0.045255502 0.997729569 0.003941465
0.04525769 1.000257378 0.004081165
0.046565556 1.004079308 0.003811455
0.046582363 1.001582007 0.003891305
0.046595586 0.994853821 0.003869786
0.046605803 1.001853385 0.003917323
0.046616841 0.99087129 0.00368862
0.046630839 0.993246729 0.003800924
0.046639349 1.003562367 0.003904003
0.046644383 1.000634616 0.003942674
0.04664657 0.989383038 0.004071407
0.047954445 0.996084695 0.003802121
0.04797125 1.006785932 0.003893418
0.047984471 0.998052072 0.003876419
0.047994687 1.003472738 0.003920443
0.048005729 0.998495025 0.003692569
0.048019724 1.002204478 0.003805153
0.048028232 1.000422109 0.003899097
0.048033265 0.997699086 0.003940059
0.04803545 1.005501153 0.004076958
0.049343334 1.001367592 0.003810104
0.049360137 0.994150362 0.003884734
0.049373356 0.999488526 0.003873187
0.049383571 1.000027917 0.003919623
0.049394617 0.997446873 0.003693575
0.049408609 0.993832593 0.003804291
0.049417115 0.998070721 0.003899119
0.049422146 0.998650704 0.003949659
0.049424331 1.003234078 0.004078763
0.050732223 1.003706258 0.003810237
0.050749023 0.998886284 0.003885911
0.050762241 0.998086866 0.003875221
0.050772455 0.99457795 0.003913938
0.050783506 0.995256308 0.00369225
0.050797493 0.998377579 0.00380466
0.050805998 1.003621538 0.003907729
0.050811028 0.995583525 0.003940511
0.050813211 1.00423652 0.00407936
0.052121111 0.997002736 0.003803074
0.05213791 1.002366741 0.003885795
0.052151127 0.997665137 0.003871537
0.052161339 1.001136457 0.003920671
0.052172394 1.004277646 0.003699393
0.052186378 0.998561791 0.003804376
0.052194881 0.997061494 0.003895657
0.052199909 1.004013898 0.003942759
0.052202091 0.999834415 0.004074331
0.05351 0.998531826 0.003804055
0.053526797 0.993160213 0.003881564
0.053540012 0.9961102 0.003870468
0.053550223 0.998489009 0.003919231
0.053561282 0.997827632 0.003690596
0.053575263 0.999585074 0.003808935
0.053583764 0.995258032 0.003897855
0.053588791 1.007901532 0.003945987
0.053590971 1.004476958 0.004082197
0.054898889 1.00293035 0.003809152
0.054915684 0.9961526 0.003888173
0.054928897 0.999104667 0.003873442
0.054939107 1.002541046 0.003926069
0.054950171 0.994816847 0.003691361
0.054964148 1.004840728 0.003807719
0.054972647 0.99762069 0.003901526
0.054977672 1.004978101 0.003945749
0.054979852 0.998718461 0.004078197
0.056287778 0.999942324 0.003807511
0.056304571 1.002378762 0.003889878
0.056317783 1.001081034 0.003878771
0.056327991 0.999935768 0.003922433
0.056339059 1.000844059 0.003693433
0.056353033 1.000869908 0.0038044
0.05636153 0.999801572 0.003897763
0.056366554 0.991433047 0.00393579
0.056368732 1.005714495 0.004075264
0.057676667 1.000889856 0.003808653
0.057693458 1.001124202 0.003895575
0.057706668 0.999483776 0.003871972
0.057716875 1.002629765 0.003922596
0.057727947 1.001235726 0.003692566
0.057741918 0.994482218 0.003798853
0.057750413 0.991179069 0.003892645
0.057755435 1.00243544 0.003939849
0.057757612 0.999174666 0.004078416
0.059065555 0.997773565 0.003805392
0.059082344 0.998726599 0.003884901
0.059095553 1.002903059 0.003880521
0.059105759 1.003463946 0.003924393
0.059116835 0.995259484 0.003689352
0.059130802 0.994463688 0.003802051
0.059139296 0.99033074 0.003889796
0.059144317 0.998592244 0.003937944
0.059146493 1.011516302 0.004084545
0.060454444 0.998952083 0.003811543
0.060471231 1.001756596 0.00389413
0.060484439 0.99732803 0.003874038
0.060494643 1.000078975 0.003920424
0.060505724 0.999323549 0.003692815
0.060519687 0.993312875 0.003800877
0.060528179 1.002351902 0.0039003
0.060533198 0.994783905 0.003936469
0.060535373 0.998993146 0.004074114
0.061843333 1.002439165 0.00380923
0.061860118 1.000730201 0.003887392
0.061873324 1.010904711 0.003881248
0.061883527 1.004982371 0.00392579
0.061894612 1.000664764 0.003697777
0.061908572 0.996261116 0.003804315
0.061917062 0.995533291 0.003894848
0.06192208 1.000118002 0.003941474
0.061924253 1.005034847 0.004083971
0.063232222 1.003044521 0.00380874
0.063249005 1.002054167 0.003886031
0.063262209 1.001474559 0.00387758
0.063272411 0.996589408 0.003924539
0.0632835 1.000786474 0.003691679
0.063297457 0.999165695 0.003802991
0.063305945 0.997916518 0.003893627
0.063310961 1.003737848 0.003948565
0.063313134 1.002562153 0.004081352
0.06462111 1.000042986 0.003806295
0.064637892 0.998386006 0.003887957
0.064651095 0.995188889 0.00387557
0.064661295 1.001010546 0.003921416
0.064672389 0.993384667 0.003685998
0.064686342 1.001107325 0.003805435
0.064694828 0.99616569 0.003894833
0.064699842 1.004851229 0.003940049
0.064702014 0.998445593 0.004075054
0.066009999 0.999762108 0.003806442
0.066026779 0.994086065 0.003881048
0.06603998 0.995955354 0.003873007
0.066050179 0.999320315 0.003921563
0.066061277 1.005886309 0.003701671
0.066075227 0.997672114 0.003804271
0.066083711 1.003643554 0.003895711
0.066088724 0.997681013 0.003939328
0.066090894 0.995499247 0.004071004
0.067398888 0.990990714 0.003801037
0.067415665 0.998177259 0.003883209
0.067428865 0.992532287 0.00387464
0.067439063 0.996683474 0.003921413
0.067450165 0.998098173 0.003693966
0.067464111 1.004878124 0.003815352
0.067472593 0.998035372 0.003890978
0.067477605 1.00323774 0.003948238
0.067479774 0.997507217 0.004071008
0.068787777 1.002552618 0.003804514
0.068804552 0.994132791 0.003880492
0.06881775 0.996886659 0.003875065
0.068827947 1.000846603 0.003925871
0.068839053 1.00576163 0.003700818
0.068852996 0.994289064 0.003801295
0.068861476 0.996717424 0.003892205
0.068866487 1.00833493 0.003945409
0.068868655 0.997782575 0.004074359
0.070176666 1.005814605 0.003810432
0.070193439 1.002940592 0.00388569
0.070206636 1.004241443 0.003883205
0.070216831 1.002685666 0.003924645
0.070227942 1.002944229 0.003697197
0.070241881 0.999126481 0.003806769
0.070250359 0.998580619 0.003893371
0.070255368 0.998643426 0.003938332
0.070257535 1.002219713 0.004077695
0.071565554 1.007457051 0.003809213
0.071582326 0.994218501 0.003881045
0.071595521 1.002469891 0.00387835
0.071605715 1.003349655 0.003928369
0.07161683 0.999747338 0.003692008
0.071630766 1.001434172 0.00380593
0.071639242 1.003217518 0.00389941
0.07164425 1.001398259 0.003938296
0.071646415 1.004985341 0.004080929
0.072954443 1.005819739 0.003811664
0.072971213 1.002239017 0.003882218
0.072984406 0.990967731 0.003868254
0.072994599 1.00082525 0.003927141
0.073005718 0.99692919 0.003690947
0.073019651 1.00014861 0.003803547
0.073028125 0.996230953 0.003894989
0.073033131 0.998868169 0.003936822
0.073035295 1.000722519 0.004076569
0.074343332 1.001484419 0.003806775
0.074360099 1.001871204 0.003888513
0.074373292 0.995034898 0.003869537
0.074383483 1.0004641 0.00392582
0.074394607 0.999177695 0.003691612
0.074408535 1.006415001 0.003809915
0.074417008 0.999303548 0.003898233
0.074422013 0.999121289 0.003937881
0.074424176 1.001915916 0.004079841
0.075732221 1.002637468 0.003806509
0.075748986 0.994060465 0.003875821
0.075762177 1.000968446 0.003872524
0.075772367 1.005598989 0.003934131
0.075783495 0.996145283 0.00370065
0.07579742 1.00485954 0.003809125
0.075805891 0.997581892 0.003892427
0.075810894 0.998888658 0.003939465
0.075813056 1.000431348 0.004081678
0.077121109 0.998523519 0.00380617
0.077137873 0.996566577 0.003881382
0.077151062 0.99947611 0.003877079
0.077161251 1.003066669 0.003924905
0.077172383 0.991953906 0.003689287
0.077186305 0.99955397 0.003808823
0.077194774 1.004386428 0.003901974
0.077199776 1.001712665 0.003936456
0.077201936 1.000548811 0.004079161
0.078509998 1.002300031 0.003804665
0.07852676 0.992047721 0.003876201
0.078539948 0.999790409 0.00387183
0.078550135 0.999638334 0.003925801
0.078561271 0.999024961 0.003698043
0.07857519 0.993365813 0.003797942
0.078583657 0.999817058 0.003894548
0.078588657 0.996699409 0.003934777
0.078590817 0.99804959 0.004079739
0.079898887 1.008643655 0.003814713
0.079915647 0.995612239 0.003882063
0.079928833 0.998766227 0.00387499
0.079939019 0.997539632 0.003924415
0.07995016 0.997307534 0.003694549
0.079964075 1.003814734 0.003811885
0.07997254 0.999626529 0.003891983
0.079977538 0.994155115 0.003933019
0.079979697 1.006319159 0.004084336
0.081287776 0.99601443 0.003802908
0.081304534 0.995458483 0.003876886
0.081317718 0.997462924 0.003873374
0.081327903 0.998049029 0.003924425
0.081339048 1.001782679 0.003705316
0.08135296 1.000930519 0.003813622
0.081361423 0.994148516 0.003893048
0.08136642 0.99773958 0.003935342
0.081368577 0.999976842 0.004077948
0.082676664 1.003416854 0.003808651
0.08269342 0.99809438 0.003882305
0.082706603 1.004067851 0.003875452
0.082716787 1.001070012 0.003927636
0.082727936 0.995104009 0.003690126
0.082741844 1.006541586 0.003814053
0.082755301 0.997331503 0.003934344
0.082757457 0.996612142 0.004080756
0.084065553 1.000384593 0.003808336
0.084082307 1.00425774 0.003894559
0.084095489 1.002055625 0.003873371
0.084105671 0.99819319 0.003928417
0.084116824 1.003148732 0.003693933
0.084130729 0.998477561 0.003805626
0.084139189 0.9989163 0.003890874
0.084144183 0.993239454 0.003934988
0.084146338 0.999897815 0.004075462
0.085454442 1.004248699 0.003810617
0.085471194 0.990866717 0.003872542
0.085484374 0.994662832 0.003874471
0.085494555 1.003155831 0.003930177
0.085505713 0.993718255 0.003690521
0.085519614 0.9935017 0.003802445
0.085528071 1.002817629 0.003906024
0.085533064 0.993829779 0.003931949
0.085535218 0.993967906 0.004078197
0.086843331 1.000123067 0.003804185
0.086860081 0.998489897 0.003881737
0.086873259 1.002806155 0.003877435
0.086883439 1.001080022 0.00392784
0.086894601 0.997235347 0.003692338
0.086908499 0.995632062 0.003804177
0.086916954 1.006716261 0.003901556
0.086921946 1.002664288 0.00395105
0.086924098 1.000949976 0.004078577
0.088232219 1.00195983 0.003808648
0.088248968 1.004552612 0.003881374
0.088262145 0.998644854 0.00387523
0.088272323 1.000994883 0.003930534
0.088283489 1.002629698 0.003704002
0.088297384 1.001124923 0.003804623
0.088305837 0.997066651 0.003900666
0.088310827 0.995829996 0.003931963
0.088312979 1.003961463 0.004083249
0.089621108 0.997590244 0.003802711
0.089637854 0.995287412 0.003877408
0.08965103 0.999220877 0.003882945
0.089661207 0.999299338 0.003926165
0.089672378 0.999447553 0.003697623
0.089686268 1.003344672 0.003811872
0.08969472 1.00473592 0.003901452
0.089699709 0.991194627 0.003928265
0.089701859 1.00434083 0.004076254
0.091009997 1.000694697 0.003802613
0.091026741 0.996398665 0.003879985
0.091039915 1.000525084 0.003874841
0.091050091 0.999322812 0.003925906
0.091061266 0.999120112 0.003692366
0.091075153 1.002371339 0.00380739
0.091083603 1.003535946 0.003896903
0.09108859 0.996857493 0.003933975
0.091090739 0.995683146 0.00408093
0.092398886 0.999304051 0.003803743
0.092415628 1.000670683 0.00388145
0.0924288 1.001775091 0.003879759
0.092438975 0.997745572 0.003926296
0.092450154 0.998194563 0.003697623
0.092464038 0.999887071 0.003807192
0.092472486 0.99922008 0.003890468
0.092477472 0.994571523 0.003934397
0.092479619 0.997184494 0.004081732
0.093787774 0.992477056 0.003800534
0.093804515 1.006258699 0.003885804
0.093817686 0.999958895 0.003875188
0.093827859 1.004604976 0.003934482
0.093839042 0.999516298 0.003697409
0.093852923 0.998255557 0.003809134
0.093861369 0.997574881 0.00389012
0.093866353 1.002474458 0.003936957
0.0938685 0.998195041 0.004079368
0.095176663 0.996600335 0.003804565
0.095193402 0.998488929 0.00387712
0.095206571 0.99525982 0.003874093
0.095216743 1.001408172 0.003934478
0.095227931 0.999469396 0.003692708
0.095241808 0.993820433 0.003803133
0.095250252 1.002267111 0.003898729
0.095255234 0.998243525 0.003933496
0.09525738 0.995829674 0.004076278
0.096565552 1.001038904 0.003807528
0.096582288 1.000870534 0.003881485
0.096595456 0.996190853 0.003875204
0.096605627 1.00266717 0.003930812
0.096616819 0.999576576 0.003691826
0.096630692 0.998168397 0.00380896
0.096639135 1.007362531 0.003899289
0.096644116 0.999162338 0.003933176
0.09664626 1.003024745 0.004085445
0.097954441 1.002363133 0.003808722
0.097971175 0.997605313 0.003880404
0.097984342 0.997744065 0.003883415
0.097994511 1.001825733 0.003931608
0.098005707 0.999901642 0.003692589
0.098019577 0.998491131 0.003805768
0.098028018 1.003111192 0.003896895
0.098032997 0.997875298 0.003935817
0.098035141 1.009085614 0.004080213
0.099343329 0.997233368 0.003803461
0.099360062 1.00167581 0.003879181
0.099373227 0.99839273 0.003874703
0.099383395 0.999383406 0.003927094
0.099394595 0.992374502 0.003686255
0.099408462 0.99353197 0.003802194
0.099416901 0.996180609 0.003896359
0.099421879 0.998180944 0.003933386
0.099424021 0.998912726 0.004079679