-0.2507051098855583 0.9998041376549265 0.0003403102850488606
-0.2506715273486865 0.9999443036621543 0.000337183904479984
-0.25065642197286153 1.0001163658994112 0.0003375242734093365
-0.24931622534680273 0.9999375580383938 0.00034021664496241633
-0.2492826295481333 1.0003827699938614 0.00033737687156168634
-0.24926752440605116 1.0001490320822524 0.0003376012484050756
-0.24792734080895806 1.000113954728987 0.00034035709513145817
-0.24789373174871798 0.9996469027508187 0.000337270075516962
-0.24787862683878267 0.9994952420110503 0.00033745169283455135
-0.24653845650394404 1.0009229568507259 0.0003404235025115346
-0.24650483394930267 1.0001333172785063 0.0003373028523603359
-0.24648972927197232 0.9996403014257921 0.0003375438862368716
-0.24514957196518852 0.9996314201306069 0.000340133259535699
-0.2451159361487495 1.0001783506212785 0.00033708828333126175
-0.24510083170515928 1.000466095735534 0.00033782230884970947
-0.24376068742733845 0.9997513692541322 0.00034022623963323167
-0.24372703834933418 0.9997456850027314 0.0003374934763046579
-0.24371193413766445 1.0001125969181446 0.0003377451499368107
-0.24237180288949375 0.9997432237090425 0.00034030949864949063
-0.2423381407827495 0.9997636431848167 0.00033745784989651936
-0.24232303657016963 0.9994868759151887 0.00033756041461683293
-0.24098291858379525 0.9998761669025308 0.00034019199291144766
-0.24094924298219633 1.0001651311155153 0.0003374744356497908
-0.2409341390042674 0.9998923580067149 0.00033759653548413377
-0.2395940340457242 0.9993211909623105 0.0003399345807326183
-0.23956034518255398 0.9998718998062457 0.00033729288945966174
-0.23954524143813616 1.000341462212407 0.0003376735685363095
-0.23820514950787955 1.0000833405158147 0.00034018088452029207
-0.238171447383138 0.9998306973521478 0.0003374456399303165
-0.2381563438706413 0.999422900147845 0.0003376520165554975
-0.23678254958281253 1.0001566230658931 0.00033757928740377874
-0.23676744630383095 0.9997917321085357 0.00033751549727748935
-0.2354273806645627 0.9997016019984869 0.00034017032913899356
-0.23539365178271476 0.9999492110285273 0.0003375512322601803
-0.23403849612648628 1.0001521875488646 0.0003402115607660592
-0.2340047539830724 1.0000090938368424 0.0003375403287309901
-0.23398965116975212 1.000187628224692 0.00033764811785462793
-0.23264961158795713 1.0001168017228532 0.0003401854732152554
-0.23261585618342873 1.0006274193740954 0.0003377119186001964
-0.2326007536029364 0.999623706396773 0.00033740815435469816
-0.23126072728294308 0.9996300764875199 0.0003400421229592779
-0.23122695838333096 0.9998858376589038 0.00033742210643581896
-0.23121185603612604 0.9995310480446706 0.00033757367513453316
-0.22987184274509842 0.9993975727529607 0.0003400557924752996
-0.2298380605836886 1.0004993312071002 0.00033771393110588614
-0.22982295846885756 0.9999336689079885 0.0003376776239470708
-0.2284829582063429 0.9998646685692119 0.0003400250482878203
-0.22844916278404492 1.0007058603948475 0.00033789172259785356
-0.2284340609020472 0.9996147947519162 0.00033758591614167977
-0.22709407390132885 1.0004549701594623 0.00034009387107970476
-0.22706026498394716 0.9995921469872494 0.00033764436765264515
-0.22704516333523417 1.0004713366879292 0.00033749348092250474
-0.2257051893634788 1.0002476798156947 0.00034014392132868804
-0.2256713671843048 0.9993790719610821 0.00033752840074393714
-0.22565626576796838 1.0004117524355298 0.00033758599407857667
-0.22431630482472328 0.9997103499377228 0.00034006227318551997
-0.22428246938466112 1.0002971877001825 0.0003378333858490732
-0.22426736820115264 1.0006514450393131 0.0003377430179473871
-0.22292742051970924 0.9998446036939991 0.0003400738762350261
-0.22289357158433631 1.0003265951274423 0.000337799768882828
-0.2228784706343423 1.000145031392596 0.0003378157442182915
-0.22153853598186457 1.0006641495863726 0.0003403304525270284
-0.2215046737840115 1.0002277837474707 0.00033785709202262644
-0.2214895730670738 0.9997098317667843 0.00033761151371876054
-0.2201496514433354 1.000490954245328 0.00033997231102304143
-0.22011577598436782 0.9999607975534017 0.0003379028546149337
-0.22010067550026347 1.0001691249949718 0.00033765371597400945
-0.218760767138095 0.9999560094824103 0.0003403029000075823
-0.2187268781849525 1.0002476559389624 0.00033782392794642376
-0.21871177793345042 0.9996500184767484 0.00033766943885340383
-0.21737188260024495 0.9992535124633795 0.0003400032589695632
-0.2173379803846277 1.0001941090523043 0.00033786415779243613
-0.217322880133354 1.0000442358563388 0.0003376092736531504
-0.21598299806194754 0.9998284934167005 0.0003400233896459843
-0.21594908258498402 0.9996266761006641 0.0003378644940992756
-0.21593398256563012 0.9996390119690528 0.0003376411169275807
-0.21459411375693352 1.0002046876864796 0.0003401784197263034
-0.21456018478534167 1.0000938738477751 0.0003378992784925158
-0.21454508499904343 0.9998864514630795 0.0003376598369109616
-0.21320522921885707 0.9996519814375564 0.00033998530162788
-0.2131712869852439 1.0003218100978102 0.00033801250999390274
-0.21315618743245943 0.999889797724962 0.00033767459953500865
-0.21181634468032792 0.9998106135801959 0.0003400327031896297
-0.21178238918560022 1.0006722979666764 0.0003379960443422553
-0.21176728986473825 1.0002248388063018 0.00033773169997593444
-0.21042746014248323 1.0000347525313673 0.00034007160620166835
-0.21039349138595786 1.0006659229813704 0.0003379920126101442
-0.21037839229815425 1.0001502373199154 0.0003377920011875988
-0.2090385758374692 1.000233618361244 0.00033991472347018076
-0.2090045935858601 1.0013760143391126 0.0003381640350705522
-0.20898949473157025 0.9986171566501174 0.00033731224075888054
-0.2076496912987137 1.0004590682447476 0.00034021178295034305
-0.20761569578621641 1.0003452133858841 0.00033814917084115995
-0.20760059716384638 0.9992639287333063 0.00033774700601000044
-0.20626080676086903 1.000452651043881 0.00034027778205568697
-0.20622679798748356 1.000910984729969 0.00033821234568845123
-0.2062116995970333 0.9997983081629268 0.0003376341441818848
-0.20487192245494415 1.0004432535562393 0.00034008454802309434
-0.20483790018783987 1.000566117080398 0.0003382248533037954
-0.20482280203044934 1.0000729216150035 0.0003377452797888511
-0.2034830379157305 0.9997275270274558 0.00033996701473129414
-0.20344900238751507 0.9998803728864759 0.00033789760072133057
-0.2034339044629545 0.9998589919298682 0.00033776705501665263
-0.20209415337788583 1.0000004825527742 0.0003400330429623789
-0.20206010458809975 1.0001268537969394 0.00033800194982118816
-0.20204500689614413 1.0005718517022666 0.00033796315703465784
-0.20070526907287178 1.0001649553229444 0.0003399952267013271
-0.20067120678845607 1.0003799536346538 0.00033825733839326996
-0.2006561093293284 0.9997848168551745 0.0003377727488048296
-0.19931638453434264 0.9997054750004634 0.0003400078774486239
-0.19928230898813126 1.0005548111550426 0.0003382239254428148
-0.19926721176206263 1.0003767623034754 0.00033773446553187094
-0.1979275002286441 1.000198256050754 0.0003399631926058981
-0.19789341118871595 0.9997797366254118 0.00033807537673341916
-0.19787831419524957 0.999907417591788 0.0003378070169159426
-0.19653861569079945 1.0000987349001556 0.00034007733019433096
-0.19650451315624162 0.999666734943963 0.00033814492813696693
-0.19648941662934738 1.000338283178958 0.00033774970350367234
-0.19514973115295478 0.9998924004909621 0.0003400770876695291
-0.19511561535568978 1.0005713487550263 0.00033828025863380707
-0.1951005190625343 0.9995248494665399 0.00033726072009344855
-0.1937608468470299 1.000171852208028 0.00034016232451730477
-0.193726717555592 1.0001558769646917 0.0003382891553188874
-0.19371162149526855 1.0002137520068317 0.00033774233225813017
-0.19237196230917983 0.9999352979098703 0.00033993343856185214
-0.19233781975594832 1.0006397029248704 0.0003382758053087661
-0.1923227239284555 0.9994382793361463 0.0003376707899452903
-0.19098307777133514 1.0002701229380027 0.00034000359937609603
-0.19094892195630597 0.9997507899268832 0.0003382688905526032
-0.19093382636164513 1.0000478635264103 0.00033782260437751943
-0.1895600241562082 1.000270813578119 0.0003381056671180773
-0.18954492879437668 0.9995994962066062 0.00033785718268132157
-0.1882053089275656 1.0011963142688016 0.00034012500304245
-0.18817112635656452 1.0008223827633065 0.00033851130453607236
-0.18815603122756364 0.9999783963494301 0.00033766866624188616
-0.18681642438972093 0.9996774071966447 0.0003398585148330778
-0.18678222855692217 1.0001640208552363 0.0003383980486155767
-0.1854275400840224 1.0005557144370365 0.0003400709952627045
-0.18539333052399376 1.000949774224477 0.00033842884219990833
-0.1853782358604251 0.9997802088460369 0.00033777134380742806
-0.18403865554594598 1.0002567537093798 0.0003400788437153222
-0.18400443272435008 1.0000159018758914 0.00033848194045134024
-0.18398933829384112 0.9995495343495009 0.0003378654566547394
-0.18264977100810129 1.0001548487695409 0.00034007117961767013
-0.18261553492470772 1.0003112190088919 0.00033845371080072737
-0.18260044072703074 1.000645394481642 0.0003378296758956377
-0.18126088670262916 0.9998046278609367 0.00033997762904709186
-0.18122663712460996 0.9998116676016077 0.000338309793849522
-0.18121154315930688 0.9994731547238259 0.00033779139272376447
-0.17987200216478447 0.9994516058198059 0.00034001528021382837
-0.17983773932405678 1.0003526779495902 0.0003385703020978229
-0.17982264559272018 1.000001930061325 0.0003378539632620357
-0.17848311785954407 1.000123319059874 0.0003399632322985849
-0.17844884152464147 1.000273609311292 0.0003385262903135521
-0.17843374802613618 1.0002444813948412 0.00033786110208080725
-0.17709423332101493 1.000087337839939 0.00033998621494324226
-0.1770599434923955 1.0005545527992226 0.00033876396890934095
-0.177044850458415 1.0002642751374264 0.0003378806948376276
-0.17570534878317023 0.9998073922299637 0.0003398252011809572
-0.17567104569184233 0.9995504388695353 0.00033858979843023917
-0.175655952891831 0.9995796238299154 0.0003378142739356745
-0.17431646447815083 0.9999828310290699 0.00033984538987129884
-0.17428214789242702 0.9998701447204235 0.00033859310387827007
-0.174267055325247 0.9995882142950981 0.0003378193759000089
-0.1729275799393953 0.9999046494207504 0.00033998487631250524
-0.1728932500930117 1.0003299897241889 0.0003385470248944779
-0.17287815775752313 0.9993407351384748 0.00033768210147656414
-0.17153869540155062 0.9998072154037808 0.0003397575636265042
-0.17150435229245853 1.0006299549715434 0.00033887086285089687
-0.17148926019071006 0.9996639747753444 0.0003377746137618958
-0.1701498110965366 1.0001613502746467 0.00034003028849950815
-0.17011545425998553 0.9998954506869827 0.0003385343305708435
-0.1701003626241261 1.0007638253249969 0.00033788705810765225
-0.16876092655778108 1.0007667205162625 0.0003399916868266083
-0.16872655646056955 1.0005184520128476 0.0003386363463135152
-0.16871146505663126 0.9994884331531436 0.00033777992924317304
-0.16737204225276703 1.0005796997444618 0.00034003294673603
-0.16733765866024408 1.0002583359702157 0.0003386692356006907
-0.16732256748936278 0.9994193744774259 0.0003377570680824362
-0.16598315771491698 0.9999275806067682 0.0003398624164427786
-0.16594876086014632 1.0000453311586635 0.00033871362641316785
-0.16593366992255243 1.0002605329286145 0.00033786730091138375
-0.16459427317661957 1.0000126575115154 0.0003398853117269379
-0.16455986282767332 1.000776386008501 0.00033882749255970167
-0.1645447723557394 1.0006051061232766 0.00033789338246555264
-0.16320538887137379 0.9997867152500798 0.00033993841696556984
-0.16317096502893913 1.0004737519302263 0.0003388661177162709
-0.1631558747884736 1.0002643647829186 0.00033789129721441117
-0.16181650433330275 1.0001496707020767 0.00034007033581263604
-0.16178206722929678 0.9995858165217554 0.00033858729960333195
-0.16176697722166056 0.9996934176135456 0.00033786194721286984
-0.16042761979499995 1.0002604371369312 0.0003398507655805049
-0.1603931694296531 1.0000088033135652 0.000338747404624326
-0.16037807942201687 0.9997356778107493 0.00033792870763361114
-0.1590387354899859 0.9997482124659364 0.0003397960405065047
-0.1590042713971801 1.0001246180352747 0.0003388431006470904
-0.1589891818547484 1.0000413964908665 0.00033787471170973124
-0.15764985095214124 1.0002789553143818 0.00033981125232080046
-0.15761537359708233 1.0004766992229488 0.0003388388351086611
-0.15760028428793804 1.0000684605014556 0.000338134973134046
-0.15626096664621636 1.0001607195049966 0.0003398192754440861
-0.15622647579652915 1.0002392464131777 0.00033896085321544065
-0.156211386721125 1.0006075431409123 0.00033777620584960144
-0.1548720821083717 0.9999267907413953 0.0003398683060154177
-0.1548375777642832 1.0003063998419373 0.000338875290914527
-0.1548224891538592 0.9993004507345681 0.0003378307742141348
-0.15348319757052162 1.0003303956416438 0.0003398791521864775
-0.15344867996486788 1.000227034868845 0.00033886508534795905
-0.15343359158704617 0.9994294775935574 0.00033801913460724387
-0.15209431326459674 0.999716903517688 0.0003396401703307686
-0.1520597821643147 1.0006216920706117 0.00033893955387582906
-0.15204469402068854 1.0001022258631955 0.00033796502233304895
-0.15070542872675205 1.000818837902804 0.00033996772526788817
-0.15067088436467235 1.0000715853214945 0.00033883358048773956
-0.15065579645410185 0.999747183157932 0.0003378758180561329
-0.14931654442173803 0.9995861122016639 0.00033971256182724335
-0.14928198633242573 0.9998736113806932 0.0003388812024809892
-0.14926689888751787 0.9996621538607857 0.00033783960102369765
-0.1479276598829825 0.9999561590526264 0.00033964337238954215
-0.14789308853210026 0.9998315177695272 0.000338925679663367
-0.1465387753446797 1.0004059566699621 0.0003398114377069529
-0.1465041907324579 1.0004386444868292 0.00033907445556725994
-0.14648910375321267 0.9999026273617382 0.00033791672994188353
-0.1451498910396657 0.9998317453985223 0.0003399140774166023
-0.14511529270021128 1.0001545018146123 0.00033902948359470966
-0.145100206186626 1.0000919017980625 0.0003379167397361031
-0.143761006501821 0.9997396171186832 0.0003398301905442158
-0.1437263948998858 1.0004118225992729 0.00033911897594637993
-0.14371130861981293 0.9994602913447932 0.00033789152170860177
-0.14237212219589612 0.9999337103563244 0.0003398689763634137
-0.14233749709978805 1.0004012144278962 0.00033909721057954025
-0.14232241105209176 0.9996519494897272 0.0003377968762776615
-0.14098323765804607 0.9997890704589693 0.00033980653909612566
-0.14094859906731505 0.9999645334077213 0.0003390557619448408
-0.14093351348482328 1.0000403218473695 0.00033783852508011993
-0.13959435335303202 1.00004235084045 0.0003397976237679534
-0.13955970126767137 1.0007875845146463 0.0003391921327888334
-0.13954461591801293 0.9996806316065894 0.000337761309295071
-0.1382054688142765 0.999911658489863 0.000339746420650614
-0.1381708034675736 1.0005107183014335 0.0003391738323670622
-0.13815571811836924 1.0004959826699422 0.0003380099598847802
-0.13681658427643184 0.9997195139972153 0.00033973916427288775
-0.1367819054351006 1.0002393389298938 0.0003391522126264162
-0.13676682055110345 0.9999442861156631 0.00033755351246561794
-0.1354276999714178 0.99948707704209 0.00033958481751477455
-0.13539300763545692 1.0004017235170737 0.00033927996415102096
-0.1353779229842904 0.9995980044076509 0.0003377900001112433
-0.13403881543266227 0.9999638142449435 0.00033966926711335456
-0.1340041096025285 1.0006463997788415 0.00033947826623344695
-0.13398902541747737 0.9997801870867337 0.0003375303994800637
-0.13264993112764287 0.9996237317725888 0.0003396864579142269
-0.13261521180288616 1.000853030300108 0.00033932829791779266
-0.1326001278502089 1.0000576576961429 0.0003378407371886525
-0.13126104658979817 0.9996695881807783 0.0003396863901952095
-0.13122631400324247 0.9998571255698558 0.00033925048211578423
-0.13121123028339854 0.999893549678593 0.00033786699319199526
-0.12987216228433143 0.9999622663062299 0.0003397505834540552
-0.12983741597008702 1.0008740323528575 0.0003393310050262143
-0.1298223327165855 0.9996173487582588 0.0003378778564646316
-0.12848327774625498 0.9999690220592232 0.0003399008653705427
-0.12844851816976222 1.000130729722795 0.0003394091110240031
-0.1284334351493197 0.9998443446098305 0.00033784504399426166
-0.12709439320818394 0.9997213269179624 0.0003396428225596195
-0.1270596201372879 0.9997631674675369 0.0003392462156033923
-0.12704453758250667 1.0001083471129681 0.000337628100954781
-0.1257055089027118 1.0001425711018836 0.0003396993905905276
-0.12567072233764554 1.0000842306427513 0.0003392234313104138
-0.12565564001569363 0.999607424201866 0.00033790855489909964
-0.12431662436486712 0.9998400997775231 0.0003396808420476492
-0.12428182453754777 1.000067600277498 0.0003393622167805929
-0.12426674244842514 0.9994323515161417 0.0003377548995294001
-0.12292774005985309 0.9997244284462233 0.00033966438898361235
-0.12289292650507344 1.0006739982709456 0.00033942509422795977
-0.1228778448816148 0.9994853381000418 0.0003378173239990173
-0.12153885552109757 1.0001077041625044 0.00033991333188188456
-0.12150402870543109 0.9999370810645821 0.00033940280478349184
-0.12148894731480174 1.000248901390703 0.0003379218237529664
-0.12014997121607815 0.9998558372296221 0.0003397383513591456
-0.12011513067250268 1.0001805622339415 0.000339400635100726
-0.12010004951470532 0.9992539601422229 0.00033778603448609336
-0.11876108667823347 1.0000450413665076 0.00033951104272789953
-0.11872623287376849 0.9995904593062809 0.00033932896371717476
-0.11871115194789228 0.9998588293276894 0.00033794835135593455
-0.11737220213947795 0.9999459401037821 0.0003397518072481637
-0.11733733484174957 0.9999033508434636 0.00033946157544623406
-0.11732225438107922 0.9998184349389823 0.00033792784725957117
-0.11598331783446392 0.999757134741293 0.0003395024674151317
-0.11594843704165181 0.9998116454288488 0.0003394899199869953
-0.1159333568135844 0.9997436559329681 0.0003378590409904217
-0.11459443329661924 0.9996507620019368 0.00033962649735003636
-0.11455953900849636 1.0008977698151256 0.0003395504383567503
-0.11454445924608957 0.9995196584025275 0.0003377553175207025
-0.11320554899023624 1.000328599960717 0.0003397754689092297
-0.11317064120908105 1.000456090063602 0.00033962778597932465
-0.1131555616792792 0.9994635318148989 0.00033784363883123135
-0.11181666445148072 0.9991163934603581 0.00033940273043519897
-0.11178174317660672 1.0003175145309533 0.0003396182786547459
-0.11176666411269522 0.9991783930093435 0.0003375902660438924
-0.11042778014646669 0.9995056880592731 0.0003396006249738706
-0.11039284537628191 0.9996132230916533 0.00033941220557551596
-0.11037776654520039 0.9993212443311507 0.0003378978965163421
-0.1090388956081639 1.0001232655352246 0.0003394526532848365
-0.10900394734403596 1.000870362889166 0.00033961463759199165
-0.10898886897838464 0.9997450719688097 0.00033795773111765725
-0.10765001130292351 0.9999619976336895 0.0003396280797248985
-0.10761504954439227 1.0008957116869222 0.00033967745563080254
-0.10759997141248513 0.9992872952481747 0.0003379210487530583
-0.10626112676484707 0.9999832966946214 0.00033954046877156144
-0.10622615151100978 1.0003252925328903 0.00033951173862482913
-0.10621107384566938 1.0001250486906972 0.0003379324066310512
-0.10487224245938032 0.9998272741469746 0.0003396074555022605
-0.1048372537115938 1.0000427702840633 0.0003395162656076128
-0.10482217627885904 0.9998251908412166 0.0003379418149615036
-0.10348335792153564 0.9995774948567799 0.0003396651872742657
-0.10344835567934718 0.999565078741476 0.0003393911956553533
-0.10343327847921534 1.000269755978911 0.0003377675007883203
-0.10209447338368557 0.9998728525255433 0.0003395927393151715
-0.10205945787879533 1.0001813050219859 0.0003395719056591867
-0.10204438091194956 1.0000449840947723 0.00033821270440743414
-0.1007055890777607 0.9999787294003152 0.0003396018683218589
-0.10067055984586692 1.0006005117214272 0.0003396954017056064
-0.10065548334513652 0.999442697377009 0.0003378478298947799
-0.09931670453991602 0.9995704043103003 0.000339581399150706
-0.09928166204622324 0.9994757155871569 0.00033953574188971727
-0.09926658577832347 0.9996490137771157 0.0003381191459139334
-0.09792782023490199 0.9997462560401428 0.0003395276357107174
-0.09789276401375024 1.0003305193493488 0.0003397424809355941
-0.097877688211055 0.999896865645367 0.0003379787305795706
-0.09650386621365248 0.9999348215856358 0.0003396404714949395
-0.09515005139113243 0.9996840112861751 0.0003395032282073372
-0.09511496818117815 1.0010689885514075 0.0003398592930950935
-0.0950998930774316 1.000119876575826 0.00033782421278572944
-0.09376116685328237 1.000027051039874 0.00033962751922303637
-0.0937260703815358 1.000030958778086 0.00033966120060866927
-0.09371099551016582 0.999412768430159 0.0003379692450062992
-0.09237228254735749 0.9998318099109484 0.0003396811181001263
-0.09233717234860739 0.9993526776524575 0.00033953560763265407
-0.09232209794335278 0.9997507826056123 0.0003378645034763832
-0.09098339800906009 1.0003913892482899 0.0003395612319674542
-0.09094827431613306 0.9999812413934497 0.00033955469254670065
-0.09093320037653972 1.0000439835594637 0.00033803968071406345
-0.08959451370404066 0.9996119136802859 0.0003395291797594991
-0.08955937651649071 1.0007446260159365 0.00033970267393912526
-0.08954430280927125 0.9998858358571735 0.00033802138810637596
-0.08820562916619598 1.0001422868583554 0.00033963723089213907
-0.0881704784835623 1.0006272215269263 0.00033975361146039944
-0.08815540500871942 0.999919573876502 0.00033800891502039566
-0.0868167448602711 1.0005823005828662 0.0003397054977260901
-0.08678158068300912 0.9998258679217229 0.0003396241465768141
-0.08676650744213543 0.9995483259883671 0.00033794010906403776
-0.08542786032242643 0.9993918597610135 0.00033955217213396487
-0.08539268265076316 1.0002439363638225 0.00033977541742537904
-0.08537760987555143 1.0000278106525982 0.00033804006894839095
-0.0840389760174124 0.999846774298252 0.00033957754073125283
-0.08400378461851721 1.0009942580466475 0.00033991370222649165
-0.08398871230783024 1.0000498686281944 0.00033810903989973457
-0.08265009147865689 0.999956167160839 0.0003394687724164384
-0.08261488681796403 1.0009478125724953 0.00033987839818041757
-0.08259981474124356 1.0003862135455572 0.00033812479141886423
-0.08126120717363745 0.9999816978932881 0.000339483547449704
-0.08122598878571807 1.000522483787821 0.00033983607731896643
-0.08121091717465687 1.0000742000886453 0.0003380227852135765
-0.07987232263579278 0.9992608151503594 0.0003394284456249511
-0.07983709098630276 1.0005603544869774 0.00033991924542308224
-0.07982201960693568 0.9993095279596272 0.0003379491491435208
-0.07848343833009427 0.9996546354537831 0.0003394921722661419
-0.07844819295291894 1.0001328209722002 0.0003398541852477961
-0.07843312204012531 0.999549215044184 0.00033797211687342654
-0.07709455379202322 0.9994598723017112 0.00033959326735661543
-0.07705929492044594 1.000266396441502 0.0003399013370355358
-0.07704422447354133 0.9997840154988133 0.0003379973832963452
-0.0757056694870092 1.0001270926033263 0.00033961409576871416
-0.07567039712102996 1.0003411179304393 0.0003398556971738913
-0.0756553269060465 0.9996246167932797 0.0003379833389762728
-0.0743167849487064 1.0012921190331017 0.00033961682198853957
-0.07428149908878334 1.000068024744068 0.00033996632084981013
-0.07426642933923075 0.999968052755242 0.0003379666176926501
-0.07292790064369237 1.0002031871456618 0.00033960665550641136
-0.07289260105631035 0.999588259253524 0.00033977571463011393
-0.07287753153981612 1.000476974616565 0.0003381187200724764
-0.07153901610561594 0.9999083502543251 0.00033950752071670274
-0.07150370325666666 1.0000438888034255 0.0003398493614105739
-0.07148863397232129 1.0002064374298771 0.00033811983552474185
-0.07015013179992281 0.9998715359519912 0.00033945791954912097
-0.07011480522419367 1.0007407742327594 0.00033987624852899754
-0.07009973640551093 0.9999474611452124 0.00033811664454947105
-0.06876124726207275 0.9991125098508274 0.00033933585165979007
-0.06872590719126526 1.0007134107568598 0.0003399697226254469
-0.06871083883869789 1.000028157242747 0.00033811886570568335
-0.06737236295705872 1.0004763702305774 0.0003394547867026399
-0.06733700939162157 1.000270020162623 0.0003399917181367873
-0.06732194127143211 0.9996878981596807 0.00033786529103244165
-0.0659834784183032 1.0004709069677544 0.00033966149656452246
-0.06594811135914858 0.9999889389126928 0.0003399731558658347
-0.06593304370461636 0.9997805125992951 0.0003380127958624421
-0.06459459411328916 0.9999776518849922 0.0003395713257244923
-0.06455921332622017 1.000918013261115 0.00034006135961478
-0.06454414613780601 1.0001996888776221 0.00033817682797820383
-0.06320570957544448 0.9994121583200611 0.0003395092394255732
-0.06317031552657648 1.0007588714800326 0.0003400887703774405
-0.06315524857122203 0.9998467965763788 0.0003380793321693191
-0.06181682526951961 1.0004529675299998 0.0003395999151078406
-0.06178141749410349 1.0005043251670374 0.00033997182754597185
-0.06176635100463534 0.9999105686023267 0.0003380336589455381
-0.060427940731669544 1.000235675136744 0.0003395051752421314
-0.06039251946094737 1.0004279479692824 0.0003398007888950424
-0.060377453204991646 1.0000168889608005 0.0003379603140837365
-0.05903905642665551 0.999104966999621 0.0003393986778402974
-0.059003621427791246 0.9991686124281578 0.00033985891641670653
-0.05898855563818129 0.9990381071100223 0.00033791993663982554
-0.05765017188812635 0.998934582957815 0.0003393345545226001
-0.05761472362814891 0.999649519038261 0.0003398595995737482
-0.057599658070686455 0.9996770565883056 0.0003380672957672207
-0.056261287582885955 0.999275949944167 0.00033942176686209104
-0.05622582559590228 0.9993272382131287 0.00033990305285267917
-0.05621076050410247 0.9981751810584665 0.0003377984745265492
-0.054872403045041276 0.9987262530207693 0.00033933110166873865
-0.054836927562746156 0.9990855152251994 0.00033986480907475196
-0.05482186293728672 0.9985501997390493 0.00033785109245867783
-0.05348351873956913 0.9989165860697384 0.00033922020999181245
-0.05344802976310382 0.999086417684347 0.0003397761090002417
-0.05209463420172445 0.998244763548144 0.0003392466843867636
-0.052059131730629475 0.999345149711616 0.00033980247170426733
-0.052044067802981535 0.9987288736545864 0.00033791701767239314
-0.050705749896478663 0.9990814893849637 0.0003394382597736889
-0.050670233697701066 0.9985741740385844 0.0003398322699106769
-0.05065517023639755 0.9988969904444732 0.0003378542644037772
-0.04931686535794951 0.9994697629346955 0.00033940708113404085
-0.049281335664772656 0.9985126472307986 0.000339670724610219
-0.04926627266867635 0.9990308420827984 0.0003379690051807083
-0.04792798105293548 0.9993318031832563 0.00033936073990153395
-0.04789243786513032 0.998539667172653 0.00033965609355252594
-0.04787737486925902 0.998797133780155 0.0003377362068804032
-0.0465390965150908 0.9987999885655051 0.00033932368253855686
-0.046503539832655975 0.9992189496797425 0.0003398853287211509
-0.04648847730267233 0.9993574810762448 0.00033774637169675594
-0.04515021220916592 0.998131624588327 0.0003392155559435491
-0.045114641799727566 0.9988426503681477 0.00033980093827982815
-0.04509957973495114 0.9989124617269697 0.00033786055956965135
-0.04376132790415189 0.9987426331476816 0.0003390306560492693
-0.043725743767254584 0.9984859693144901 0.00033981699411601157
-0.04371068216836715 0.9988478143549815 0.00033794463162970786
-0.042372443366301825 0.9987343693929278 0.0003392949881774671
-0.04233684573478024 0.9994998166750351 0.0003397533627980244
-0.04232178460178316 0.999064438257764 0.0003379900914724878
-0.04098355906037695 0.9983684301776775 0.00033921788538557004
-0.04094794793445544 0.9988899595928739 0.0003398430206899977
-0.04093288703406196 0.9984269392154853 0.00033790641730057004
-0.03959467452207954 0.997656557707042 0.0003392066423917429
-0.039559049902209494 0.9990275271205502 0.0003398918013291311
-0.039543989467246216 0.9984879105401623 0.0003378020549632087
-0.03820579021706551 0.9987715648675117 0.0003393360824742678
-0.03817015186973515 0.9992916224128702 0.00033984173758591174
-0.03815509190066223 0.9981570688783442 0.00033795275983704087
-0.03681690567898908 0.9987835063833749 0.00033944203646789123
-0.036781253836352674 0.9989590918520386 0.000339840644759642
-0.036766194100336755 0.9980738292647136 0.0003378380970857199
-0.03542802137329057 0.9986233753685995 0.0003392623172750461
-0.035392355803424265 0.9988194543943861 0.00033978103162106334
-0.03537729653307098 0.997505158982655 0.00033775154239142644
-0.03403913683544589 0.9990366206291647 0.0003394225770065879
-0.034003458003780566 0.9986873898622748 0.0003398907779587012
-0.03398839896625793 0.9982875425407429 0.0003376612923789223
-0.032650252530431856 0.9992676607280832 0.000339345969114747
-0.032614559971307584 0.9986645614448667 0.0003397236158985283
-0.032599501399447575 0.9991060380494803 0.0003379699663869603
-0.031261367991676337 0.9987560540412423 0.00033924572985114654
-0.03122566193837917 0.9987531152863649 0.00033988754407378394
-0.031210603832179103 0.9981107541191186 0.00033782673019512214
-0.0298724836866623 0.9983737254848204 0.0003391372837043045
-0.02983676390681433 0.9982169037789359 0.000339773749201692
-0.029821706265366055 0.9988652482985378 0.0003378146937332376
-0.02848359938164288 0.9985053487676893 0.00033926666519950097
-0.028447865874795416 0.9989533573113575 0.0003398186281110894
-0.028432808698553007 0.9988261657376318 0.0003378790667333646
-0.02709471484288736 0.9986102700675814 0.0003392982323319127
-0.027058967841867006 0.9995559481373372 0.0003398495611268926
-0.02704391113128723 0.9984700579300128 0.0003380351252112706
-0.025705830537873328 0.9984699276219774 0.000339231315873239
-0.02567007004222466 0.9993288395925286 0.00033985912414691467
-0.02565501333164354 0.9990384481856275 0.0003379363206615963
-0.02431694600002865 0.9987296360616744 0.00033927728882662584
-0.024281172009750326 0.9988208331726274 0.0003396563857071559
-0.024266115764833188 0.9985576757277345 0.0003378030940990532
-0.022928061694330138 0.9976764250064091 0.0003390720473959307
-0.022892273976821916 0.9988815408154381 0.00033987659060264407
-0.022877218197338355 0.9980160609015468 0.0003376526129265855
-0.02153917715580098 0.9987964922437836 0.0003392620203797707
-0.02150337594366647 0.9989011660435262 0.0003398174148749609
-0.021488320630751668 0.9985619254115904 0.0003377889724774969
-0.020150292849876104 0.9981181801851973 0.00033906329813796534
-0.020114477911420518 0.9985521842025699 0.0003397241174689053
-0.02009942306393862 0.9983401365178631 0.00033794732947904627
-0.0187614083115787 0.9982527236723692 0.00033934418760327894
-0.018725579878946182 1.000062692751373 0.00033986216132743396
-0.018710525497128268 0.9981906317703864 0.0003380021293557588
-0.017372524006559278 0.9984417434310019 0.00033944103179374776
-0.0173366818455637 0.9988764461975195 0.00033973686768751314
-0.017321627931223365 0.9979789139627355 0.0003377548418037425
-0.015983639701318882 0.9987261264645063 0.00033926361285618157
-0.015947783813317074 0.9989147341563147 0.0003397604637495652
-0.015932730364413013 0.9978813728109553 0.00033752044443345267
-0.014594755162789725 0.9988981592281698 0.00033938467035926807
-0.014558885781070448 0.9986796388477401 0.00033980804972245205
-0.014543832563861173 0.9978335902658289 0.00033769131315287927
-0.013205870857775692 0.9998876346394457 0.0003394635872044623
-0.013169987980518608 0.999330161398066 0.00033975076693260715
-0.013154934997274487 0.9983971526169028 0.0003378943051096944
-0.011816986319931016 0.9980057792796622 0.00033926748464651577
-0.011781089948271983 0.9985670235531545 0.0003397608248939588
-0.011766037430687801 0.998964707310826 0.00033788383991697747
-0.01042810201400614 0.9983927371138476 0.0003392732085311472
-0.010392191916025358 0.9987199712214562 0.0003396670625486932
-0.010377139862966605 0.9984636750150508 0.00033794245146512037
-0.009039217708986715 0.9979300678194034 0.00033926391549570666
-0.009003293882642874 0.9981426283424775 0.00033951978909652633
-0.0076503331711420385 0.9980596639359204 0.00033937004312202816
-0.007614395849714465 0.9984825607362227 0.000339692389985563
-0.007599344728887782 0.9988645625868577 0.00033799080145663606
-0.006261448865217163 0.9981365717978556 0.00033927143441211315
-0.00622549781724013 0.9987592300416457 0.0003398530828910353
-0.006210447162077428 0.99839022743132 0.00033788966946054214
-0.004872564327372486 0.9979907471508803 0.0003391850197431588
-0.004836599784767141 0.9989078837062171 0.0003397761777805818
-0.004821549361978315 0.9985594156644301 0.0003379731590307162
-0.0034836800223584526 0.998296824317319 0.00033942181746288716
-0.0034477017518387315 0.9980956211204699 0.00033981863923972943
-0.003432651795165266 0.9985864197349537 0.00033774353402833744
-0.002094795483829296 0.9987752102469557 0.0003392286549011303
-0.0020588037193643954 0.9987602093908817 0.0003398024946858478
-0.002043754228352218 0.9985007372704112 0.0003377860838996003
-0.0007059111785835099 0.9981705108234011 0.0003391053966449604
-0.0006699056868914071 0.9984956625445239 0.0003398316510555205
-0.0006548566610864429 0.998257138813114 0.0003378684677445444
0.0007189923460370024 0.9982971805675889 0.00033969934309409827
0.0007340409057266057 0.9983659017065676 0.0003379795413313105
0.002071857664733317 0.9982986972504015 0.0003390292170625559
0.0021078903785113384 0.9987484886792511 0.0003398582879739871
0.0021229384725369596 0.9984506494060857 0.00033777386347848455
0.0034967884109843267 0.9981161783627237 0.00033990025413584173
0.0035118360398054293 0.9982879159988424 0.00033780134099237777
0.004885686443912737 0.9989531369457141 0.0003399301963039575
0.004900733839449121 0.9981769075681203 0.0003379016776809934
0.006274584477296567 0.9982817143152399 0.0003396355811331604
0.00628963140626217 0.9979859282177848 0.000337798770990195
0.0076634825095425185 0.9982861951876866 0.0003395665086763423
0.0076785289735279445 0.9979314120553473 0.0003377630495648089
0.00905238054178847 0.9980473493079035 0.000339677211787685
0.009067426540340992 0.9986664152197644 0.00033815301872185734
0.0104412785751723 0.9987726872697408 0.0003397555405356262
0.010456324107151346 0.9985893139955756 0.0003379261002344836
0.01183017660764529 0.9980074794283582 0.0003399193458898881
0.011845221674419816 0.9976220449509539 0.0003377403251310489
0.01318293280516459 0.997824676803506 0.00033944358973518206
0.013219074639891915 0.9980987136426801 0.000339664268449625
0.013234119241232864 0.9989144006091226 0.0003379259452356357
0.014571817111089465 0.9988741028388959 0.0003392995529415163
0.01460797267213854 0.998510188114196 0.0003395775537397722
0.014623017040876558 0.9986683594484377 0.00033787759569242273
0.01596070164939226 0.9984030333097734 0.0003393403741466139
0.015996870704157454 0.9982126735031946 0.0003396839765013729
0.01601191460837139 0.9986658659654832 0.0003378784493102753
0.01734958595440629 0.9985386478976154 0.00033937584049205014
0.017385768736403406 0.9990195721671121 0.0003398318562046574
0.017400812175866223 0.9978674184642199 0.00033772060756529713
0.018738470259420326 0.99890974778786 0.0003393079937021537
0.018774666769558853 0.998393590293876 0.0003397038591339833
0.018789709742676578 0.9984885425130497 0.00033782030390716876
0.020127354798175845 0.9983289526227341 0.00033939488373972205
0.020163564802487263 0.9985776575593257 0.00033974218571925234
0.020178607309489626 0.998610653332336 0.00033796460597504527
0.02151623910318988 0.9985690483483403 0.00033931196203447315
0.021552462834961598 0.9988485363645747 0.00033976225829649565
0.0215675048767554 0.9979394326162082 0.00033774891940444447
0.022905123641039946 0.9986852921600528 0.0003393709138379498
0.022941360867434587 0.998097943821344 0.0003395895732405188
0.022956402676399094 0.9983904842972361 0.0003377570182119814
0.024294007946964822 0.9982210781641299 0.0003394374612695179
0.024330258900362996 0.9989291043594154 0.00033979541617484735
0.02434530024321214 0.9984777344899415 0.000337788743801027
0.025682892251978853 0.9983143755132573 0.0003393697310151798
0.02571915693283733 0.9988411680794751 0.0003397268395579305
0.02573419780979613 0.9992530784073738 0.0003380170779359319
0.027071776789823532 0.9979969005389252 0.00033934061944579917
0.02710805496531032 0.9991286801159864 0.0003398799000245503
0.027123095375927397 0.9986062903393461 0.0003376452860776194
0.028460661095748407 0.9984295080162017 0.0003394699984273312
0.028496953231069374 0.9985310842317849 0.0003397743209556958
0.02851199294273775 0.9980230858112703 0.00033773465283954996
0.029849545633593086 0.9986545835216435 0.0003396110763656106
0.02988585126354371 0.9990472508324765 0.0003398173342929556
0.02990089051000622 0.9984408853705403 0.0003378306245793605
0.03123842993861251 0.9984619734032318 0.00033931704773625197
0.031274749296016695 0.9982980349809732 0.00033972642843861216
0.03128978830964991 0.9988037421669842 0.0003378861514552074
0.03262731424407927 0.9981784716266447 0.0003392365709498426
0.03266364732917282 0.9986228702792965 0.00033973150773930006
0.03267868587646296 0.9983384082560683 0.00033796728365335146
0.0340161987821557 0.9984410360778317 0.00033916700753802237
0.03405254536232894 0.9982271613338346 0.00033977411339038464
0.035405083087396094 0.9983188152766124 0.0003394964342980863
0.03544144339480192 0.9988578016769071 0.00033991005436602494
0.03545648101054178 0.9987675389797147 0.00033786706414694047
0.03679396739286824 0.9986377024835286 0.00033945841751828785
0.036830341427276266 0.9985157539519962 0.0003397331208221258
0.036845378577352136 0.9989030572809238 0.0003377836238535849
0.03818285193071292 0.998161093600253 0.0003393794250211697
0.038219239460204675 0.9988687292918772 0.0003398270519372704
0.038234276144620605 0.9989764225525097 0.00033784601755896816
0.039571736235726955 0.9989405180297708 0.0003396104570896222
0.03960813749267766 0.9987493134175942 0.0003397615620733144
0.039623173944264296 0.9985980913519279 0.00033786485309750134
0.04096062054165183 0.9988778982631226 0.0003394682548991519
0.04099703575798264 0.9988070365427639 0.0003398764539843579
0.041012071511077344 0.9985768864640954 0.00033784370942354275
0.042349505079501894 0.9982595587157224 0.00033940320239087235
0.04238593379091105 0.9993473441325854 0.00033991632255653476
0.04240096907834312 0.998477915941946 0.00033792062244496495
0.04373838938451593 0.9981896679968248 0.00033928038238572363
0.043774831823384035 0.9992074776124402 0.00033982987181295515
0.043789866646067016 0.9986766001034365 0.00033782525249259984
0.045127273690440804 0.9986917677338086 0.0003394635703400195
0.04516372985585838 0.999254408303995 0.00033988083219947186
0.045178764212651004 0.9991923652482438 0.00033788819895848456
0.04651615822828548 0.998495105701976 0.00033945113436949405
0.046552627888786786 0.9986367888477712 0.00033991161753420994
0.04656766177923499 0.9983777128581144 0.0003376091693023447
0.04790504253329952 0.9988732945631 0.000339512413785509
0.04794152592194223 0.9988953193725092 0.00033992313037722606
0.04795655957978683 0.9984951750854698 0.00033763088546363325
0.04929392707205504 0.9987093535089626 0.0003394620288086447
0.04933042418701882 0.9983908647235907 0.00033983702940415723
0.04934545714659988 0.9989176212511887 0.0003378039637200211
0.050682811377074456 0.9987245727566586 0.00033948064466539287
0.050719322219493164 0.9990429601688958 0.00033990548604245454
0.05073435471318657 0.9987709188367639 0.0003376830759230538
0.05207169568208849 0.9989295014062849 0.0003394459457075153
0.05210822025264861 0.9990997880237648 0.0003399209290106943
0.052123252280681404 0.9991884783297137 0.0003377993860505049
0.0534605802203859 0.9992604259485961 0.000339531525142671
0.053497118284894556 0.9996317427984669 0.0003400268528583962
0.05351214984749175 0.9992170909434636 0.0003378596264253092
0.05484946452540532 0.9983286483305793 0.00033939531863624785
0.0548860163173689 0.9986796489453351 0.00033994153821524507
0.05490104764690639 0.9983078696897801 0.0003376849385688825
0.05623834883064572 0.9990040055228099 0.00033952719917739767
0.056274914350751375 0.9991955050407808 0.0003398687711392855
0.05628994521440122 0.9990433437598726 0.0003375184270138057
0.05762723336917487 0.9988138405441963 0.0003396088788022792
0.05766381261582865 1.000054840435613 0.0003399957718569182
0.05767884278121427 0.9991202841866211 0.00033775883520567704
0.059016117674188906 0.9995412282973 0.00033960907304000226
0.05905271064761985 0.9993841040399917 0.0003401193079161371
0.059067740348027316 0.9991450830062213 0.00033792298041906526
0.06040500197920294 0.9994651389077466 0.0003395420419253048
0.06044160868009419 0.9994014615818095 0.0003399698014393103
0.06045663791529579 0.9997409957688269 0.00033790238963986194
0.06179388651795846 0.9998447560153467 0.0003395780605962898
0.0618305067130226 1.0000981461343255 0.0003399812267303864
0.06184553548210614 0.9998056603724984 0.00033775237609931806
0.06318277082297788 0.9999308398007873 0.00033971296734629886
0.06321940497832623 1.00072143501083 0.00034021626134720387
0.06323443328174984 0.9993105334161452 0.0003376907879221309
0.06457165512799191 0.9997579590005329 0.0003397541660347065
0.06460830301080056 1.0003246611082415 0.0003402696948820981
0.06462333084901561 0.9988983564028683 0.0003377703194113346
0.06596053966674743 0.9998918423878879 0.0003396180181275904
0.06599720104372897 1.0003999692469574 0.00034011509437345766
0.06601222841582866 0.9998657546025239 0.00033782823192239267
0.06734942397176147 0.9996828438465181 0.0003395648978306155
0.06738609907620197 1.0004540520597558 0.0003399908870754668
0.06740112598264171 0.999384870051395 0.00033786083017413337
0.0687383082767755 1.0000579303509773 0.00033967879283758817
0.0687749971086763 1.0002807398587097 0.0003400692986721713
0.06879002354991018 0.9994564471341616 0.0003376727872810897
0.0701271925831585 1.0007643355158982 0.00033983363396071335
0.07016389537443535 1.0002661392622583 0.0003400410152185382
0.07017892134955117 0.99997173324891 0.0003378989666032478
0.07151607712236674 1.0001908801655992 0.0003396503122839829
0.07155279340690834 1.0001755219879203 0.0003401321484111973
0.07156781891545608 0.9998797349421666 0.0003378729929594703
0.07290496142738077 1.0004554071570542 0.0003396491678207412
0.07294169143938267 1.0000089479403171 0.00034018604743974357
0.07295671648226643 0.9999131145240137 0.0003380902685134596
0.0742938457324002 1.0001081955388222 0.00033963743032107874
0.07433058970514173 1.0005092330005299 0.0003401935131394415
0.07434561404976125 0.999749012109724 0.0003378334118416598
0.07568273027115571 1.0007850376129535 0.00033978234748774345
0.07571948773852422 0.999776083156874 0.000339945989576295
0.07573451161634526 0.9999194491750799 0.00033786184920792843
0.07707161457616975 0.999364006975601 0.00033957379497375823
0.07710838577077084 1.000488020588681 0.00034022093338029473
0.07712340941598894 0.9999821470983823 0.00033786785294950654
0.07846049888118378 0.9997672237713114 0.0003396199699303195
0.07849728380301746 1.0005000106227018 0.0003402490391416333
0.07851230698371284 0.9996694864711232 0.00033783294663552435
0.0798493834199393 0.999883107259546 0.00033966803645509
0.0798861820692306 1.000387393766814 0.00034019062522983246
0.07990120455029683 0.9995004382797286 0.00033780618743012915
0.08123826772495334 0.9998406923764365 0.00033966168278530095
0.08127508010147722 0.9997613856441745 0.00034011346363213975
0.08129010211688081 0.999491687667162 0.0003377036602934233
0.08262715202997276 1.000829957399486 0.0003397934747563635
0.08266397813372384 1.0001706269877149 0.0003401549898252985
0.08267899968460202 0.999810325263114 0.0003378351583306607
0.08401603656872828 0.9995160315366759 0.0003396336388891636
0.08405287639993697 1.0006867664818577 0.00034033962788670026
0.08406789748401665 0.9997101633365422 0.0003377659760974274
0.08540492087374231 0.9997627968992605 0.00033966145057503784
0.0854417744324113 1.000182206692928 0.00034017280318501884
0.08679380517875634 1.0002100569137184 0.0003397406266155678
0.08683067246465725 0.9996984555879103 0.0003402826827034543
0.08684569261832722 0.999468841636274 0.0003376363407439336
0.0881826894842285 0.9996240889327928 0.00033979494980165896
0.08821957073064335 0.9999515500298081 0.000340196409616312
0.08823459018513757 1.0000583754527002 0.0003376282326174323
0.08957157402207318 0.9999770612639428 0.0003398681889815154
0.08960846876357176 0.9994327438640089 0.0003400897879300013
0.08962348775172156 1.0001377584335815 0.00033779592683152104
0.09096045832731896 1.0000441913841507 0.00033964721100035813
0.09099736679604609 1.0007126121522756 0.00034030638911494043
0.09101238555204705 0.9997934560975176 0.00033790955928927023
0.09234934263301207 0.9994227026614679 0.0003396958011437181
0.09238626506134973 1.000073731974873 0.0003403016569304125
0.09240128311886009 0.9996463969513154 0.00033781803086923917
0.09373822717086215 1.0004013554624829 0.0003396569119372707
0.09377516309427814 1.0004758144813306 0.00034015503670430347
0.09379018068567314 0.9998915594249042 0.0003378459153170962
0.09512711147587619 0.9994769204526653 0.00033961787725858366
0.09516406112675246 0.99969915508512 0.00034029120281683255
0.09517907825294161 0.9997310329808262 0.0003378151699302774
0.09651599578180106 0.9997298237271897 0.00033967525601352007
0.0965529593920561 0.9999619656328248 0.0003403040829090543
0.09656797582020739 1.0000225563416623 0.0003377901275066694
0.09790488031964574 1.0002446684378155 0.0003397676729527677
0.09794185742498451 1.0002387264991262 0.0003403421731857886
0.09795687361985107 0.9996743810777844 0.0003378067515294884
0.09929376462465976 0.9996114398620329 0.00033973821267449717
0.09933075545836834 1.000548098525137 0.0003402863510614134
0.09934577118666144 1.0002703494823908 0.0003378869808560922
0.10068264893058464 0.9999723376930683 0.00033982096780304057
0.10071965372367198 0.9999503010875865 0.000340303277545017
0.1007346687539299 1.0000147175259668 0.00033774799591617825
0.10207153323560407 1.0005584630000326 0.0003398088811142778
0.1021085517559186 1.0002422042417445 0.0003402409056340284
0.10212356632074025 0.9998605077718 0.0003376838476300754
0.10346041777344875 1.0003531022229364 0.0003397351866194882
0.10349745002099586 1.0001578496127714 0.0003402980052562267
0.10351246412038664 1.0001203289255851 0.00033772965559771765
0.10484930207914725 0.9994957795498004 0.0003396868104614046
0.10488634805301478 0.9999171141087965 0.0003402528089518626
0.10490136168788147 1.0005583238116325 0.00033762849642032225
0.10623818638438766 0.9998485712073247 0.0003395930360919943
0.10627524608526073 0.9999187308322552 0.00034014461680048055
0.10629025925446546 0.9998500471190453 0.00033761806058919976
0.10762707068940168 0.9998325593898374 0.00033973777714927126
0.10766414435124683 1.0000187189384995 0.0003402550474079482
0.10767915682127582 0.9996695584028262 0.0003376817338686327
0.10901595522770448 0.9997714306089587 0.0003398052829077008
0.10905304238372115 1.000371133422666 0.00034038789306770035
0.10906805438877065 1.0000115538009033 0.0003377120623934056
0.11040483953271851 0.9996883096022346 0.0003397070851988996
0.1104419406490248 1.0001664682706297 0.0003402773722899179
0.11045695218818528 0.9999674663249459 0.0003376590000131227
0.11179372383796429 0.9999918116154958 0.0003396310919423532
0.1118308386819532 0.9998413140341732 0.00034039967950243725
0.11184584975500103 0.9999147979310609 0.0003376347723934643
0.11318260837648807 0.9997556387468665 0.00033954508788062104
0.11321973671488161 0.9999464289494349 0.00034020590236663074
0.11323474732272222 0.9999208851385035 0.0003375401892084104
0.11457149268150749 0.999854654232173 0.000339675656264204
0.11460863498018659 1.0000536302555285 0.0003403826463155978
0.11462364488862443 0.9995572175026544 0.00033752018063300693
0.11596037698652152 0.9997407203611737 0.00033961671651881406
0.11599753301265958 1.0007600576128313 0.0003403654256746608
0.11601254268735728 1.0007120175089637 0.00033763259062831745
0.1173492612924464 0.9992096493895442 0.0003396449644405886
0.11738643127841863 1.000322046430633 0.0003403911140966323
0.11740144025507848 1.000086691073641 0.00033771677689041935
0.11873814583029108 1.0000746379712666 0.0003396700111906627
0.11877532931089296 1.0002962381546487 0.00034032187291582077
0.11879033782166247 0.9994409852203098 0.00033761555975482554
0.12012703013530511 0.9998953831158555 0.0003396402310441821
0.1201642275761966 0.9996555858541856 0.00034024439362890065
0.12017923538824915 0.999717431300175 0.0003375394530018455
0.12151591444122999 0.9999856371905653 0.0003396204326706909
0.12155312560935272 0.9999463515397676 0.000340432023752354
0.12156813318880369 0.9997393098289749 0.00033741396942311167
0.12290479874670214 0.999721274546686 0.0003396255159151881
0.12294202387442998 0.9995964592604545 0.0003403845282868872
0.12295703075606947 0.9997055911211077 0.00033743597632576863
0.1242936832845468 1.0000875930737512 0.0003396772193946438
0.12433092190690298 0.999852168834179 0.0003404436935034604
0.1243459283228825 0.999880436468064 0.0003374215543431537
0.1256825675897926 0.9996257778778248 0.0003397259544984263
0.1257198199402868 1.0003105195484032 0.0003404846936958253
0.1270714518954911 0.9996454662767928 0.0003395559063856942
0.12710871820604586 1.000124756430392 0.000340390709123829
0.12846033620050515 0.9996535327892478 0.00033960391396952415
0.12849761623851885 0.9996237342724411 0.0003404024534214088
0.12851262125660234 0.9993505325599088 0.0003374929287460497
0.1298492207383498 0.9998606609518085 0.000339683787345468
0.12988651450382382 0.9997162089069223 0.00034035120306349166
0.12990151882341808 0.9993182441319666 0.0003373718098285111
0.1312381050442747 0.999634979016 0.0003395979001747673
0.13127541253675223 0.9999029389907362 0.0003403848091672244
0.13129041639068384 0.9997253698510342 0.0003374400219720957
0.13262698934928874 1.0001314613289853 0.0003396782390996766
0.13266431080205587 1.0000315413652139 0.0003404394618606384
0.1326793139574969 0.9994242128803086 0.0003372947530225689
0.13401587365430814 1.0001778499015077 0.00033970040469201933
0.1340532088345302 1.000019743943228 0.000340485119377928
0.1340682117571379 1.0000074257445637 0.00033753149207449933
0.13540475819306366 0.9994164906112658 0.0003396133826857834
0.13544210710028926 0.9997276248874538 0.00034036793473715877
0.13545710932440636 0.9993401502453308 0.0003373885799865007
0.1367936424980777 0.9993154907384326 0.0003396228310833479
0.13683100513276225 0.9999953145426872 0.000340463807134471
0.13684600689121673 0.9996790454909991 0.00033732687625539977
0.13818252680309173 0.9999608509313557 0.000339567151120142
0.13821990339806722 1.000172504334035 0.0003404884178822207
0.13823490445803246 0.9999307014231192 0.000337345391545041
0.13957141110879026 0.9999094969594813 0.0003395275641310355
0.13960880166382628 0.9999452498180811 0.00034046601589095656
0.13962380225812887 0.9997303107222653 0.0003374519527512609
0.1409602956468613 0.9998384753376451 0.0003394993266124198
0.14099769969698173 0.9999107980254184 0.00034028339262052673
0.14101269982494194 0.9993847599414516 0.000337351667134699
0.1423491799518807 0.9996793663790691 0.00033964135965879424
0.14238659796205833 0.9994488316158525 0.0003404095680979767
0.1424015973917523 0.999312010269297 0.0003372942988410458
0.14373806425734748 1.0006407192673745 0.00033968657325826043
0.14377549599453265 1.000323660421618 0.00034040125548431594
0.14379049495924712 1.0001988904893946 0.00033748512331139766
0.1451269485623615 1.0000060100720134 0.00033963924540124244
0.1451643942607458 1.0004220946199847 0.0003403968727240296
0.14517939275866176 0.999632441486171 0.00033724549487834307
0.1465158328676073 0.9993448395122558 0.0003395373239975707
0.1465532922929924 1.000328085078116 0.0003404443637023964
0.1465682903254775 0.9998413714062703 0.00033736683697625883
0.14790471740613645 0.9999760130812064 0.0003395930721617493
0.14794219055761426 0.9998121075656483 0.0003405014025767397
0.1479571878931987 0.9998716519298956 0.0003372121120695055
0.1492936017111505 1.0000153688194926 0.0003396196319378432
0.1493310885900886 1.0002601349227458 0.00034047020961605417
0.14934608546046446 0.9995195467493955 0.0003372798294071166
0.15068248601616452 0.9995000972450584 0.0003395183509051161
0.1507199868551652 1.0000970897701267 0.0003404979930403261
0.15073498326010815 0.9998723851117 0.0003373269755455026
0.1520713703220894 0.9997581213947762 0.0003395859140107291
0.1521088851202418 1.0002714752462516 0.00034044639426811056
0.15212388082691852 0.99991720543372 0.0003374348167781542
0.15346025485993406 0.9998882462062232 0.00033951789552227147
0.1534977831536256 1.0000445215195657 0.0003404787769783698
0.15351277839418698 0.9994474113438908 0.00033722338310334657
0.1548491391649535 0.9999445279745064 0.00033951241510410233
0.15488668141938466 0.9997037008453306 0.0003404837383473
0.15490167596100002 0.9993257388896958 0.0003371942675608217
0.15623802347087837 1.000431351291886 0.00033962438619667686
0.15627557945185766 0.9994955275643835 0.00034027957646504586
0.15629057376064373 1.0001853849151632 0.0003373703397893972
0.15762690777589242 1.0001866590496966 0.0003395764474423765
0.15766447771716263 1.0001796923318111 0.0003405113305425973
0.1576794713279095 0.9997687448296636 0.0003371444744676234
0.15901579208090644 0.9995748388693929 0.00033948564304549277
0.15905337575009104 1.0001188904108844 0.00034051498192459734
0.15906836889403805 1.0000361910622473 0.0003373600013165926
0.16040467661920924 0.9996976924261316 0.0003395386846179974
0.16044227401539468 0.9999756990502916 0.00034047429956925575
0.16045726669299998 0.9998912787302165 0.0003373007710242295
0.1617935609251341 0.9994343464690558 0.00033948902901447523
0.16183117228069965 1.0002522652003698 0.00034060553765180763
0.16184616426026843 1.0000083212760933 0.0003373824253608164
0.163182445231059 1.0000154539662878 0.00033953700698021924
0.16322007031362806 0.9997416006777536 0.0003403913632548926
0.1632350618270788 0.999751023516275 0.0003373343680922817
0.16457132953652573 1.0002263343136815 0.0003393956254236653
0.1646089685789317 0.9995218037885792 0.0003405054265886807
0.16462395939389454 0.9998647290381971 0.00033721944742852905
0.16596021384154516 0.9998919469548031 0.0003394308863059724
0.16599786684423667 1.0003118412595315 0.0003406313371351666
0.16601285719399095 1.0000267018535274 0.0003372505904718118
0.16734909837938985 0.9989669381286225 0.00033940750892017934
0.16738676487716508 1.000008880124136 0.0003404420810603112
0.16740175476080402 0.9996763853662655 0.00033742279255138876
0.16873798268531473 0.9994387410613245 0.0003395278897458797
0.16877566314337822 1.000086268268986 0.0003403892896491104
0.16879065232761437 0.9999554511018949 0.0003373153497037827
0.17012686699032875 0.9995194581412834 0.0003394917370706498
0.17016456117562484 1.000011636231701 0.00034051895495933366
0.17017954989488282 1.0000295891943234 0.0003371635059127934
0.17151575129534277 0.9996910628337329 0.00033943917156500876
0.1715534594407021 0.9997369343996285 0.00034056583342848565
0.17156844769452384 0.9995344710434106 0.00033711186991336586
0.17290463560126765 1.0000148818249845 0.000339381920877197
0.17294235770691524 1.000292618021426 0.0003404724056906927
0.17295734526133957 1.000307650657587 0.00033753994483559115
0.17429352013911772 0.9998697800864887 0.000339368205031058
0.17433125573938957 1.0001660013252631 0.00034051488862536414
0.17434624282860534 0.9996318581138827 0.00033735074144136614
0.17568240444413177 1.0003888430627568 0.00033946059064792237
0.17572015400446617 1.0001984387922134 0.000340546513769256
0.17707128875005665 0.999913029909133 0.0003394333429210631
0.17710905227045226 0.9998211997605086 0.0003403895704821977
0.17712403819597022 0.9994327887939922 0.00033715599070900545
0.17846017305552878 0.9995936032516268 0.00033929801501409487
0.1784979503029266 1.0004998667439449 0.0003405764922311447
0.17851293576255423 0.9996613820913941 0.0003372322038487079
0.17984905736054282 1.0003759114207331 0.0003393904296372528
0.17988684856823023 0.999730360506013 0.00034044787232161155
0.17990183333004905 0.999896530093627 0.0003372120209819272
0.18123794166555685 0.9987155828640442 0.00033924875791452715
0.18127574683398928 1.0003935259894448 0.00034052499464887816
0.18129073112969274 1.0009132494791457 0.0003372592832830856
0.18262682620431236 0.9994699987316595 0.0003394021093738483
0.1826646448669177 0.9996894194707969 0.0003404633837970005
0.18267962869627943 1.0005919535891092 0.0003372246977679726
0.1840157105093264 0.99968004360536 0.0003394738914251783
0.18405354313222266 1.0003105548212115 0.00034035479140259126
0.18406852626377157 1.0000355191082848 0.00033730411141046725
0.18540459481434582 1.0001271103715221 0.0003393587014851672
0.1854424413975263 0.9998974899335876 0.0003404510089443831
0.18545742406341525 1.0001185953639236 0.00033718919114896504
0.1867934791202707 0.9994034300118695 0.0003393680625417052
0.18683133966328536 0.9991418198674602 0.00034021885004372057
0.18684632163022563 0.999774417658718 0.00033721544592284187
0.18818236342528474 1.000299032220989 0.0003394215401937232
0.18822023769575968 0.9993979922804049 0.00034033011673832437
0.18823521919749409 1.0005523028060612 0.0003371908113631513
0.1895712479631294 0.9995490696683383 0.0003393130144838971
0.18960913596106332 1.0003337113720716 0.0003404667950617761
0.18962411676430713 0.9996736706716972 0.0003370669295672387
0.19096013226905428 1.0003703521604412 0.0003393111718037144
0.19099803422705008 0.9995573573298753 0.00034033788548311014
0.19101301456395084 0.9998037627100035 0.0003371156466370688
0.19234901657406833 1.0002319857030653 0.0003392568898035676
0.1923869322588413 1.0002431103172547 0.00034057088394630894
0.1924019121312166 0.999631857353347 0.0003371196427964187
0.19373790087908774 0.9998602930157369 0.00033928219801903004
0.19377583052323677 0.9999288893082957 0.0003405187048384821
0.19379080969802964 1.0001813370209014 0.0003371088580782238
0.1951267851845545 0.9997427266265178 0.00033937993759455246
0.19516472878922286 1.0001692017303652 0.00034048265200697247
0.19517970749767066 0.999532779016893 0.00033688281963771777
0.1965156694898003 0.9997699238700246 0.0003392402163268088
0.19655362705520896 1.0006472552708319 0.0003404714288423943
0.19656860506493912 1.0000806495517405 0.0003371347154605191
0.19790455402787133 0.9997403838250206 0.00033920327839741894
0.19794252508768329 0.999954544390765 0.0003404367442588511
0.19795750263175216 0.9998494532330411 0.00033696049743574757
0.19929343833334348 0.9997528603538949 0.0003391705309818382
0.19933142335298693 0.9998744895832647 0.00034046799042072574
0.19934640019856523 0.9998425499696264 0.00033706653394808617
0.20068232263835753 0.9996641396175111 0.0003392511011096764
0.20072032161874598 0.9999913997941565 0.0003406385203066275
0.20073529799866163 0.9993802081817269 0.000337034625428711
0.20207120694337155 1.0004411974286023 0.00033930495687791123
0.20210921988405095 0.9999723898506423 0.000340543202875879
0.20212419556638553 0.9998230229120735 0.0003371923075807068
0.20346009124929643 0.9994708453576524 0.000339185606324532
0.20349811791652395 1.0005228715501027 0.00034049544872653055
0.20351309313228505 1.0002984325930977 0.0003370433451740424
0.20484897555431045 1.0001561218895543 0.00033923294356084607
0.204887016182283 0.9997077183367284 0.0003404088642053867
0.20490199093102057 0.9996991556508984 0.0003371460937041711
0.20623785985932988 1.0000227623767985 0.0003393012040060123
0.20627591444758797 1.0009206270123359 0.000340671229931426
0.20629088849874178 0.9998928883209819 0.000337167111096281
0.2076267443980854 0.999695710214981 0.00033921342763457174
0.2076648127128916 1.0000039532393925 0.00034031964397789424
0.20767978606532578 0.9997411840165349 0.0003369149738666289
0.20901562870309945 0.9992678189614372 0.0003391248947312289
0.20905371097865066 1.0002557083881387 0.00034046979703107627
0.2090686838647431 1.0000696470727122 0.00033715674370589165
0.21040451300811347 0.9999408172045413 0.0003391941154470958
0.21044260901180678 1.0001248036622972 0.0003404482406223545
0.2104575814324643 0.999331111524272 0.0003369078653610422
0.21179339731403835 0.9994278803203218 0.000339085241428235
0.21183150727688405 1.000617813688565 0.0003406885410282861
0.21318228161905237 1.0003306268817131 0.0003391956973987637
0.21322040554218769 1.000563154352445 0.00034058032959791027
0.2132353767984656 0.9994755732548596 0.0003369678525115011
0.2145711659240718 1.0002584148327134 0.0003392208599668636
0.21460930380817445 1.000313321184745 0.0003405622660992358
0.2146242743661868 1.0001520348802593 0.0003370041453743369
0.21596005022953857 0.9996963104755364 0.0003392013243026838
0.2159982020732517 1.000330794375684 0.0003404743433881706
0.21601317193299985 1.000077796195793 0.00033694831995124486
0.217348934767615 1.000111845419288 0.00033910516734679145
0.2173871001057247 1.0000630185587662 0.0003403642406094986
0.21740206949958654 0.9992818178795604 0.00033692086324988937
0.2187378190728554 1.0001553720266716 0.0003391375177131777
0.21877599837193917 0.9997035584843923 0.0003403442854304715
0.21879096729990932 0.999242558052078 0.00033671094496866006
0.22012670337832754 0.9995534573354543 0.0003390819267716378
0.22016489663701577 0.9998105114976729 0.000340284015838597
0.22017986486672236 0.9995953924321119 0.0003367169779284593
0.22151558768334156 0.9999766202560625 0.0003391049068084746
0.22155379490209237 1.0005140705090152 0.00034040130445837994
0.22156876243330637 0.9996996818951124 0.0003368392788154912
0.2229044719883556 1.0005344730872032 0.00033890686981578004
0.22294269316830684 1.0002209603309073 0.000340440758414713
0.22295766023363184 0.99983769854572 0.00033695648783383205
0.2242933562942805 0.9995959526537177 0.00033896407188433364
0.2243315914340659 1.000233664483298 0.00034043911205006925
0.22434655780044488 1.000383778835525 0.0003370951696945688
0.2256822405992999 0.9999231631261292 0.0003390857601737493
0.2257204894665389 1.0011012149149976 0.0003406258511785534
0.22573545536725795 1.00034755782551 0.000336931805307779
0.22707112490431394 0.9994943207488929 0.0003389019535029386
0.22710938773184386 1.0008127548865104 0.00034051443932267534
0.22712435316735435 0.9997470317079628 0.00033701837608162376
0.22846000944306946 0.9994808724154872 0.0003388803228445394
0.2284982859976029 0.999613832870879 0.00034033267443872166
0.22851325073462014 0.9997904213645896 0.00033693706263488154
0.22984889374808348 1.0000146468744668 0.00033893883433266876
0.22988718426290655 1.0001814703926564 0.0003403766981377625
0.22990214830143588 0.9999193803557551 0.0003370310528576555
0.23123777805309753 0.99989177764883 0.000338639790988111
0.23127608252821152 1.0000725651853088 0.0003401764214281899
0.23129104610107687 0.9996860997429236 0.00033702754223450957
0.23262666235879603 0.999611571700135 0.00033882584887283575
0.23266498079397058 0.9996603526511758 0.0003403398154348174
0.2326799436685717 0.9999998431322995 0.0003370367756720234
0.23401554666449456 0.9999530846116361 0.0003388977464087856
0.23405387905927422 0.9997715368577684 0.00034036238669412646
0.2340688412351557 0.9995369079665998 0.0003368910437106375
0.23540443096950858 1.000471362600571 0.0003389424060818314
0.23544277709174855 1.0000309167018546 0.00034035436589739134
0.23545773903479938 1.0004356924379154 0.00033702998719604505
0.2367933152745226 0.9997233783131085 0.00033895712161089494
0.23683167535705218 0.9995474096639391 0.000340386688088297
0.2368466366022942 0.9994341358609902 0.00033689665020126397
0.23818219958044748 1.0000761545725585 0.00033893048576475734
0.23822057362235716 0.9997475347677802 0.00034029524534643106
0.2382355341688809 1.0000203777107506 0.0003368623269505597
0.23957108411829756 0.9996098272792985 0.0003388817047128212
0.23960947188743376 1.000000594803839 0.00034041261937622073
0.2396244319685219 0.999877612465897 0.00033697860456932194
0.2409599684233116 0.9995793341713484 0.00033892170828644306
0.24099837015251035 1.0003180350586516 0.0003403401257286795
0.2410133295362431 1.0004514595209262 0.0003369773925466803
0.24234885272923648 0.9995237507139451 0.0003387914759789471
0.24238726841872482 1.0001731252249246 0.00034034281650893516
0.24240222710282708 0.9995904732814822 0.0003370413555164114
0.2437377370342505 0.9998757516586648 0.00033888476189727375
0.24377616668402846 1.0002615361362333 0.00034028607017763375
0.24379112490224442 1.0002319531436916 0.00033692332315307677
0.24512662133926452 0.9998382260202368 0.000338769283485231
0.24516506494910573 1.000367591883043 0.0003403038385806733
0.2451800224699683 0.9996008003352131 0.0003369618271363688
0.24651550564496305 1.0002021459030084 0.00033895103364634427
0.2465539632150925 1.000272637049823 0.0003403420984270492
0.24656892003655229 0.9996854251539 0.00033692750391794556
0.24790438995020883 0.999297245602543 0.00033867052869191935
0.24794286148039613 0.9997226676749673 0.00034026954710417195
0.2479578178355142 0.9998294000889826 0.00033690479000002006
0.24929327425522288 0.9997012741539251 0.0003388532972349495
0.2493317597454734 0.9999953377043203 0.0003402629236662007
0.24934671540232456 1.0000702658519456 0.00033711801511155846
0.25068215856069503 0.9998932564507005 0.0003389743443739416
0.2507206577786295 0.9996052477589377 0.00034017622656327495
0.2507356132017392 0.9997922350035372 0.000337018371499088
