-0.198848487 1.000465226 0.000865032
-0.198700761 1.00157141 0.000926399
-0.198645627 0.999463216 0.000883295
-0.197459637 0.998586619 0.000864297
-0.197311901 0.997631746 0.000926288
-0.197256753 1.000043748 0.000882369
-0.196070786 0.99985945 0.000864836
-0.195923043 0.998789306 0.000925999
-0.195867878 1.000867313 0.000882404
-0.194681936 0.999759495 0.000864369
-0.194534183 1.000253175 0.000926188
-0.193293086 0.998928184 0.000864549
-0.193145324 1.000233867 0.000927073
-0.193090129 0.999430172 0.000882396
-0.191904236 0.999728682 0.000864965
-0.191756465 1.000911752 0.0009265
-0.191701255 0.999432201 0.000882129
-0.190515386 1.000987745 0.000864408
-0.190367606 0.999961617 0.000926071
-0.19031238 0.999805649 0.000882299
-0.189126536 1.000965707 0.000865128
-0.188978747 0.999644074 0.000927051
-0.188923506 1.001205091 0.000881785
-0.187737686 1.000464913 0.000865061
-0.187589888 1.000465357 0.000926979
-0.187534631 1.000563814 0.000881693
-0.186348836 1.000843622 0.00086495
-0.186201029 1.00108934 0.000927014
-0.186145756 1.00010251 0.000882013
-0.184959986 0.999217716 0.000864808
-0.18481217 0.998737029 0.000927604
-0.184756882 0.999470899 0.000882406
-0.183571135 1.0002967 0.000864739
-0.183423311 0.999582587 0.000927087
-0.183368007 0.998656451 0.000881559
-0.182182285 0.999723992 0.000864626
-0.182034452 0.999151415 0.000926556
-0.181979133 0.999001474 0.000881559
-0.180793435 1.000247697 0.000864533
-0.180645592 1.001409839 0.000927384
-0.180590258 1.000137069 0.000881932
-0.179404585 0.999070379 0.000864063
-0.179256733 1.001657408 0.0009273
-0.179201384 1.002235873 0.000882865
-0.178015735 0.999680434 0.000864824
-0.177867874 1.001033237 0.000927012
-0.177812509 1.000192604 0.000880808
-0.176626885 1.000550215 0.000864784
-0.176479015 1.001051222 0.000927011
-0.176423635 1.000228242 0.000881895
-0.175238035 0.998850942 0.000864361
-0.175090156 0.998431779 0.000926789
-0.17503476 1.00086337 0.000882151
-0.173849185 1.000981691 0.000864793
-0.173701297 0.998698918 0.000927571
-0.173645886 1.000120612 0.000881271
-0.172460335 0.999108558 0.000864346
-0.172312438 1.000276072 0.000926812
-0.172257011 0.99831711 0.000880898
-0.171071485 1.001023819 0.000864589
-0.170923579 1.001884172 0.000928253
-0.170868136 0.999629773 0.000881879
-0.169682635 1.000526103 0.00086445
-0.169534719 1.001123272 0.000927732
-0.169479262 0.999205317 0.000880687
-0.168293784 1.000121693 0.000864784
-0.16814586 1.000218864 0.000927348
-0.168090387 1.00006984 0.000880944
-0.166904935 0.999920737 0.000864161
-0.166757001 1.000953142 0.000927398
-0.166701513 0.999936837 0.000881642
-0.165516084 0.99987926 0.000864934
-0.165368142 0.999535331 0.000927418
-0.165312638 1.000252171 0.000881121
-0.164127234 1.000370564 0.000865221
-0.163979283 1.000433328 0.000927392
-0.163923764 0.999678766 0.000880772
-0.162738384 0.999880335 0.00086453
-0.162590424 0.999841156 0.000927639
-0.162534889 1.000346318 0.000880959
-0.161349534 0.999858167 0.000864799
-0.161201565 0.999428448 0.000927965
-0.161146015 0.999643192 0.000881306
-0.159960684 1.000195823 0.000864818
-0.159812706 0.99908247 0.000927833
-0.15975714 0.999778812 0.000880955
-0.158571834 1.000372939 0.000864804
-0.158423847 1.000400793 0.000927949
-0.158368266 1.000226553 0.000881006
-0.157182984 0.999918953 0.000864731
-0.157034987 0.998021976 0.00092764
-0.156979391 0.998735728 0.000880824
-0.155794134 1.000389987 0.000864707
-0.155646128 0.999814809 0.00092831
-0.155590517 0.99870149 0.0008806
-0.154405284 1.000079379 0.000864465
-0.154257269 0.99992001 0.000928183
-0.154201642 0.999686929 0.000880422
-0.153016434 0.99887316 0.000863898
-0.15286841 0.998826911 0.000928384
-0.152812768 0.998410929 0.000879683
-0.151627584 1.000586539 0.000864447
-0.151479551 1.001141677 0.000928251
-0.151423893 1.000361338 0.000880799
-0.150238734 1.000275331 0.000864681
-0.150090692 1.000144781 0.000927862
-0.150035019 1.000847127 0.000881287
-0.148849884 0.999617397 0.000865029
-0.148701833 1.000019133 0.000927981
-0.148646144 0.999987963 0.000880647
-0.147461034 1.000991812 0.0008647
-0.14725727 1.000676696 0.000880541
-0.146072184 0.999521916 0.000864176
-0.145924114 0.999534365 0.000928319
-0.145868395 1.000732592 0.000881456
-0.144683334 0.999759526 0.000864229
-0.144535255 0.998950772 0.000928009
-0.144479521 1.000187826 0.000880729
-0.143294484 0.999745581 0.000864463
-0.143146396 1.000403347 0.000928948
-0.143090646 0.999200843 0.000881014
-0.141905634 0.999518278 0.000864346
-0.141757537 1.000385346 0.000928961
-0.141701772 1.000904335 0.000880453
-0.140516784 0.999568161 0.000865548
-0.140368678 1.000848834 0.000928807
-0.140312897 1.001648497 0.000880483
-0.139127934 1.001073697 0.000865461
-0.138979819 1.00043136 0.000928994
-0.138924023 1.001087997 0.000881234
-0.137739084 0.999072018 0.000864776
-0.137590959 0.999964178 0.000929214
-0.137535148 1.000876574 0.000881404
-0.136350233 1.000308831 0.000864383
-0.1362021 0.999587834 0.000929239
-0.136146274 1.000084738 0.000880832
-0.134961384 1.001032813 0.000864168
-0.134813241 0.99866921 0.000928397
-0.134757399 0.999883083 0.000880397
-0.133572533 0.9977917 0.000864154
-0.133424382 1.000574587 0.00093047
-0.133368525 0.999101188 0.00088039
-0.132183684 1.000255074 0.000865154
-0.132035523 1.001143091 0.000929516
-0.13197965 0.9995713 0.000880603
-0.130794833 0.998662945 0.000863984
-0.130646664 1.000624055 0.000929518
-0.130590776 1.000994465 0.000880759
-0.129405984 0.999798741 0.000865582
-0.129257805 0.99946112 0.000929858
-0.129201901 1.001733171 0.000881106
-0.128017134 1.000378798 0.000864232
-0.127868945 0.999690775 0.000929807
-0.127813027 0.998989197 0.000879778
-0.126628284 0.999964957 0.000865418
-0.126480086 0.998957473 0.000928911
-0.125239434 1.001047356 0.000864577
-0.125091227 0.998947999 0.000929988
-0.125035278 1.001358352 0.000880698
-0.123850584 1.001461794 0.000864853
-0.123702368 1.000175114 0.000929974
-0.123646403 0.999862936 0.000880254
-0.122461734 0.998983096 0.000864666
-0.122313509 1.000975225 0.00093067
-0.122257529 0.99914287 0.00088032
-0.121072884 1.000520044 0.000864947
-0.12092465 1.001243554 0.000930189
-0.120868654 0.999953398 0.00088038
-0.119684034 1.000929476 0.00086481
-0.11953579 1.000025629 0.000930508
-0.11947978 0.9993894 0.000880104
-0.118295184 0.999846955 0.000864678
-0.118146931 0.999410771 0.000930275
-0.118090905 1.001013939 0.000880795
-0.116906334 1.000615282 0.000864568
-0.116758072 0.999816723 0.000930676
-0.116702031 0.999887247 0.000880646
-0.115517484 0.999075646 0.000864431
-0.115369213 0.99852992 0.000929617
-0.115313156 1.000359479 0.00088041
-0.114128634 1.00051218 0.000864569
-0.113980354 0.998894748 0.000930597
-0.113924282 1.000258645 0.000880283
-0.112739784 0.999156398 0.000864728
-0.112591495 0.99986101 0.000930288
-0.112535407 1.000415624 0.000880392
-0.111350934 1.000607179 0.000864679
-0.111202635 0.999377169 0.000930516
-0.111146533 0.998271579 0.000880365
-0.109962084 0.999254136 0.000864757
-0.109813776 0.999999881 0.00093103
-0.109757658 0.999966149 0.000880427
-0.108573234 1.000212287 0.00086415
-0.108424917 1.000052091 0.000930567
-0.108368784 1.000738057 0.000880047
-0.107184384 1.000749859 0.000865648
-0.107036058 1.002348481 0.000931825
-0.10697991 0.998600576 0.000879945
-0.105795534 0.999022535 0.000864443
-0.105591035 1.000668578 0.000880341
-0.104406684 1.00001931 0.0008647
-0.10420216 0.999150055 0.000879722
-0.103017834 0.999703559 0.000865236
-0.10286948 0.998741611 0.000931278
-0.102813286 0.998044232 0.000879446
-0.101628984 0.999565529 0.000864781
-0.101424412 0.998976423 0.000879306
-0.100240134 1.000599798 0.000864799
-0.100091762 0.999217579 0.000931213
-0.100035537 1.000269992 0.000879942
-0.098851284 1.000148043 0.000864696
-0.098702903 1.001401292 0.00093159
-0.098646663 0.999682919 0.000879922
-0.097462434 1.000765008 0.000865053
-0.097257788 1.001289435 0.000880464
-0.096073584 0.998597225 0.000864277
-0.095925184 0.999671969 0.00093148
-0.095868914 0.999347289 0.000880065
-0.094684734 0.999210255 0.000864591
-0.094536325 1.000285833 0.000931583
-0.094480039 1.000081657 0.000880494
-0.093295884 0.999089744 0.000864144
-0.093147466 1.000391081 0.000931378
-0.093091165 1.001142374 0.000879963
-0.091907034 0.998913865 0.000864347
-0.091758607 1.000759034 0.000931634
-0.09170229 1.000023961 0.000880019
-0.090518184 0.999694017 0.000864598
-0.090369748 0.999550161 0.000932178
-0.090313416 1.000465997 0.000880115
-0.089129335 1.001036435 0.000865189
-0.088924541 1.000034989 0.000879939
-0.087740485 0.999711955 0.000864882
-0.087592029 1.000264728 0.000931305
-0.087535667 1.000831042 0.000880128
-0.086351635 1.001043474 0.000865174
-0.08620317 1.001269519 0.000931876
-0.086146793 0.99902267 0.000879607
-0.084962785 0.99884519 0.000864556
-0.084814311 0.998504444 0.000931607
-0.084757918 0.999578508 0.000880356
-0.083573935 1.000840005 0.000864823
-0.083425452 0.999788735 0.000931963
-0.083369044 1.00005639 0.000880278
-0.082185085 1.000330186 0.00086468
-0.082036592 1.001339693 0.000932227
-0.081980169 0.999401752 0.000879986
-0.080796235 1.0002148 0.000864766
-0.080647733 1.000251369 0.000932606
-0.080591295 0.999467853 0.000880246
-0.079407385 1.000017999 0.000865222
-0.079258874 0.999270988 0.000932209
-0.07920242 1.000645834 0.000880557
-0.078018535 1.00114112 0.000865216
-0.077813546 1.000418421 0.000880352
-0.076629685 0.99907791 0.00086477
-0.076481156 0.999110151 0.000932392
-0.075240835 1.000775295 0.000864636
-0.075092296 1.000570304 0.000932715
-0.075035797 1.000409187 0.000880281
-0.073851985 1.000683024 0.000864893
-0.073703437 1.000189518 0.000932346
-0.073646922 0.999296184 0.000879663
-0.072463136 1.000998785 0.00086471
-0.072314578 0.999673031 0.000932748
-0.072258048 0.999805087 0.000880046
-0.071074286 0.999818252 0.000865138
-0.070925719 0.998627935 0.000932396
-0.070869174 1.001683141 0.000881201
-0.069685436 1.000248746 0.000864534
-0.06953686 0.999665658 0.000932897
-0.069480299 0.999087716 0.000880457
-0.068296586 0.99957858 0.000864519
-0.068148 0.9992516 0.000932477
-0.068091425 1.000254402 0.000879687
-0.066907736 1.000070284 0.00086545
-0.066759141 0.998270424 0.000932406
-0.06670255 0.999465273 0.000879496
-0.065518886 0.999578207 0.000864532
-0.065370282 0.999023417 0.000932495
-0.065313676 0.999401765 0.000880387
-0.064130036 0.99835208 0.00086458
-0.063981423 0.998975208 0.000932384
-0.063924801 0.998763694 0.000879558
-0.062741186 0.998872035 0.000864144
-0.062592564 0.998872883 0.000932261
-0.062535927 0.99855252 0.000879402
-0.061352336 0.999046719 0.000864245
-0.061203705 0.999955888 0.000932937
-0.061147052 1.000694447 0.000881213
-0.059963487 0.999298467 0.00086466
-0.059814845 0.997972664 0.00093361
-0.059758178 0.999195303 0.000879974
-0.058574637 1.000219122 0.000865019
-0.058425986 0.998118616 0.000932561
-0.058369304 1.000532142 0.000880125
-0.057185787 0.999071371 0.000864747
-0.057037127 0.999157417 0.000932872
-0.056980429 1.000989787 0.00088007
-0.055796937 0.998180918 0.000863937
-0.055648268 0.999586237 0.000933186
-0.055591555 0.999219747 0.000879734
-0.054408087 0.998961272 0.000864145
-0.054259408 0.999444875 0.000933208
-0.05420268 0.999275229 0.000879849
-0.053019237 1.000169622 0.000864768
-0.052870549 1.000290427 0.000932827
-0.052813806 1.00021361 0.000880103
-0.051630387 1.000066862 0.000864211
-0.05148169 1.000516087 0.000933505
-0.051424931 1.00007767 0.000879981
-0.050241537 0.997589881 0.000863795
-0.050092831 0.997714504 0.000932747
-0.050036057 1.000570312 0.000880094
-0.048852688 0.999223308 0.000864603
-0.048703972 0.997624977 0.000932725
-0.048647182 0.999218577 0.000880147
-0.047463838 0.998213355 0.000864471
-0.047315112 0.998839952 0.000933824
-0.047258308 1.000461062 0.000880264
-0.046074988 0.999825267 0.000864645
-0.045926253 0.998234039 0.000932811
-0.045869434 0.999444482 0.000879556
-0.044686138 0.997973623 0.0008641
-0.044537394 0.999849088 0.000934126
-0.044480559 0.99880741 0.000879428
-0.043297288 0.998999057 0.000864278
-0.043148535 0.998328267 0.000932667
-0.043091685 0.999428169 0.000879868
-0.041908438 0.999279116 0.000864233
-0.041759675 0.998636236 0.000933157
-0.04170281 1.000250072 0.000880023
-0.040519589 0.997061997 0.000863667
-0.040370816 0.999396486 0.000933244
-0.040313936 0.999526378 0.000880053
-0.039130739 0.998859567 0.000864231
-0.038981957 1.000301048 0.00093329
-0.038925062 0.998992259 0.0008802
-0.037741889 0.997464828 0.000864318
-0.037593098 0.999196167 0.00093341
-0.037536187 0.999874319 0.000880345
-0.036353039 0.999091461 0.000864225
-0.036204238 0.99892014 0.00093399
-0.036147313 0.999378235 0.000879292
-0.034964189 1.00099083 0.000864797
-0.034815379 0.998256672 0.00093381
-0.034758438 0.999233587 0.000879317
-0.033575339 0.999430279 0.000864257
-0.03342652 0.999087818 0.000933867
-0.033369564 0.999332829 0.000880182
-0.032186489 0.999071889 0.000864182
-0.032037661 0.999941865 0.00093328
-0.03198069 0.999591843 0.000879865
-0.03079764 1.000387522 0.000864806
-0.030648801 0.997637766 0.000932883
-0.030591815 0.999323848 0.000879849
-0.02940879 1.00006066 0.000864196
-0.029259942 0.998825617 0.000932947
-0.029202941 0.998239581 0.000879438
-0.02801994 0.999463804 0.000864328
-0.027871083 0.999351957 0.000933517
-0.027814066 0.999651761 0.00088025
-0.02663109 0.997470667 0.000863694
-0.026482224 0.999470047 0.000933313
-0.026425192 0.997791877 0.000879346
-0.02524224 0.999054268 0.000864679
-0.025093365 0.99872256 0.000933126
-0.025036317 0.998315113 0.000879052
-0.023853391 0.998840232 0.000864134
-0.023704505 1.001031764 0.000934212
-0.023647443 1.000008394 0.000880092
-0.022464541 0.997008317 0.000864117
-0.022315646 0.998078719 0.000933207
-0.022258569 0.999016168 0.000879873
-0.021075691 0.996963667 0.000863729
-0.020926787 0.999553887 0.00093387
-0.020869694 0.99964517 0.000880531
-0.019686841 0.99838104 0.000863855
-0.019537928 1.000608465 0.000932967
-0.01948082 0.998973086 0.000880229
-0.016909141 0.998928463 0.000864658
-0.016760209 0.999150937 0.000933281
-0.016703071 1.000528407 0.000879889
-0.015520292 0.998105122 0.000864259
-0.01537135 0.999136694 0.0009337
-0.015314197 1.000502098 0.000880109
-0.014131442 0.998812642 0.000864343
-0.013982491 1.000239646 0.000933587
-0.013925322 0.999989309 0.000879646
-0.012742592 0.998449484 0.000864539
-0.012536448 0.998355287 0.000879704
-0.011353742 0.999185016 0.000864594
-0.011147574 0.998892603 0.000879545
-0.009964893 1.00098342 0.000864873
-0.009815913 0.998036841 0.000933007
-0.009758699 0.999119369 0.000879528
-0.008576043 0.99982953 0.000864193
-0.008427054 0.999190727 0.000933083
-0.008369825 1.000653859 0.000880118
-0.007187193 0.998687918 0.000864136
-0.007038194 1.000151241 0.000933576
-0.00698095 0.999237315 0.000879668
-0.005798343 0.998611025 0.000864355
-0.005649335 0.997557049 0.000932562
-0.005592076 0.998720405 0.000879606
-0.004409494 1.000018086 0.000864938
-0.004260476 0.999011061 0.000933317
-0.004203202 0.999025274 0.000879703
-0.003020644 0.99920744 0.000864646
-0.002871617 0.997943822 0.000932865
-0.002814327 0.999277738 0.000880341
-0.001631794 0.998521898 0.000864282
-0.001482757 0.998899884 0.000933432
-0.001425453 0.999469273 0.000880229
-0.000242944 0.999038455 0.000864085
-3.65784E-05 0.998495384 0.000880128
0.001145906 0.999139233 0.000864475
0.001294961 0.998345569 0.000933154
0.001352296 0.999849722 0.00087952
0.002534755 0.998845987 0.000864109
0.002683821 0.997782778 0.000932475
0.00274117 0.999787462 0.000880791
0.003923605 0.998104658 0.000863818
0.00407268 0.99992777 0.000932588
0.004130045 0.999071182 0.000879905
0.005312455 0.998744053 0.000864467
0.005461539 0.9973587 0.000932813
0.005518919 1.000419029 0.000880582
0.006701305 0.998634916 0.000864143
0.006850398 0.997820023 0.000932281
0.006907793 1.000360286 0.000880571
0.008090154 0.999965926 0.000864488
0.008239258 0.99987164 0.000932944
0.008296668 1.000711366 0.000880355
0.009479004 0.998325987 0.000864109
0.009628117 0.997539799 0.000932168
0.009685542 0.998806573 0.000879939
0.010867854 0.998445301 0.000864097
0.011016976 1.000612024 0.000932926
0.011074417 0.997876789 0.000880023
0.012256704 0.999204614 0.000865019
0.012405835 0.998900628 0.000932411
0.012463291 0.999697188 0.000879889
0.013645554 0.999529673 0.000864273
0.013794695 0.998193524 0.000932726
0.013852165 1.000151471 0.000880013
0.015034403 1.000082706 0.000864323
0.015183554 0.999249539 0.0009329
0.01524104 0.999220075 0.000880081
0.016423253 0.996801346 0.000864211
0.016572413 0.998051678 0.00093218
0.017812103 0.997250017 0.000863948
0.017961273 0.998513152 0.000932061
0.018018789 0.999456667 0.00088088
0.019200952 1.000297248 0.000864609
0.019350132 0.999399805 0.000932649
0.019407663 0.998852818 0.000879755
0.020589802 0.99821757 0.000863988
0.020738991 0.999180457 0.000932556
0.020796537 0.999085077 0.000879948
0.021978652 0.998645202 0.000864169
0.02212785 0.998265415 0.000932136
0.022185411 0.999337609 0.000880104
0.023367502 0.999652636 0.000864087
0.02351671 0.99911798 0.000932218
0.023574286 0.99833442 0.000880317
0.024756351 1.00071836 0.000864727
0.024905569 1.000464191 0.000932679
0.02496316 0.999066656 0.000880157
0.026145201 0.999363376 0.000864122
0.026294428 0.998474515 0.000932103
0.026352035 1.000371489 0.00088071
0.027534051 0.99867837 0.000864639
0.027683288 0.999305576 0.000932021
0.027740909 0.99965519 0.000880487
0.028922901 0.999887018 0.0008646
0.029072147 0.999051932 0.000932268
0.029129783 1.000868571 0.000880622
0.03031175 0.999011287 0.000864952
0.030461006 0.999482558 0.000932615
0.030518658 0.99960847 0.000880788
0.0317006 0.998430405 0.000864803
0.031849865 0.997768352 0.000931321
0.031907532 0.998770183 0.000880395
0.03308945 0.999325252 0.000864024
0.033238725 0.99943332 0.000931431
0.033296406 0.999711219 0.000881038
0.034478299 0.997815483 0.00086426
0.034627584 0.998805864 0.000931418
0.034685281 0.99899563 0.000880643
0.035867149 0.998022709 0.000864385
0.036016443 0.99911802 0.000931806
0.036074155 0.999920393 0.000881079
0.037255999 0.998571928 0.000864628
0.037405302 0.999131858 0.000932028
0.037463029 1.000988905 0.000880677
0.038644848 1.000187355 0.000864709
0.038794162 0.999282844 0.000931826
0.038851904 1.000030536 0.000881056
0.040033698 0.999899532 0.000864855
0.040183021 0.999306343 0.000931064
0.040240778 0.998572001 0.0008807
0.041422548 1.000285086 0.000864232
0.04157188 0.998929309 0.000932105
0.041629653 0.998973829 0.000880513
0.042811398 0.999421812 0.000864319
0.04296074 1.000474992 0.000932134
0.043018527 1.000800912 0.000880547
0.044200247 0.999859398 0.000864522
0.044349599 1.001178889 0.000930996
0.044407401 0.998628819 0.000880356
0.045589097 1.000024605 0.000864157
0.045738458 0.999539465 0.000931501
0.045796276 0.999381106 0.000881347
0.046977946 1.000140105 0.000864836
0.047127317 0.998709697 0.000931553
0.04718515 0.998925397 0.000880739
0.048366796 0.99892423 0.000864272
0.048516177 0.998741363 0.000931165
0.048574024 0.998994598 0.000880589
0.049755646 0.999659047 0.000864879
0.049905036 0.999568946 0.000930483
0.049962898 0.999320711 0.000880725
0.051144496 1.000793193 0.000865366
0.051293895 0.998547082 0.000930867
0.051351773 0.99884133 0.000880166
0.052533345 0.999866862 0.000864497
0.052682755 1.000457799 0.000931174
0.052740647 0.999870748 0.000881327
0.053922195 0.998887485 0.000864122
0.054071614 0.99907359 0.00093117
0.054129521 0.999782011 0.00088088
0.055311045 0.999229171 0.00086451
0.055460473 1.000036571 0.000931232
0.055518396 0.998466126 0.000880208
0.056699894 0.997899398 0.000864658
0.056849332 1.000152035 0.000930651
0.05690727 0.99995166 0.000881016
0.058088744 1.000406342 0.000864752
0.058238192 0.997739204 0.000930115
0.058296144 1.000024501 0.000880586
0.059477594 0.998241733 0.000863665
0.059627051 0.999448835 0.000930436
0.059685019 0.998572014 0.000881153
0.060866443 0.998904075 0.000864099
0.061015911 0.998523825 0.000930407
0.061073893 1.001680667 0.000881151
0.062255293 1.001266247 0.000864667
0.06240477 0.999219009 0.000930779
0.062462767 1.000956651 0.00088131
0.063644142 1.000065154 0.000865112
0.063793629 1.000588042 0.00093015
0.063851642 0.999752846 0.000880798
0.065032992 0.999539999 0.000864635
0.065182488 1.000665944 0.00093047
0.065240516 1.000956976 0.000880902
0.066421842 1.000860697 0.000865231
0.066571348 0.999788686 0.000930609
0.06662939 1.000610847 0.000880752
0.067810691 1.000197565 0.000864313
0.067960207 0.999390788 0.000930227
0.068018265 1.00031158 0.000881643
0.069199541 0.999147441 0.00086431
0.069349066 1.000991381 0.000930174
0.069407139 1.000264222 0.000881498
0.070588391 0.999629012 0.000864218
0.070737926 1.00049532 0.000929966
0.070796013 0.999929061 0.000881954
0.07197724 1.000267275 0.000864392
0.072126785 0.999977543 0.000929856
0.072184888 1.001058551 0.000881597
0.07336609 1.000564678 0.000864714
0.073515644 0.999485582 0.000929742
0.073573762 1.000691432 0.000882232
0.07475494 1.000404939 0.000864819
0.074904504 1.001997829 0.00093016
0.074962636 1.000899919 0.000881273
0.076143789 1.000134341 0.000864355
0.076293363 1.00063291 0.000930209
0.076351511 1.000056106 0.000881186
0.077532639 1.000187863 0.000864712
0.077682222 1.001450867 0.000929261
0.077740385 0.999660927 0.000881392
0.078921489 0.999241817 0.000864312
0.079071081 0.999075887 0.00092962
0.079129259 0.9997292 0.000881677
0.080310338 1.000127069 0.00086486
0.080459941 0.999365743 0.00092903
0.080518134 1.000705126 0.000881291
0.081699188 0.999013373 0.000864565
0.0818488 0.998974407 0.000928871
0.081907008 0.999422293 0.000881259
0.083088037 0.999984623 0.000864352
0.083237659 1.001520986 0.00092977
0.083295882 0.999801056 0.000881475
0.084476887 1.000565129 0.000864921
0.084626519 0.998416594 0.000928889
0.084684757 0.998635976 0.000881211
0.085865737 1.000749172 0.0008656
0.086015378 0.999273518 0.000929048
0.086073631 0.999810006 0.000881177
0.087254586 0.999011716 0.000864276
0.087404237 1.000363952 0.000928239
0.087462505 0.999254227 0.00088103
0.088643436 1.000848818 0.000864719
0.088793097 0.999771541 0.000928659
0.088851379 1.000637263 0.00088152
0.090032285 0.998629748 0.000864293
0.090181956 0.998784309 0.000928848
0.090240254 0.999666948 0.000881026
0.091421135 1.000775626 0.000865099
0.091570815 1.001133564 0.000929076
0.091629128 1.001021491 0.000881576
0.092809985 0.999000819 0.000865023
0.092959675 0.999563074 0.000928538
0.093018002 0.999810024 0.000880989
0.094198834 0.999239337 0.000864428
0.094348534 0.999746804 0.000928158
0.094406877 1.001158257 0.000881808
0.095587684 1.000836174 0.000865508
0.095737393 1.001875816 0.000928695
0.095795751 1.000442468 0.0008813
0.096976533 0.999422666 0.000864779
0.097126253 0.999734704 0.000928203
0.097184625 0.999742022 0.000881321
0.098365383 1.000441627 0.000864244
0.098515112 0.99956655 0.000927579
0.0985735 0.99870298 0.000880864
0.099754233 0.999319324 0.000864126
0.099903971 0.998200027 0.000926994
0.099962374 1.000540555 0.000881616
0.101143082 0.999804338 0.000864812
0.101292831 1.001037721 0.000928193
0.101351248 1.000360007 0.00088132
0.102531932 0.999910721 0.000864862
0.10268169 0.999258045 0.000927844
0.102740122 1.000312319 0.000881388
0.103920781 1.001063712 0.000864483
0.104070549 1.00072257 0.000928242
0.104128997 1.000463227 0.000881114
0.105309631 0.999126944 0.000864144
0.105459408 1.000562941 0.000928009
0.105517871 1.0000627 0.000881149
0.10669848 1.00029084 0.000865047
0.106848268 1.000414764 0.000927431
0.106906745 1.000464882 0.0008816
0.10808733 1.000893258 0.000864874
0.108237127 0.999376368 0.00092697
0.10829562 1.001205457 0.000881499
0.109476179 1.001393406 0.000864638
0.109625986 0.998797644 0.000926822
0.109684494 0.999789438 0.000881031
0.110865029 0.999644318 0.00086497
0.111073368 0.999565175 0.00088105
0.112253878 0.999864831 0.000864621
0.112403705 0.99941585 0.000927486
0.112462243 0.999647007 0.000881597
0.113642728 1.000703734 0.000865026
0.113792564 1.001109562 0.000927335
0.113851117 1.000650552 0.000881116
0.115031578 1.000550806 0.000864609
0.115239991 1.001415868 0.000881714
0.116420427 1.000745334 0.000865304
0.116570283 1.001586372 0.000927576
0.116628865 0.999795709 0.000881425
0.117809277 0.99896341 0.000864656
0.117959143 1.000345403 0.000927566
0.11801774 0.999086603 0.000880565
0.119198126 0.998499916 0.000864582
0.119348002 1.001402949 0.000927042
0.119406614 1.001216538 0.000881052
0.120586976 1.00101436 0.000865135
0.120736861 1.000029573 0.000927236
0.120795488 1.0009977 0.000881379
0.121975825 1.002073181 0.000865387
0.122125721 0.999512521 0.0009269
0.122184363 1.000011084 0.000881691
0.123364675 0.999916443 0.000864656
0.123573237 0.999035156 0.000880568
0.124753524 1.000063889 0.000864803
0.124903439 0.999736467 0.000927277
0.124962111 0.999870926 0.000880869
0.126142374 1.000734966 0.000864991
0.126292298 1.000101895 0.000926953
0.126350985 0.999802042 0.000880773
0.127531223 1.000628405 0.000864811
0.127681158 0.998733149 0.000926716
0.12773986 0.998803977 0.000881121
0.128920073 0.999201441 0.000864096
0.129070017 1.000942145 0.000926456
0.129128734 1.000148496 0.000881329
0.130308922 1.000442697 0.000865123
0.130458876 1.000626981 0.000927254
0.130517608 0.999353643 0.000880822
0.131697772 0.999590081 0.000864577
0.131847736 0.999693427 0.000926863
0.131906482 0.999572456 0.000881155
0.133086622 0.999512066 0.000864381
0.133236595 1.000274794 0.000926276
0.133295357 0.999977714 0.000880847
0.134475471 1.001091133 0.000864855
0.134625454 0.99979085 0.000926674
0.134684231 1.000125133 0.000881345
0.135864321 0.999760174 0.000864677
0.136014314 0.999681507 0.00092645
0.136073105 1.000103681 0.000880996
0.13725317 1.000731994 0.000864689
0.137403173 1.000732556 0.000927239
0.137461979 1.000214033 0.000881118
0.13864202 1.000092736 0.00086455
0.138792033 0.999647108 0.000927151
0.138850854 0.999701356 0.000881195
0.140030869 0.999246786 0.000864396
0.140180892 0.999396287 0.000926396
0.140239728 0.999357968 0.000881041
0.141419718 0.99885921 0.000864649
0.141569751 1.000016694 0.000926223
0.141628602 1.000401245 0.000881203
0.142808568 0.999622199 0.000864791
0.142958611 1.000875517 0.000926627
0.143017477 1.00020652 0.00088113
0.144197418 0.999692705 0.000864281
0.14434747 0.99829595 0.000926411
0.144406351 1.000565097 0.000881246
0.145586267 1.000195845 0.000864612
0.145736329 1.001669348 0.000926835
0.145795225 0.999253115 0.000880341
0.146975117 0.999322769 0.000864599
0.147125189 0.999062841 0.000925768
0.147184099 1.000327591 0.000880521
0.148363966 1.000488483 0.000864749
0.148514048 1.000173254 0.000926272
0.148572973 1.000669109 0.000881245
0.149752815 0.999506981 0.000864236
0.149902907 0.999929113 0.000926629
0.149961848 1.000299819 0.00088063
0.151141665 0.999768867 0.000864657
0.151291767 0.998842552 0.000926026
0.151350722 0.999882146 0.000881008
0.152530514 1.000465849 0.000865457
0.152680626 1.001472515 0.000926213
0.152739596 0.999876544 0.00088015
0.153919364 0.998613829 0.000865286
0.154069485 1.000657414 0.000926247
0.15412847 0.997941696 0.000880598
0.155308213 0.999937954 0.000864965
0.155458345 0.999964766 0.000926054
0.155517345 1.000974341 0.000881096
0.156697063 1.00149254 0.000865055
0.156847204 1.000383415 0.000926915
0.156906219 0.999101499 0.000880075
0.158085912 0.998979295 0.000864505
0.158236063 0.998998825 0.000926263
0.158295093 0.998936861 0.000880762
0.159474762 0.999531827 0.000864279
0.159624923 1.00178252 0.000926352
0.159683968 0.999295406 0.000880817
0.160863611 1.001464431 0.000865232
0.161013782 0.999879447 0.000925762
0.161072842 1.000205693 0.000881195
0.162252461 1.000281444 0.000864502
0.162402642 1.000402198 0.000926244
0.162461716 1.000223688 0.0008808
0.16364131 0.998845631 0.000864861
0.163791501 0.999393415 0.000926101
0.16385059 1.000471811 0.000881168
0.16503016 1.001194209 0.000865151
0.16518036 0.999538042 0.000926515
0.165239464 0.999448466 0.000881047
0.166419009 1.000096145 0.000864868
0.16656922 0.999789533 0.000926563
0.166628339 1.000245498 0.000880623
0.167807859 0.999830178 0.000864612
0.167958079 0.998546287 0.000925957
0.168017213 0.999515314 0.000880607
0.169196708 0.998700136 0.000864433
0.169346938 1.001008956 0.000926619
0.169406087 1.000537255 0.000881553
0.170585557 1.001119259 0.000864848
0.170735798 1.000027367 0.000926313
0.170794961 1.001313447 0.000881206
0.171974407 1.000657543 0.000865125
0.172124657 0.999730083 0.00092631
0.172183836 0.999360381 0.000880325
0.173363256 1.000279152 0.000864496
0.173513516 1.00032823 0.000926321
0.17357271 1.000158029 0.000880932
0.174752106 0.999652059 0.000864619
0.174902376 1.000986865 0.000926788
0.174961584 1.00021714 0.000880502
0.176140955 0.998746309 0.000864374
0.176291235 1.000161525 0.000926794
0.176350458 1.001178903 0.000881272
0.177529804 1.000912552 0.000864982
0.177680094 0.999661498 0.000926534
0.177739332 1.001221664 0.00088096
0.178918654 0.998649971 0.00086447
0.179068954 1.000536456 0.00092707
0.179128207 1.001087109 0.000881238
0.180307503 1.001381067 0.000865206
0.180457813 1.001108994 0.000926968
0.180517081 0.999647189 0.000880919
0.181696353 0.999884712 0.000864649
0.181846673 0.998410377 0.000926354
0.181905955 0.99993374 0.00088061
0.183085202 0.999821643 0.000864734
0.183235532 1.000505241 0.00092616
0.183294829 1.000130019 0.000881443
0.184474051 0.999160793 0.000864664
0.184624391 0.99862975 0.00092627
0.184683704 1.000025741 0.000880331
0.185862901 0.998169169 0.000864715
0.186013251 0.999481137 0.00092684
0.186072578 1.000083297 0.000880461
0.18725175 1.000284227 0.000864712
0.18740211 0.999329924 0.000926672
0.187461452 1.000221054 0.000880404
0.1886406 1.000924405 0.000864668
0.188790969 1.000327847 0.000926547
0.188850326 0.998552605 0.000880501
0.190029449 1.000631196 0.00086476
0.190179829 1.000987279 0.000927563
0.1902392 1.002469558 0.000880823
0.191418299 0.998462206 0.000864923
0.191568688 1.000550891 0.000926371
0.191628075 0.999532111 0.000880369
0.192807148 1.000363701 0.000865128
0.192957548 0.999415294 0.000926244
0.193016949 0.998599456 0.000880002
0.194195997 1.001744767 0.000866207
0.194346407 1.001742068 0.000927041
0.194405823 1.001127382 0.000880716
0.195584847 0.999526251 0.000864341
0.195735266 0.999942221 0.000926622
0.195794697 0.99955296 0.000879901
0.196973696 0.998999937 0.000864548
0.197124126 0.999044121 0.000926979
0.197183572 1.001310541 0.000881151
0.198362545 0.999530374 0.000864415
0.198512985 0.999474614 0.000926447
0.198572446 0.999535089 0.000880088
0.199751395 1.000314161 0.000864816
0.199901844 0.99887324 0.000926958
0.19996132 0.999689466 0.000880186