-0.31472731916210184 0.9999638130979297 0.0004180439860699802
-0.3144234673268511 0.9988661993665306 0.000417523071357322
-0.3133384187813135 1.0000830451444256 0.00041800852204964834
-0.3130346041889586 0.9984492663420717 0.0004170294765053641
-0.311949517935318 0.9997425766633286 0.0004180815885861336
-0.31164574151673013 0.9993804256711072 0.00041718521682836596
-0.31056061755407427 0.999773457871093 0.000417982017199451
-0.31025687837838495 1.0004019698429636 0.0004180329941063347
-0.30917171670807875 0.9998363533054039 0.00041798995639650215
-0.3088680152409479 0.9995323494831109 0.00041808248547338975
-0.30778281586117373 0.9998515570237434 0.0004180899313901333
-0.30747915210260546 1.0007196517252808 0.00041821861988759095
-0.3063939154808395 1.0006747843077803 0.0004181117291096758
-0.30609028896471296 0.9998336483544359 0.0004178607933474481
-0.3050050146339345 0.999898237523992 0.0004179878530526746
-0.30470142582727866 0.9999582183443759 0.0004180671621246103
-0.30361611425269075 1.000004053818011 0.00041801708935792294
-0.3033125626893889 0.9997379281867206 0.0004180126816353758
-0.30222721340578573 1.0010883764412553 0.0004182607340619798
-0.3019236995519518 0.9996439352651186 0.0004179589165353626
-0.3008383130254515 1.000388860317356 0.0004181266967928592
-0.3005348368792679 0.9991264843091406 0.0004177331488815441
-0.29944941264420777 1.0009576355939034 0.00041834937902832597
-0.2991459737409227 0.9995621758038776 0.00041795906075192164
-0.29806051179821225 0.9990346954065499 0.0004179119116134524
-0.29775711060257753 1.0005918359538017 0.0004181077965733622
-0.2966716114169685 0.9994152007041913 0.0004179390887885838
-0.29636824746514323 1.0003665456251558 0.0004179975407340216
-0.295282710570973 1.00040358117788 0.00041818273753718076
-0.29497938432770615 0.999626487256582 0.0004181587636474148
-0.29389381018972927 0.9999137378058522 0.0004180246781897041
-0.29359052165502225 1.000125041392396 0.0004181069812142592
-0.29220165851713253 0.9997232147380404 0.00041798828899109564
-0.291116008960671 0.9999808042494861 0.0004179384371453332
-0.29081279537969545 0.9998356237732128 0.00041819687076543477
-0.2897271085794273 0.9995271440873994 0.00041798321400818056
-0.28942393224226115 0.9995837569369374 0.0004180204849461888
-0.2883382077334318 0.9995054423694604 0.0004179016705262252
-0.28803506957003266 0.9996035989000183 0.0004178268281270301
-0.28694930735218804 0.9993463974751056 0.0004179040374389833
-0.28664620643123206 0.9999250236133898 0.0004177894767493785
-0.2855604069718538 0.9993518141127111 0.00041806816423620803
-0.2852573432924314 0.9998411077306274 0.00041801716341956664
-0.2841715061258583 0.9996889919051455 0.00041802381037801584
-0.2838684801549944 0.9991002887229273 0.00041766519811095793
-0.28278260574461456 1.0000853086366321 0.00041813570562657256
-0.2824796174832213 1.0005020688885717 0.00041824598974039747
-0.28139370489861903 1.0001009874654525 0.00041798067575376504
-0.281090754345787 1.000395866774202 0.0004179553505883944
-0.2800048045169199 1.0005097063590607 0.00041805850447407424
-0.2797018912074391 1.0011176394158618 0.0004182593250449839
-0.2786159041352221 1.0000590783127448 0.0004180710581583066
-0.2783130285352106 1.0004105269895867 0.0004180594162851402
-0.27722700375488785 0.9996196646264675 0.00041799149332320655
-0.2769241653977763 1.0008327347481163 0.0004182694020841434
-0.2758381029088923 1.0010195721731374 0.00041822223467091746
-0.27553530226033923 0.999675654219505 0.00041817770553745023
-0.2744492025276486 1.0001445036395364 0.00041807850606389197
-0.27414643958811075 0.9999003483991614 0.0004177055446319077
-0.27306030214731436 0.9996672968017154 0.0004179337149329279
-0.27275757644931015 0.9993239581069778 0.0004175339331958502
-0.2716714017656152 0.9998433370122508 0.0004180775591104714
-0.27136871331051227 1.0003905029119644 0.0004179186778412216
-0.2702825009182561 1.000698714707113 0.0004181735076936561
-0.2699798506387365 1.0004928978603584 0.0004180054956993917
-0.2688936005379219 0.9998402405167098 0.00041800060060325894
-0.26859098750129945 1.0002406685507712 0.0004177856321992707
-0.26750470015667815 0.9994050922789502 0.00041789910946248417
-0.2672021248295264 0.9998222721910335 0.00041799724355388033
-0.2661157997754344 1.0002674105360942 0.0004180236557155068
-0.2658132616920921 0.9998726352137827 0.00041766877881985886
-0.2647268989285294 0.9994758438404499 0.0004178883001160619
-0.26442439855374417 1.0007501347870507 0.0004177169832462497
-0.2633379985481952 0.9996342256534431 0.0004179402623645559
-0.2630355358815157 0.9998148197815624 0.0004177578475388524
-0.26194909816695144 1.0011003516010537 0.000418246625160345
-0.2616466727440814 0.9992427817522382 0.00041780649686253577
-0.2605601977866172 0.9996071664288603 0.0004179620696590938
-0.2602578100713975 1.0003720201732438 0.0004181086412368449
-0.2591712974053735 0.9997479066685988 0.00041789096954475305
-0.2588689469330523 1.0001849984605315 0.0004177918296702367
-0.25778239702503924 1.0004359903149824 0.0004181257711906553
-0.2574800842608211 1.0000456527660153 0.00041786566018011984
-0.2563934961790437 1.0003121236677368 0.00041820759859808427
-0.2560912211224786 1.000453193956524 0.00041789041145715624
-0.2550045957973446 0.999416589704236 0.0004178786977341988
-0.25470235798504154 0.9996371026187256 0.0004176615631068653
-0.25361569541564677 1.000039461828877 0.0004179881791387456
-0.2533134953132658 0.9996037243828881 0.0004178248312401669
-0.25222679503531253 1.0002892843600881 0.00041810851375704205
-0.25192463217583144 0.9993116257647212 0.00041802734888114453
-0.2508378946540688 1.000315147282625 0.0004180683707339254
-0.25053576950314754 1.0001459003607815 0.0004179443529531324
-0.24944899427282508 0.9999392601697937 0.0004180246849236797
-0.24914690683091908 0.9983664470178953 0.00041730311996876105
-0.24806009389158135 1.0009242216346068 0.0004180984490344224
-0.24775804369348206 0.9986402012902592 0.00041770007310944413
-0.2466711935112471 1.0001247587902344 0.0004180982019605042
-0.24636918102125357 0.9995331659016221 0.00041767972463723955
-0.24528229313000338 1.0003459038763944 0.0004181191818441207
-0.2449803178829084 1.0002201563312587 0.0004181306079632881
-0.24389339274875965 1.000355505706868 0.00041809884367991146
-0.2435914552102245 1.0004610460763583 0.0004180838620597937
-0.24250449236751592 0.999957201602329 0.00041807624707221406
-0.2422025920718793 1.0004016924004089 0.00041808227634047254
-0.2411155919862722 1.0004407388628793 0.00041807765780838577
-0.24081372940010623 1.0006151771021095 0.00041785347413550396
-0.23972669160593796 1.0001242223288802 0.0004180468269320238
-0.2394248662626692 1.0002985972722633 0.0004182515918520076
-0.23833779122514964 1.000045957232831 0.0004180581681768873
-0.23803600359089344 1.0005389063312613 0.00041803097951314085
-0.23694889084436 0.9994790262153531 0.0004179806757880891
-0.23664714091821223 1.000104181926915 0.0004181723539507807
-0.23555999046402576 0.9996714430220089 0.0004180210277099245
-0.2352582777803198 1.0005085086392829 0.00041820707920112946
-0.23417109008278203 0.999524333614044 0.0004179639131922406
-0.2338694151080913 0.9994629994075709 0.00041766675235481616
-0.2327821897024478 1.0000796352040056 0.00041806048918874614
-0.23248055196974612 0.9997873461925313 0.00041789189054680816
-0.23139328932074865 0.999209846636573 0.00041797970981266044
-0.23109168929797036 1.0002127709536777 0.00041807157299748263
-0.23000438893950625 0.9996363423081659 0.0004179816521905205
-0.22970282662528915 0.99926532255719 0.00041774673912944686
-0.2286154885587166 0.9996452851687297 0.0004179026365568652
-0.22831396348694127 0.9995733827044414 0.0004175751967740986
-0.22722658817838237 0.9988292353790024 0.00041767881744622274
-0.22692510081516823 1.0002050271953078 0.00041751614753065603
-0.22583768779668456 0.9998028230635025 0.00041804723445264627
-0.22553623814339516 1.0008695622114845 0.00041815608661624856
-0.22444878741498542 1.000046195072792 0.00041798569083218844
-0.22414737500595813 0.9992918855845404 0.0004179746905009261
-0.22305988703465118 1.0007577105030883 0.0004181743515534883
-0.22275851233327423 1.0001567530588602 0.0004179827019721442
-0.22167098665340745 1.0004194479607063 0.0004180767590047496
-0.22136964966059033 1.0004648920663666 0.00041803151415405616
-0.22028208627307322 0.9999074328114503 0.00041784128617720044
-0.21998078698790643 0.9998068301888952 0.0004179362336622952
-0.21889318635749078 1.0005585105019645 0.000418080462345216
-0.21859192385047208 0.9997695758049112 0.00041779600356323067
-0.21750428597624705 0.9998099141937531 0.0004180068859555647
-0.21720306117869634 1.0002460427527893 0.0004182844723636114
-0.21611538559500332 1.0001126569687098 0.0004180933262455062
-0.21581419850601244 0.99917835839524 0.00041725649553397406
-0.21472648521466908 1.000373140956321 0.00041822179785303275
-0.21442533583332854 1.0004575249805898 0.00041798811986819214
-0.21333758483342535 0.9999325845067514 0.00041793316905749267
-0.2130364726958915 1.0000855335880268 0.000418292651187695
-0.21194868445309112 1.0006918597723569 0.00041823610956049826
-0.21164761002411844 1.0027189387010471 0.0004184744769877875
-0.21055978453796276 1.0000343931879314 0.00041802370687387796
-0.21025874735234537 1.0006599563947165 0.0004180999732943268
-0.20917088415717444 0.9998861533506023 0.0004180066838265158
-0.20886988468056963 1.000610121799051 0.00041828665076034554
-0.2077819837768402 0.9997657500041128 0.00041792045177108496
-0.20748102154176903 1.0002348471717128 0.0004182033606108721
-0.20639308339514106 0.9999958871988588 0.0004180188889668566
-0.2060921588686297 1.0001128932024343 0.0004178151137380388
-0.20500418347910454 1.0000131130062186 0.000417969273402663
-0.20470329619685665 0.9993904123976063 0.00041761204428155925
-0.2036152830978608 0.9997031681436237 0.0004179916314874226
-0.20331443352508358 1.0000434519906465 0.000418087719102863
-0.20222638271661708 1.0000151994725128 0.0004179846209688168
-0.20192557085330784 0.9998334603342333 0.0004180727085324428
-0.20083748233582743 1.0001689836702168 0.00041808812940978085
-0.20053670818062394 0.9995279821244762 0.0004180008989160666
-0.1994485824207004 0.9995401431761092 0.00041795173517644225
-0.19914784504227875 1.000592846807932 0.0004182259089821
-0.19805968204036617 0.999131129990571 0.00041780435954051994
-0.197758982370503 1.0001539638539603 0.0004178811667128121
-0.19667078165912244 1.0000439891560173 0.0004180877617991821
-0.19637011969872994 0.9997302238140965 0.0004180021118268038
-0.1952818812778787 1.0005075439871953 0.00041807071515488495
-0.19498125702604605 0.9991640287128272 0.0004178522581555183
-0.19389298136229627 1.000747220216813 0.00041807015322917033
-0.19359239435336215 0.9990351702986711 0.00041787083724964465
-0.19250408098105254 1.0002830705061336 0.0004180711231895245
-0.19220353168067825 1.000949935020916 0.00041809442033429584
-0.1911151806007183 1.0000445855020583 0.00041805305377831133
-0.19081466900890248 1.0000336771281337 0.00041777264429233775
-0.18972628068604536 0.999797219511131 0.00041797392270555544
-0.18942580633712944 0.9994551965309967 0.0004179378596265432
-0.18833738030480163 1.0000621098834706 0.0004180563083297192
-0.18803694366535637 0.9994441090912364 0.0004179374307036324
-0.18694848039012868 1.000762306111592 0.000418168448866659
-0.18664808099266977 0.9998118218441042 0.0004179991156237641
-0.18555958000888495 1.0002259080939115 0.00041799868985413073
-0.18525921831998857 0.9992238611812451 0.00041773998228593237
-0.18417067962855072 1.0000299223734952 0.00041807716877676024
-0.18387035518255154 1.000878841998109 0.0004182428470068349
-0.18278177971251286 0.9991215822130084 0.00041798684493067937
-0.18248149250986764 1.0000031591610365 0.0004181574155720919
-0.18139287933081505 0.9991563928854708 0.0004178332519776456
-0.18109262983763916 1.000945186063128 0.00041802582776463644
-0.1800039794152326 0.9997341563756573 0.00041800126913694107
-0.17970376716540798 0.9997903028728685 0.00041787183311440705
-0.17861507903398888 1.000653342983966 0.00041806058048832694
-0.17831490449272677 1.0006057259400674 0.00041806844077994754
-0.17722617911931593 0.9995760218511174 0.00041793386390344634
-0.17692604182095104 0.9990998746345494 0.0004179137557865734
-0.1758372787380722 1.0001777452037406 0.0004180625147208286
-0.17553717914917527 1.000023306355184 0.00041806589551540425
-0.17444837835773797 1.000858028039963 0.0004181467269281356
-0.17414831647740223 1.000094119588146 0.0004179915734599362
-0.17305947844261094 0.9992278053955154 0.0004178606181213659
-0.17275945380471833 0.9996974938603175 0.000417974068538518
-0.1716705780618213 1.0000379093178122 0.000418023275145784
-0.17137059159769572 1.0007354330549083 0.0004179476616411876
-0.17028167814623885 0.999854859938947 0.00041802108875959963
-0.16998172892592264 0.9992992579740401 0.0004177535555013196
-0.16889277776499512 0.9994327921592755 0.0004180128819671091
-0.16859286625323605 1.001146604290503 0.0004183200523098718
-0.16750387784941267 1.000620673339675 0.0004181411494819735
-0.1672040035810076 1.0004839511394727 0.0004180041455211243
-0.16611497746907844 0.9993967323289243 0.0004179380978510176
-0.1658151409087791 0.9998602805916211 0.0004180838392710307
-0.164726077553496 1.0003992373362847 0.0004180422169827206
-0.1644262782360952 1.000182636687228 0.00041804775711314464
-0.16333717763882305 0.9998142100742248 0.00041792011318552357
-0.16303741556432214 1.0002695441568406 0.0004180428507070795
-0.16194827725848882 1.000087798568031 0.00041800575928691887
-0.1616485528925464 0.9997380855135897 0.0004180310754884461
-0.16055937734290637 1.000093580128969 0.00041799900381866533
-0.16025969022077063 0.9990381763977095 0.0004179640338042013
-0.15917047696075315 1.0002304332323584 0.0004180522068884516
-0.15887082754808943 1.001653626175337 0.00041821741891832806
-0.1577815770442612 1.0004054926461468 0.0004181169391442293
-0.15748196487540284 0.9987063423321114 0.00041760189930976514
-0.15639267666392698 1.0004410164227506 0.00041805705228451157
-0.15609310266838292 0.9999820581955838 0.00041808798001479695
-0.15500377674834454 1.0002497439379576 0.00041805782232658947
-0.15470423999615177 1.0001931277285998 0.0004181447932451431
-0.1536148768336716 1.000009298324585 0.000417954521253705
-0.1533153773243787 0.999018744238207 0.00041771051547362907
-0.15222597645333735 1.00040101923736 0.00041820169658689596
-0.1519265146521502 1.000801718407407 0.00041820001404758176
-0.1508370765377549 0.999523105170062 0.0004179049807391351
-0.15053765197946362 1.00089792450925 0.00041795987596180865
-0.14944817662308196 1.0007741404198216 0.000418117580030521
-0.14914878977335186 0.9994446387973536 0.0004178720783706035
-0.14805927624183823 1.000325200266979 0.00041815536152743453
-0.1477599271015788 0.9998330995932876 0.00041822397187598503
-0.1466703763262558 0.9997456100447555 0.0004179711786309666
-0.14637106442980305 1.0004696456830597 0.00041837007131510686
-0.14528147641067335 0.9998368045642271 0.00041802599417602995
-0.14498220175802728 0.9999972580663813 0.00041807598507727963
-0.1438925760298837 0.9994885402864675 0.0004179183627190959
-0.14359333908443525 0.9999871248380472 0.0004179062692810766
-0.14250367611475667 1.0002225598435048 0.0004180424815161785
-0.14220447687695723 1.0002126189052003 0.0004181826804965817
-0.14111477620008372 0.9998522430271405 0.00041801537922886537
-0.14081561420518415 1.0002570857585755 0.000418125085890218
-0.13972587628450128 0.9989423988853704 0.0004178422748050644
-0.13942675153340842 0.9993555274991326 0.00041775109030231316
-0.13833697590416705 0.9999815230226714 0.0004180838115579871
-0.13803788886163534 0.9995442440062513 0.0004178135335407889
-0.1369480759885846 0.9997442435426114 0.00041799217560733966
-0.13664902665506815 1.000351741370132 0.00041809784426306607
-0.13555917607300216 0.999484256686514 0.00041786940837512784
-0.13526016398238155 1.000544569911964 0.0004178217129385186
-0.13417027615651023 1.0002918146700288 0.00041815946597006443
-0.1338713013106085 1.0001651709978803 0.000418022292453715
-0.1327813757752665 1.0007145147581749 0.00041801144611047504
-0.13248243910449672 0.9997501276482923 0.0004179248452871702
-0.13139247586059355 1.0003267399648155 0.00041808932225104525
-0.131093576432721 1.000957465762239 0.0004179322342493812
-0.1300035759450111 0.999938609777281 0.00041793097201032
-0.12970471375912893 0.9992648686616604 0.0004176001519214806
-0.12861467603033816 0.9998634518792741 0.0004178530788673277
-0.1283158515516509 1.0000306378977204 0.00041781971994875246
-0.12722577611475572 0.9998086782360109 0.00041798937175565074
-0.12692698887987516 1.0002266248561094 0.0004176502222489757
-0.12583687573442148 1.0002128969541788 0.00041807634371273034
-0.1255381262081021 0.9994791567632638 0.00041769691975475007
-0.12444797581974854 0.9995053678230057 0.00041791237474054013
-0.12414926400198763 0.99996524933631 0.00041778162803268086
-0.1230590759041661 0.9999233528217426 0.0004178905999861099
-0.12276040132975916 0.9989531299287177 0.0004177917739224683
-0.12167017598858365 1.0009759072379132 0.00041810226142542775
-0.12137153865707526 1.0000725411053846 0.00041796453214190877
-0.12028127607300121 0.9995697416125243 0.0004179005862076827
-0.11998267645096079 1.0004151587483008 0.00041810533719093695
-0.11889237615741877 0.9998524288565239 0.00041803833582312454
-0.11859381377918773 1.000775001764348 0.00041824055798346294
-0.11750347624274582 1.000931190371352 0.00041817685662842545
-0.11720495157216512 0.9994221802912319 0.0004179458542975237
-0.11611457586195752 1.0000009340916147 0.0004179790471620279
-0.1158160888990258 0.9992205363044652 0.00041795712793264787
-0.11472567594682914 0.9996768161520138 0.0004180043035026141
-0.1144272262263419 1.0005197797423397 0.0004180048696955179
-0.1133367760312467 1.0001075996849358 0.0004180594474588287
-0.11303836402023013 1.000405220513211 0.0004181587561050815
-0.11194787611566426 0.9999069146356065 0.00041804756981780763
-0.11164950134845437 1.0004877197905802 0.0004179967988564029
-0.11055897619962775 1.0002743426989373 0.0004180752998155258
-0.1102606391423426 1.0005335015626715 0.0004181838063152947
-0.10917007628358988 1.0007084638480968 0.0004180850739620631
-0.10887177647011144 1.000510616864137 0.00041804056338432953
-0.10778117636891693 1.0002393972126755 0.0004180497402182639
-0.10748291426309152 1.0005603326385502 0.00041817445483379877
-0.10639227645378992 1.000396852284297 0.00041806286107925735
-0.10609405159131577 0.9998973956171588 0.00041797390491445384
-0.10500337653866154 1.00030374635663 0.0004180507215220061
-0.10470518938429316 1.0003269226767846 0.00041806437223332186
-0.1036144766239886 0.9998504143017736 0.000417988992389148
-0.10331632671206467 1.0010875028872679 0.0004180099567015354
-0.10222557670840615 0.9987257409126917 0.0004178428678534197
-0.10192746450504206 1.0002235736988612 0.00041818185873052213
-0.1008366767937332 0.9998183892556661 0.0004179361061452822
-0.10053860183235816 1.000237406508543 0.0004180102388945096
-0.09944777687815076 1.0007902867308542 0.0004181328597616819
-0.0991497396262437 0.9997929864332853 0.0004180921203057708
-0.09805887696256832 1.000235514442812 0.0004179657236840147
-0.09776087695447064 1.0007420413091273 0.0004183151881754984
-0.09666997704698588 0.999835584560947 0.00041800299909067234
-0.09637201474835617 0.9999159029143967 0.00041815686918996803
-0.09528107713231293 1.0000996055211306 0.0004180480155919088
-0.0949831520761277 1.0000013228396183 0.00041822381989309207
-0.09389217721673049 0.9999468989907286 0.0004179875378433502
-0.09359428986910509 1.0001586278546388 0.000417929669772827
-0.09250327730205754 0.9993591079933459 0.00041794746050087365
-0.09220542719733203 1.0002315900323389 0.00041809295671115307
-0.09111437738601967 0.9991940641465206 0.00041786864858191946
-0.09081656499030673 0.9997104570683518 0.000418015519496843
-0.08972547746998316 0.9991596648425795 0.00041789687330896004
-0.08942770278373953 0.9995013627134011 0.0004177002395676432
-0.0883365780209715 1.0000195727010435 0.00041799482609353037
-0.08803884011151106 0.9988684683296071 0.0004173243930602231
-0.08694767810584313 0.998303124974387 0.0004177225159069541
-0.08664997790448845 0.9980833398759948 0.00041728010608466375
-0.08555877819026204 0.9981092344493528 0.00041771613852297596
-0.08526111569792125 0.9991736010196292 0.00041750532755600574
-0.08416987827422417 0.999641079556878 0.0004180469061846968
-0.0838722530261455 0.9988863631223076 0.0004174284725454011
-0.08278097835955123 0.9984622889712089 0.0004177025689033274
-0.08248339082003373 0.9992760129787265 0.0004176414991304754
-0.08139207844396878 0.9990662717851794 0.0004178550003654613
-0.08109452814825797 0.9979215267513525 0.00041724833562519024
-0.08000317852929584 0.9993725495549538 0.0004178655893641954
-0.07970566594169079 0.9989188614114033 0.0004176288880834825
-0.07861427907937468 0.9995776254889046 0.00041793356722797406
-0.07831680373376003 0.9986374054722608 0.00041794669100980215
-0.07722537916470174 0.9988355881900912 0.000417737533031365
-0.07692794106152885 0.9995385951095112 0.0004178629964203936
-0.07583647925002879 0.9985068215032136 0.00041779005780842577
-0.07553907885541708 0.999496100169374 0.0004179000857716129
-0.07444757933399092 0.9986742298573962 0.0004178033241782973
-0.07415021664930262 0.9990575821065141 0.00041786368611036094
-0.07305867941795441 0.9990019042329524 0.000417799013025974
-0.07276135444228 0.9991859183824747 0.0004178311864675404
-0.07166977996894275 0.9988620118668846 0.00041774487949416543
-0.0713724917695961 0.9995253198891916 0.00041804194265539316
-0.0702808800533603 0.9995964007492004 0.00041798970933977617
-0.06998362956348433 0.9990294608963337 0.00041790262931582883
-0.06889198013777786 0.9985842535634165 0.0004178119220182224
-0.06859476735736987 0.998301793881844 0.0004177074934955623
-0.06750308022219542 0.9994153146103156 0.00041781971723823494
-0.06720590468559681 0.9997061178920819 0.0004179755855672875
-0.06611418077318376 0.9980646956314337 0.00041772842063811074
-0.06581704247811879 0.9985318225379355 0.0004177385101472492
-0.06472528085760132 0.99879711767304 0.00041778001415177397
-0.06442818027064075 0.998011346575347 0.0004176610731429543
-0.06333638094292837 0.998469900631017 0.00041768935779463924
-0.06303931806452898 0.9992137247493784 0.00041804089741524276
-0.061947481026891855 0.9979687690459608 0.00041758441242835224
-0.06165045585841451 0.998734675046054 0.00041803136125286787
-0.06055858157651528 0.9985865195146918 0.0004177887324767093
-0.060261593186641454 0.9992568880849771 0.0004180313713760627
-0.05916968166184233 0.9989280807985444 0.0004178085176606158
-0.05887273098007426 0.9988878116589227 0.0004178750902312282
-0.057780781747169385 0.9991378651540339 0.0004178483540218078
-0.05748386877304896 0.9987696171756694 0.0004179345900027911
-0.05639188229724823 0.9986341111557479 0.00041784348993432335
-0.05609500656648177 0.9990470280176107 0.00041761465423129546
-0.05500298238257528 0.9991050653243952 0.00041778260477833316
-0.054706144360369996 0.9983676427262604 0.0004177361757281158
-0.05361408246699284 0.9988855465787599 0.000417866501344862
-0.053317281688594245 0.9984258225800658 0.00041801247495879234
-0.05222518301798118 0.9985013513921687 0.0004177798028460045
-0.051928419481118905 0.9979714502458066 0.00041771183557386734
-0.05083628310239874 0.9975933265847264 0.00041755100000080594
-0.05053955727364087 0.9992260420480541 0.0004178532353904597
-0.04944738365247758 0.9988281815621933 0.0004178313049708892
-0.04915069506752641 0.9987625500071612 0.00041762297076374866
-0.04805848373689514 0.9987965238992049 0.0004177545011047273
-0.04776183286141464 0.9993977158731358 0.00041772836830092705
-0.046669583822222194 0.9984463606671538 0.00041760599027645636
-0.046372970655300175 0.9986328560155321 0.0004178549247774029
-0.045280684371846965 0.9983156468236992 0.0004176728040527735
-0.04498410844873298 0.9980392443337776 0.0004177253908550012
-0.0438917844558091 0.9981467886039347 0.00041762452000492184
-0.04359524624171037 0.9984643585906768 0.00041768995175387656
-0.04250288500679744 0.9989813063434185 0.00041779781745352064
-0.04220638356948189 0.998212885349973 0.0004176425507200141
-0.041113985091215 0.9992548037053883 0.00041790799298396493
-0.04081752136336743 0.9986970093956007 0.00041762445790406873
-0.03972508564220334 0.9992852498551035 0.0004178176858628314
-0.03942865915680024 0.9986228043090102 0.0004176502546365421
-0.0383361857266209 0.999550999132116 0.00041798862605458686
-0.03803979694886948 0.9979245845232716 0.00041735997683005913
-0.03694728627669974 0.9987370837331706 0.00041777291906223757
-0.03665093474229959 0.9987943589030004 0.0004175111847293895
-0.0355583863611173 0.9989599801872315 0.0004178067022327896
-0.03526207253618782 0.9995087404003378 0.00041774330299905774
-0.03416948691210564 0.9976700945150183 0.0004176420398905501
-0.03387321033007336 0.9989235336004871 0.00041757864012677206
-0.0327805869965232 0.9997044316253275 0.0004179788606182064
-0.03248434812396159 0.9995918991444963 0.0004177389867478218
-0.03139168754751154 0.9988389617491351 0.0004178125685739573
-0.031095485917391703 0.9980079953107748 0.0004176157104449877
-0.03000278763238317 0.9985313533761878 0.0004177604721872734
-0.029706623710371787 0.9988688282939657 0.0004177450025779255
-0.028613888182917435 0.9985703224143223 0.0004177068334036414
-0.028317761504257324 0.9993083665464126 0.00041786637827193306
-0.027224988268244488 0.9986800373460709 0.00041785658743768853
-0.026928899297234712 0.9980141479542293 0.0004173532770983224
-0.025836088817867912 0.998808705261522 0.0004177921227667639
-0.0255400370902121 0.9988774244811709 0.00041779870163151053
-0.024447188901831396 0.998064522624378 0.00041768147346500314
-0.024151174883189488 0.998376500944967 0.0004177011828181196
-0.02305828945191024 0.9988097585769511 0.00041786580048949
-0.022762312676622296 0.9982888250694639 0.0004174643702149212
-0.0216693895363278 0.9983439106753406 0.0004177413569136913
-0.02137345047050783 0.9997727175871677 0.00041802111902176675
-0.020280490086860718 0.9988462146380933 0.0004177727246276486
-0.01998458826439606 0.9987079226538467 0.00041773974756088524
-0.018891590637394984 0.9990768591405836 0.00041785237230422686
-0.018595726058281595 0.998390823828953 0.0004177985486502487
-0.017502690722722036 0.9990981863983981 0.0004178704113709506
-0.017206863851714407 0.9982666096063348 0.00041774561786249225
-0.01611379127280088 0.9984978796029307 0.000417765233221929
-0.015818002110353082 0.9989135161999821 0.0004176664349042336
-0.014724891823789221 0.9982804469435003 0.0004176942788453642
-0.01442913990424131 0.9990816685708716 0.00041800359057865365
-0.013335991907752705 0.9982004532238747 0.0004177251809287241
-0.013040277697216003 0.9980318353925397 0.00041750073473133937
-0.011947092457830204 0.998623130785622 0.0004177458973657276
-0.011651415490196087 0.9981801390873769 0.00041761230210129747
-0.01055819300836447 0.9998526809641644 0.0004179920075897565
-0.010262553284081622 0.9986088881091952 0.0004179220704233017
-0.009169293093691522 0.9987737219533283 0.00041778590424814235
-0.00887369107705901 0.9980536643461936 0.0004173542537410711
-0.007780393643770367 0.9978510356760363 0.00041765243911357923
-0.007484828870491819 0.9989987187374794 0.00041787665873368687
-0.006391494194758707 0.9988253165579895 0.00041783155688670886
-0.006095966664377354 0.9991663345303612 0.00041788443974730366
-0.0050025942791762645 0.9992962705593107 0.00041787133502921563
-0.004707104923926872 0.9983609454030661 0.0004176375864630901
-0.0036136948301646044 0.9988400780052229 0.0004177589396322823
-0.003318242717812407 0.9983158281982097 0.0004178306169146888
-0.0022247953802434495 0.9984290626955223 0.00041775238764062627
-0.001929380511245216 0.9981783816595193 0.0004177025968848471
-0.0008358959294127999 0.9982399403306019 0.00041772773430291297
-0.0005405183033144567 0.9988556267803065 0.00041781946112581905
0.0005530039861696423 0.9986834780555093 0.00041781643264205104
0.0008483439037108501 0.9984801744095758 0.0004175939414696888
0.0019419034360907972 0.9989995301466053 0.00041775211349331156
0.0022372056441613327 0.9991214770704508 0.0004178033575988781
0.0033308028851024574 0.9985181861762097 0.0004177120070782794
0.0036260678502731025 0.9984071064794368 0.0004176165177022661
0.004719702335023612 0.998186856853946 0.0004176469021820911
0.005014930057298409 0.99880784023489 0.0004177435102184539
0.00610860224969656 0.9994112216430712 0.0004180026390145205
0.0064037922638656005 0.9987464506498342 0.00041760140377585734
0.007497501699162293 0.9980831323784451 0.00041768600690468067
0.00779265446997737 0.9973975773931738 0.0004172103968921319
0.008886401148629375 0.9991546812835597 0.00041777825566360557
0.009181516210430547 0.9992095957431917 0.00041728002472723937
0.01027530059855053 0.9994484427386396 0.00041788976983912063
0.010570378416542318 0.9985758720818899 0.0004175103085682268
0.011664200048471685 0.9986901349493013 0.0004177911105226406
0.01195924062402035 0.9985861882156266 0.00041780564057501755
0.01305309949839284 0.9993921602947887 0.0004178356904640806
0.013348102365837096 1.0001085221076176 0.00041793999638113074
0.014441999413065787 0.9976215964817614 0.00041773656552061876
0.014736964572404287 1.0002023456370477 0.0004177537678319135
0.015830898862986942 0.9984364456972197 0.00041773484443534165
0.016125826778518752 0.9974260958039076 0.0004175350006752029
0.017219798311998602 0.9985701200236969 0.0004177996792560039
0.01751468898463052 0.9990173334679637 0.00041795719833978025
0.018608697761010262 0.9989061978689923 0.000417820075567606
0.018903550725991845 0.999057929226066 0.00041776430496090375
0.019997597210931417 0.9982997523695026 0.00041771350055751623
0.020292412932559036 0.9983826013386742 0.00041764993510430635
0.021386496660852572 0.9988934238511992 0.00041775877894122
0.021681275138673503 0.997804788462525 0.00041736006619418943
0.02277539611168322 0.9982453771699666 0.000417712793960344
0.023070136879123983 0.998472376186558 0.0004177930322836627
0.024164295561604376 0.9988996028130864 0.00041776994589292363
0.02445899908523845 0.9988509359896263 0.0004178540741897296
0.02555319501152553 0.9990878116422544 0.0004178566070874558
0.025847861292713787 0.9985174467653027 0.00041783368220846745
0.02694209446053719 0.9978750496502924 0.00041751736289490554
0.027236723034530532 0.9988350895220679 0.0004178024343236776
0.02833099390954885 0.9986606349159026 0.00041776874048637025
0.028625585241097724 0.9989518612550434 0.00041812416349681165
0.029719893825131294 0.9986031106283166 0.0004177586089701992
0.0300144469815509 0.9981480838201291 0.0004176284108791698
0.031108793274142954 0.9987811873577365 0.0004178321161314925
0.03140330918766537 0.9992273073840126 0.00041799370913776887
0.03249769272406411 0.9980797982206925 0.0004176367223274023
0.032792171394685286 0.9991014842282737 0.0004179204928508839
0.033886592173985264 0.9985710162907953 0.0004177237618420235
0.03418103313559388 0.9986714937455377 0.00041762279515442595
0.03527549162390642 0.9992611810166229 0.0004179417305122178
0.035569895341705654 0.9992065774542234 0.0004180328556879933
0.0366643910733735 0.9988597615050002 0.0004177758750753777
0.03695875708215883 0.998322094493986 0.000417946222345033
0.038053290522839234 0.998705624714895 0.0004178718779512077
0.03834761928872602 0.999058466147725 0.00041765745976377603
0.03944218950618961 0.9985793213879516 0.00041780971235462976
0.039736481030995495 0.9994192629450072 0.00041803256590979465
0.04083108895611076 0.9983652264437679 0.0004178284498583986
0.04112534323756538 0.998768314855989 0.00041770308649991407
0.04221998840512242 0.9984329229320734 0.00041770234753429664
0.04251420497801586 0.9992206657357892 0.0004177569686734635
0.04360888785549765 0.9994741944902357 0.00041808025986969427
0.043903067184583054 0.9984692228655666 0.0004176661152926883
0.04499778730542015 0.9989792617296523 0.00041791743103188436
0.04529192892503623 0.9984341791663759 0.0004177777985345422
0.04638668675533996 0.999093089038902 0.0004179202207293398
0.04668079113205884 0.9982565590373699 0.000417811162174237
0.047775586205716536 0.9987321383361385 0.0004178430385902035
0.04806965287296475 0.9991918933560799 0.00041778014718004466
0.049164485654728196 0.9985234670533223 0.00041773596887057857
0.04945851507907921 0.9977146940172958 0.00041756039107947114
0.05055338510464935 0.9983258814773278 0.0004177214720813769
0.050847376819529694 0.9986398356403228 0.0004175883413413008
0.05194228455366101 0.9990073444441553 0.00041791970968400573
0.052236239026096885 0.998363568455651 0.00041754524811911083
0.053331184003582166 0.9987772765668639 0.00041778799071534703
0.05362510076836905 0.9999736365909231 0.00041797279970147997
0.05472008298693254 1.0000825784798344 0.00041788003573074944
0.05501396297493624 0.9987729477242726 0.0004176122082399203
0.0561089824359442 0.9987170009162879 0.0004177876333388609
0.05640282471538942 0.9982362046448846 0.0004175118960914406
0.057497881886320774 0.998741606196601 0.0004178580556921748
0.05779168692195661 0.9981125276609252 0.00041751676668204667
0.058886781336696004 0.9992452806886802 0.00041785502502385887
0.059180548662407094 0.9993836783675883 0.00041773025642532217
0.060275680785707664 0.9985918105248732 0.00041791534904004555
0.06056941040286027 0.9980542423154848 0.00041771056301851046
0.06166458023562882 0.9991478142895169 0.00041785289243444933
0.06195827260988288 0.9979122069138266 0.00041748635420657136
0.06305347921897919 0.998866668757643 0.0004178289666525659
0.06334713435078879 0.9992901105692991 0.00041782828082274047
0.06444237866844492 0.9985047048900678 0.0004178668822586081
0.06473599655735866 0.9973363675549026 0.00041746314940963936
0.065831278117912 0.9992929123665583 0.00041788250586281286
0.0661248582987173 0.9984186279860202 0.0004174391486183669
0.06722017756783316 0.9987143005192375 0.00041784874366319663
0.06751372003917047 0.9989099599215651 0.0004178364895464484
0.06860907655209303 0.999149732353323 0.00041779952839328556
0.06890258224619308 0.9984636984164528 0.00041763751420007553
0.06999797600246825 0.9996237853315937 0.0004178953566363663
0.070291443987099 0.9989279693741634 0.00041751872099209347
0.07138687545284483 0.9986789281570179 0.00041782402397770016
0.07168030572800758 0.9989733333979626 0.0004175272296018896
0.0727757749018565 0.9989450944362734 0.0004178766069027257
0.07306916793411936 0.9985110977913013 0.0004176231672299501
0.07416467388566093 0.9981120479045438 0.0004177559757500122
0.07445802967456984 0.9989952767859744 0.0004177991995882921
0.07555357333512802 0.9994050123207411 0.0004179887862900353
0.07584689141593386 1.0000439783201398 0.0004179587007236898
0.07694247278413968 0.9981509475765985 0.0004177676665305124
0.07723575315729249 0.9983140554562538 0.0004177512561809912
0.07833137176839955 0.9986902631290158 0.00041786107931669026
0.0786246153643178 0.9987528150095645 0.00041761142071415115
0.08001347710476828 0.9995151124085019 0.0004180641464739926
0.08110917066733236 0.9986063856770349 0.0004176091948568519
0.08140233884521876 0.9990749310428176 0.0004178248038083113
0.08249806965159223 0.9987516224451158 0.0004177938418654136
0.08279120105224407 0.9987644510329079 0.0004177998716748648
0.08388696910151339 0.9984357894448811 0.00041778551466603093
0.08418006279314998 0.9990153342722277 0.00041790832397827166
0.08527586855052505 0.9993495751476493 0.0004179756328123916
0.08556892453360046 1.0001995775079244 0.00041811622520908435
0.08666476753478491 0.998643835432793 0.00041775882013818166
0.08695778627450905 0.9990112897016725 0.0004174946867177401
0.08805366698379657 0.9991338016991593 0.00041782950439307807
0.08834664801495953 0.9984566664163399 0.00041750398113099275
0.08944256643417316 0.9987406072116308 0.00041786005723091157
0.08973551022198215 0.9995788601677407 0.0004178447137272281
0.09083146541888709 0.9995980107691305 0.0004180063189203614
0.09112437196334347 0.999632032339856 0.00041790022550038526
0.09222036486789875 0.9995451949399246 0.00041787302848836995
0.0925132337047048 1.0001694380215729 0.0004180817582487839
0.09360926385215862 1.0002974631301869 0.00041818642194679
0.09390209544515797 1.0006903925165533 0.00041792553728390544
0.09499816330207977 1.0000684681172713 0.0004180994034144427
0.09529095718560845 1.0002398998061057 0.00041802613135321053
0.09638706228633964 1.0003049532732682 0.00041806907523472803
0.09667981939263107 1.0003471934786268 0.0004182477986393625
0.0977759617353513 1.000306969929251 0.000418071399300535
0.09806868113353698 0.999425163537015 0.00041770717021649505
0.09916486071961117 1.0005752817624218 0.0004180263164977831
0.09945754287399015 1.0008838876486341 0.0004181445282516394
0.10055376016862283 0.9999924980009053 0.00041800276904419627
0.10084640461489605 0.9982508290681166 0.00041737557803231515
0.10194265915242863 0.9996291634055122 0.0004179523606096185
0.10223526635534923 1.0004148024151012 0.0004181283665750388
0.10333155860189436 0.999840258728341 0.00041796519043401395
0.10362412809716329 1.0003932294486189 0.0004178527314954829
0.10472045758524473 1.0002009513766725 0.00041805051289466174
0.10501298983898003 1.000697220342115 0.0004180582458597089
0.10610935703562131 0.99922039371003 0.00041796070059563087
0.10640185157943051 0.999954781582886 0.00041789731019169327
0.10749825602033525 1.0006386381362398 0.0004182018051002684
0.10779071378554497 0.9999228373662631 0.0004179604762650489
0.10888715546934691 0.9996404387281812 0.0004179878444360942
0.10917957552599815 1.0016471015264896 0.00041775565164123784
0.11027605445360678 0.9991989678660745 0.0004178686102002649
0.11056843726735678 1.0003921772427466 0.0004176278074374925
0.11166495390352793 0.9994826566224086 0.0004179264023362195
0.11195729900826538 1.0004880265613334 0.0004177941766849303
0.1130538528877878 0.9995713920518808 0.000417919035497293
0.11334616074871587 0.9991916770820649 0.00041772250342699804
0.11444275233679946 1.0006725616089602 0.00041817960910759473
0.11473502248916904 1.0011334399014793 0.0004183463017761422
0.11583165132105933 0.9993618766963096 0.0004180692800311271
0.11612388423053037 1.000493403408704 0.0004177165865083486
0.1172205503044097 1.000144123827376 0.00041800609590294597
0.11751274597234442 1.0001246898632141 0.00041797253807040536
0.11860944975478492 0.9993132231629569 0.00041781579503358967
0.11890160771370843 0.9992313316285458 0.0004177576435947591
0.11999834873950022 1.0004479584454768 0.000418042967004353
0.12029046945415892 0.9996795633096414 0.0004177032665945644
0.12138724818851188 1.00027511710059 0.0004181251915139993
0.1216793311946094 1.000041544618175 0.0004179293604716399
0.12277614717186225 0.9999362270593236 0.00041802522951590794
0.12306819293506258 1.000626803789433 0.00041791068540533927
0.12416504615612212 0.9997523578748765 0.0004179417472580116
0.1244570546764239 0.9995549917221069 0.0004177119117230177
0.12555394560513378 0.9998587453607983 0.00041815981231199575
0.1258459164173298 1.000358461607236 0.00041806097985180824
0.12694284458939364 1.000309926344812 0.00041805864423875237
0.12723477815778297 1.0002416362217346 0.000417925594554596
0.12833174357274402 1.0004648904038753 0.00041820186781230264
0.12862363989823347 0.9996102475973812 0.0004180128068778633
0.12972064302312059 1.000439262668109 0.00041815714947710756
0.1300125016395948 0.9994245814238146 0.00041808239045634256
0.13110954200737912 0.9993068935276646 0.00041786550613922825
0.13140136338141153 0.9997648024268861 0.0004181492878672265
0.1324984409911849 0.9997766129759014 0.000418077943967406
0.13279022512277286 1.0007506520373164 0.00041794143975346857
0.13388734044110606 1.0007716043864034 0.00041819394547216754
0.13417908686322605 1.0006040252615356 0.00041799272936777495
0.13527623942536593 1.0002990821670141 0.0004180783706379182
0.13556794813801523 1.0000591268983638 0.00041803002007148094
0.1366651384096258 1.0002196928472276 0.0004181270875123004
0.13695680987846573 0.9996344509450811 0.000418001033979537
0.13805403739297617 0.9997627241767792 0.0004180291857960738
0.13834567161982975 0.9991204307189437 0.0004179375605907127
0.1394429368424419 1.0000178806473938 0.000418093306403489
0.13973453336073563 1.00053786141438 0.00041798120804961106
0.1408318358262477 0.9996200952110301 0.0004180369920237428
0.14112339510118613 1.000961282740266 0.0004181386488678762
0.14222073481050757 0.9993123080878838 0.0004178490833821675
0.14251225684209473 1.0007045105243262 0.0004180268766816315
0.14360963379476743 0.9991554333943901 0.0004179622421583451
0.14390111858345336 1.0002205317437565 0.00041781414611859663
0.1449985327790273 1.0010265940548857 0.0004183024031257655
0.1452899798591561 0.9995165593473319 0.00041786235429577937
0.14638743222803896 1.0003397349328451 0.0004181166268935901
0.14667884160051473 0.9999526156065953 0.0004178015630896973
0.14777633121229883 1.0007101066280473 0.0004181717346952323
0.1480677033409679 0.9992560958005086 0.00041785604900363864
0.1491652301956492 1.0002256561641385 0.0004180470738870609
0.14945656508142108 0.9998793638085942 0.00041772010572109687
0.15055412917899957 0.9999980927079816 0.0004181081187520541
0.15084542682187155 1.0002386495724274 0.0004179007734832908
0.15194302816325944 1.0000393379541521 0.000418128739713274
0.15223428856232205 1.0003185169317617 0.0004176667828342291
0.1533319271475193 0.9991532196250397 0.0004179154679098579
0.15362314983802478 1.0003805033515765 0.00041809682423232076
0.15472082659744046 0.9997257064548865 0.0004180256763318436
0.1550120115793834 0.9999603642720091 0.00041771811781386373
0.15610972558170033 0.9999177475904812 0.0004180665323014451
0.15640087332074742 0.9997043117909086 0.00041768023504992427
0.1574986245659602 0.9998143954285725 0.0004179918863116569
0.1577897350611979 0.999253180865409 0.0004177671159580199
0.15888752355022007 0.9994407418851248 0.0004179782695377207
0.1591785963359871 0.9996338622413686 0.00041795791423074
0.16027642253357044 0.9999264493939645 0.0004180880504128907
0.16056745807735112 1.0001087147508514 0.00041786120634289183
0.1616653215178303 1.0001232599956227 0.00041805295551415334
0.16195631981870975 1.0000971518070296 0.00041775489472446915
0.16305422050118068 0.9994453889620423 0.0004179117208106065
0.16334518155916292 0.9997366174673579 0.00041779295326970135
0.16444311948544055 0.999215139604182 0.00041787995179006345
0.16473404283395482 0.9996501943510411 0.0004179720348759778
0.16583201846970042 1.0015237672222501 0.00041832216842484015
0.1661229045744053 1.0005246186948307 0.0004180505167884539
0.16722091745396028 0.9997223064620878 0.000417936511394763
0.1675117663157666 1.0000629399088372 0.0004178888851656148
0.16860981643776607 1.0004712271874125 0.0004181127733632514
0.16890062759146665 1.0004946978522604 0.00041806828652324443
0.16999871542157052 1.0005195067141892 0.00041820182111101305
0.17028948933282798 0.9996661685121272 0.00041774295294677664
0.1713876144049209 1.000806082645763 0.00041814642026871685
0.17167835107328117 0.9999212060222916 0.000417999022745324
0.17277651338918076 1.0004447644512684 0.00041823188850140545
0.17306721234807035 0.9993602908772222 0.0004176941110664195
0.17416541237253114 0.9998939049338139 0.00041804207522269833
0.17445607408943167 1.0009659109602465 0.000418194147523752
0.175554311356791 0.9997231392963983 0.0004181018741964632
0.175844935830793 1.0006401259558082 0.0004178762478600631
0.17694321034014138 0.9997801801664337 0.000417948410807432
0.1772337971055822 1.000410777240366 0.0004182246138626143
0.17833210932440124 1.0003857579040139 0.0004181107791819417
0.17862265884603537 1.0010634192941523 0.0004181639808498849
0.1797210083095706 1.0003595323885515 0.00041802698956615493
0.18001152058648856 1.0001895344105087 0.00041815080575443756
0.18110990729383047 0.9995555908942386 0.00041808246065979553
0.18140038186264132 1.0006626552125897 0.00041806239221720454
0.18249880627809034 1.0012253445454524 0.0004183051115536347
0.18278924360445806 0.9995056012782487 0.00041779502711958776
0.18388770526144071 1.0001658191927072 0.00041805485727449754
0.18417810487924727 1.0003431884074556 0.00041763246029306254
0.18527660424570058 0.9997885833582977 0.00041814785153612043
0.18556696661970043 1.000472644042295 0.0004182619691367017
0.18666550322905096 0.9992714554666351 0.0004180390699160907
0.18695582789449233 0.9993863374981643 0.0004177791494233027
0.1880544022128554 0.9996269954669638 0.0004179342546336932
0.18834468963585096 1.0003589235107893 0.000417963439131904
0.1894433011971166 1.0002479545833034 0.0004182588067574598
0.18973355137721498 0.9990751572834597 0.00041773416273341296
0.19083220018183056 0.9997301684221117 0.00041805070702973846
0.19112241265200416 0.9997343523902265 0.0004178447056657116
0.19222109869951964 0.9996642444543561 0.00041809496054611567
0.19251127439245466 0.9998973652063042 0.00041790675521522733
0.1936099976837795 1.000187280450627 0.00041817948893641633
0.1939001356681574 0.9998707234587035 0.00041758654647040176
0.19499889666712988 0.9994843569294328 0.00041805122193393094
0.19528899740951602 0.9994002780106587 0.0004175173196676001
0.19638779565093434 1.0000096559409428 0.00041798673568012036
0.19667785868521875 1.00033830963199 0.00041775988503112496
0.19777669463474012 0.9991044421339085 0.0004179500446590568
0.19806672042566922 0.9996491175786908 0.0004178242187267176
0.1991655936180905 1.0001004926763728 0.00041818464781064545
0.19945558170045843 0.9992894656502745 0.0004175177364160596
0.20055449213668908 0.9999917746894319 0.00041798180018349894
0.2008444434409116 1.0001397120382305 0.0004179193235230578
0.20194339112185844 1.000094411393834 0.0004181293579124467
0.20223330471661163 0.9997256441045549 0.0004179557650049519
0.2033322901070278 1.000613202936317 0.0004182532680619348
0.20362216599231167 0.9998105242654701 0.0004179346665603312
0.20472118909037818 1.0007687709939808 0.00041822522810670083
0.20501102773276486 0.9998452123285132 0.0004173200597602895
0.20611008760852134 0.9997597982639196 0.0004179789715188987
0.20639988900755404 0.9999536294437059 0.00041801318604396155
0.20749898659232713 1.0000673513618028 0.00041813108033230865
0.20778875074891537 1.0000041722624653 0.0004177007191561176
0.2088878855756775 1.0005793382240924 0.00041813495701252263
0.2091776120246154 1.0008953704069055 0.0004181935923647113
0.21027678455993737 1.000157709152376 0.0004180536049072818
0.21056647376597673 1.000697972387235 0.000418035898316912
0.21166568307762645 1.0003342540418931 0.00041805875855855447
0.21195533504076863 0.9989944106373724 0.0004175780762452923
0.21305458206234174 1.0001519887459187 0.0004181071461371941
0.21334419631555782 1.0005549174567734 0.0004178667961176044
0.21444348104705568 0.9995074858514686 0.00041801972115193596
0.2147330580560083 1.0000059008749567 0.00041784147606207253
0.21583238003040606 0.9997133596572761 0.00041804583390591364
0.21612191933171104 0.9988891914862571 0.00041759605645990045
0.21722127854809514 0.9991599941444564 0.0004181222727320885
0.21751078107306968 1.0000196100765752 0.0004179653976790163
0.218610177532355 1.0000855914230242 0.0004180728536043347
0.21889964234786155 1.000003933989328 0.00041801436457831835
0.21999907651570538 1.0001938298915019 0.0004181395306482489
0.2202885036235616 1.000081779756387 0.00041784580026267576
0.22138797503430396 1.0002409172928908 0.0004181739294148392
0.2216773653644675 1.0003933970334526 0.00041789063218992684
0.22277687401765434 0.9998735805829312 0.0004180381028462041
0.22306622663971482 0.9989503444372309 0.00041778624284337265
0.22416577300236828 1.0006204727394319 0.00041816395505066896
0.22445508791541216 1.0002240602834818 0.00041802288001993533
0.22555467152142228 0.9992421812614922 0.0004178775745139252
0.22584394965586532 1.0000832119825256 0.00041808161761396794
0.22694357050568215 1.0000740893904292 0.0004181024388716335
0.22723281093065723 0.9992965626945279 0.00041771369152777987
0.22833246902428073 0.9999464743909167 0.0004180380267898952
0.2286216722054464 1.0007465992182079 0.0004179736670208617
0.2297213680076311 0.9998034194993313 0.000418075017671681
0.23001053348114645 1.0005119195349281 0.0004180780032045191
0.23111026699189097 1.0003840990160056 0.0004181039412752302
0.23139939522250777 1.0004259560675135 0.0004180326195670782
0.23249916550958005 1.0005922949207895 0.0004182321866535158
0.2327882564982078 1.0003389871930555 0.0004178350140814994
0.23388806449383992 0.999721464805442 0.000418064525111575
0.23417711777345243 0.9998636169070448 0.0004173680222545556
0.235276963011529 0.999863143754849 0.000418124949912015
0.2355659790482443 1.0005566231418128 0.0004180324427284828
0.23666586199578887 0.9999322871741477 0.00041808832804336813
0.23695484078915022 0.9995719487099061 0.0004180741100734846
0.23805476051438745 0.9997894682505664 0.0004179767436180477
0.23834370206485025 1.000707377186427 0.0004182215984959994
0.23944365949864732 0.9999892111670263 0.0004180511827284225
0.23973256333963947 0.9997614457034147 0.0004178405946377143
0.2408325580163364 0.9997352288610317 0.0004181054379328497
0.24112142461443134 0.9996924756621222 0.00041791897135128243
0.24222145700059627 1.0001848975314809 0.00041804604675725973
0.24251028635488453 1.0005976416224664 0.0004181181326966626
0.24361035551828536 1.0002692350630717 0.00041818572512245964
0.2438991476296737 0.9998977094121111 0.00041789689003305785
0.24499925450163573 1.0012085388791176 0.00041832323019141537
0.24528800890537375 0.9994864684281803 0.0004179119181699213
0.2463881530202343 1.0002321027555974 0.0004181297972708495
0.24667687018198195 1.0003785712799769 0.00041824777173233706
0.24777705200449418 0.9996750865795021 0.00041792156819662086
0.24806573145722924 0.999562366212335 0.0004179750976681248
0.24916595052400226 0.9993120842202993 0.0004179812612596214
0.24945459273201845 1.0006282486085842 0.00041803801628110144
0.2505548495082621 1.0000570421176467 0.000418140291959082
0.25084345447247164 1.0004317320621825 0.00041797386361160647
0.2519437480268607 0.9992542730879251 0.0004179150622612829
0.25223231574771626 1.0000911366371845 0.0004180207303215645
0.2533326470102111 0.9998104002242058 0.0004181481500707855
0.2536211770234163 1.0004512147451972 0.00041811949570724603
0.25472154552790016 1.0014495714823513 0.0004183928927084051
0.25501003829820545 0.9998397811486786 0.0004180293298660277
0.25611044404649874 0.9994787637814677 0.00041801225294029083
0.2563988995729974 0.9997012014704965 0.0004179307841130109
0.2574993430298491 0.9997683766265194 0.0004182364753515567
0.25778776084778926 0.9997619386514593 0.00041808941677793385
0.2588882415484477 0.9999499319282842 0.00041811141443479793
0.25917662212439746 0.9989168229970882 0.0004178144357028086
0.26027714053270756 0.9997682584118978 0.00041807027384846245
0.2605654834005529 0.9999042162835656 0.00041796659657068367
0.26166603905130614 1.000557898544004 0.000418213633178891
0.26195434467534207 0.9994574787172751 0.00041754834438807866
0.2630549375694493 1.0007439263252464 0.00041826987762714444
0.263343205950134 1.000122188239984 0.00041808031685027386
0.2644438365532551 0.999464036631475 0.0004180154121487226
0.26473206722492315 1.0001183724679705 0.00041805292242274645
0.2658327350709442 0.9992188171021714 0.00041796532806865375
0.2661209285001678 1.0011005112990754 0.00041795598725732306
0.26722163358954276 0.999703823090176 0.00041807775717702994
0.2675097902415318 0.9993789978614496 0.00041780529848513384
0.26861053257289313 0.9998518200709415 0.00041811999799605423
0.26889865151632103 1.0001344639911274 0.00041799615170397644
0.26999943109194713 0.9998397198047073 0.0004181758361735532
0.2702875127911102 0.9997602165167965 0.0004177404240587738
0.2713883296109998 0.999774214119998 0.00041804354241095393
0.27167637406681294 0.998947706966758 0.00041793382699702034
0.27277722859525966 0.9998722640941938 0.0004180714159461082
0.27306523534251026 0.9987163244525261 0.0004177726522269658
0.27416612711385824 0.9998506284898677 0.0004180187914210148
0.274454096618213 1.0003782397131433 0.00041823287911736516
0.2755550256315473 1.0001120563715074 0.0004181393235088307
0.27584295789345764 0.9993994361279819 0.00041802109226354704
0.2769439241501459 0.9997565132700268 0.00041807529057846424
0.2772318187025855 1.00094949259664 0.0004181800710548881
0.2783328231334963 0.9998658879185399 0.0004181846660273146
0.27862067997737744 0.9988960147455523 0.0004179247836695237
0.27972172165209486 0.9998800750758635 0.0004180866055188383
0.28000954125262206 1.0010643965262693 0.0004183426331655688
0.28111062016978394 1.0002130285749162 0.00041821966319461083
0.2813984025283221 1.0004035087259209 0.0004181474768553176
0.28249951868792844 0.9999597072145008 0.0004180818292195949
0.282787263803114 1.0003385445754132 0.000418226605029476
0.2838884176717329 1.0007520385717048 0.0004182168437611108
0.2841761250779032 1.0004770452091525 0.00041778074819622495
0.2852773161903315 0.9992748930728058 0.00041796229997941806
0.2855649863536032 1.0002360190031059 0.0004176544677510727
0.28666621470893006 1.0003472126809105 0.00041818661315100964
0.28695384762930326 0.9993410480459178 0.00041796047775886664
0.28805511322752864 0.9998471632600983 0.00041814743712934927
0.2883427089050033 0.9999585179710758 0.0004177995343049972
0.2894440117452177 0.999855032500259 0.0004180582805728678
0.28973157018024787 1.0000092975775519 0.0004178878832389947
0.2908329102638163 1.0005285442192182 0.0004182987110673267
0.2911204314550398 0.9992648344605077 0.00041799240652893156
0.29222180924807617 1.0003632560378053 0.00041816828883389746
0.29250929272982895 1.0001073991455272 0.0004179812813592691
0.29361070776667475 1.0000360041991387 0.0004181423753046125
0.293898153539415 1.0010044904669362 0.0004179677158550423
0.29499960628436384 1.0010701690018184 0.00041827873443335675
0.2952870148151123 1.0011494309047557 0.0004184442131650485
0.29638850480341783 1.0002022586563337 0.000418187634183388
0.29667587608990426 1.0007039837661773 0.00041830345979346494
0.2977774033224705 1.0001720354319072 0.0004181157795941925
0.2980647373656043 0.9997936048618422 0.0004178960083136325
0.2991663018401596 1.0007336276944663 0.00041816020295793474
0.29945359864084886 0.99955879068 0.00041823238400420435
0.30055520035875816 0.9992849709416244 0.00041796266808957647
0.3008424599160962 0.9987341334595227 0.0004176485223902379
0.30194409887644724 0.9992062919617614 0.0004179938502622694
0.30223132072613224 0.9996076073164787 0.00041791674266953075
0.30333299739413633 1.0003879399091333 0.0004182974280904379
0.3036201820013796 1.0001909500635786 0.00041810906765063065
0.3047218959127349 1.0007990708007726 0.0004182299170684623
0.30500904327616873 0.9998673336142412 0.00041808215371339234
0.3061107948960853 0.9991689771993596 0.0004180130986645694
0.30639790455096066 1.000881458020964 0.0004182402186021852
0.30749969341468386 1.0002786192787374 0.0004181765285369418
0.3077867658262053 0.9998384887024337 0.00041823192895311715
0.30888859193328244 1.0002359999821167 0.00041815378862420776
0.30917562663624404 1.000433630875472 0.00041821839314364686
0.310277490451881 0.9998865614412265 0.00041817827537333834
0.3105644879110332 1.0002398198442817 0.00041816665310019294
0.3116663889695701 1.0003999856458206 0.0004181790072179675
0.31195334918673595 0.9997858030448866 0.00041791441294374796
0.3130552874881687 0.9993100032362786 0.0004180925563577583
0.3133422104619806 1.0001317126518643 0.0004181275764704436
0.31444418600676727 0.9994003809807214 0.00041796391505379346
0.3147310712715639 0.9999426664146055 0.00041808720236262946
