-0.21905642150704807 0.9969810541412967 0.0025582320652311947
-0.21884829067787703 1.000035973738218 0.0025090221346292137
-0.21848999283709114 0.9969075726099698 0.0025265052879727226
-0.21766739714621508 0.9958236025657926 0.002558001042191511
-0.21745928901757638 1.0001631914822147 0.002509041818755371
-0.2171009783715605 1.000771160999491 0.0025304999023750604
-0.21627837266987626 0.9961979446589789 0.002557847448529125
-0.21607028712444507 1.000639669211208 0.002510822634260254
-0.21571196390648395 1.0021897626968936 0.002532035411365716
-0.21488934830904327 0.9941338902524488 0.002556130498091672
-0.21468128546551069 1.0031762692450994 0.0025100030508580667
-0.21432294967423937 0.9999630275631306 0.0025300605199284716
-0.21350032383179496 1.002167990204753 0.0025644634182507547
-0.21329228380657628 1.0013224454926015 0.0025084981130405015
-0.21293393520870874 0.9960050873833466 0.0025272882599260984
-0.21211129947096197 0.9949363563863486 0.0025594537020474178
-0.21190328191298957 1.001872658506826 0.0025086054210789565
-0.21154492097600874 0.998312436222147 0.002529471875547136
-0.21072227499462315 0.9989671500286876 0.0025590587293828734
-0.21051428025223348 1.000140800006099 0.002510048416678916
-0.2101559065109322 0.9968587483940712 0.0025294592317261643
-0.2093332506342449 0.9974268768909041 0.0025648347768498334
-0.20912527859238825 0.9988179222708852 0.0025085700058407076
-0.2087668922786876 1.0009397605047965 0.0025311717040187374
-0.2079442261569966 1.001050304055154 0.0025596556929538407
-0.20773627670062322 0.9993951083587496 0.0025088458832317317
-0.20737787781406647 1.0019274678118242 0.0025295200909297255
-0.20655520179570885 1.0062053327859297 0.002562356791327404
-0.206347275040778 1.0010557897254733 0.0025088537641292136
-0.20598886334808042 1.0018244803612508 0.002532084698125196
-0.20516617743578536 1.003669354442014 0.002562950109455768
-0.20495827338093275 1.0032955913261876 0.002511188465996161
-0.20459984911492635 1.0018853532055239 0.00253232115140319
-0.20377715295853704 0.9961679321764662 0.00255936102090685
-0.20356927172108752 0.9974145992334021 0.00250790151682443
-0.2032108346503052 1.0027368902171383 0.0025329229921321264
-0.20238812859861355 0.998423892158783 0.0025590446061057037
-0.20218026982932247 1.0006154853884746 0.0025100900845577835
-0.2018218204185147 1.002125509042717 0.0025341311114050616
-0.20099910412136524 1.0010797279204882 0.002560349919488427
-0.20079126816947723 1.0035207703178208 0.002509648282705959
-0.20043280595252866 1.0051182181671132 0.002534470064417092
-0.19961007976053224 0.9983490018168731 0.002558374779583693
-0.199402266509632 0.9990705983231707 0.0025102968913752856
-0.19904379171937459 0.9990991420826786 0.0025296642358512227
-0.19822105539969925 0.9991663157201727 0.0025605333970016467
-0.19801326484978676 1.0033798275467436 0.0025105832852219093
-0.1976547774875841 0.9970085108159529 0.0025284759332375095
-0.19683203092245094 0.9978462797368711 0.002557314295371917
-0.19662426318994153 1.000471467240827 0.0025108441224088057
-0.19626576302250753 1.0039550775337984 0.002534376235197536
-0.19544300656161795 0.9999711397164489 0.002559275040335824
-0.1952352615300963 0.9986869635015863 0.0025072741419746463
-0.19487674879026295 1.0004197908668466 0.0025298443112253617
-0.19405398220169445 1.00201030047167 0.0025621798060842136
-0.19384625987115922 1.003381916380385 0.002512173567210319
-0.19348773432473232 0.9983075616795932 0.0025312692353042275
-0.19266495784040671 1.002365520113003 0.0025599640524690977
-0.19245725797848334 1.0032894995354977 0.0025109191803090124
-0.19209872009112283 1.0008728437148005 0.0025319544092179598
-0.19127593336270365 0.9998654963658083 0.002559222196813993
-0.1910682563186381 0.9977875884881243 0.0025080255907137545
-0.1907097056255922 1.0021618226334317 0.002531044352155604
-0.18988690900278016 1.0076346472608626 0.0025639031106452414
-0.18967925465879287 0.9983605430899747 0.002510344427221999
-0.1893206913938017 0.9988072497310884 0.002532766675417121
-0.18849788464285666 0.9973094401394996 0.0025579471844005596
-0.18829025299940305 0.998572134223789 0.0025072065177925615
-0.1879316771611017 0.9991699992859632 0.0025320166314360773
-0.18710886028202367 0.9997720779172775 0.0025609361619340193
-0.18690125134001054 0.9962890391014431 0.0025068169625727882
-0.18654266269557107 1.0016373100537208 0.0025317560726707254
-0.18571983580477536 1.0005016280554955 0.002560630198041731
-0.1855122496801653 1.0008518752867919 0.002509646725797149
-0.18515364846287108 1.0000681194968677 0.002531169907770854
-0.18433081144394237 0.9988122108586844 0.0025586680941767034
-0.18412324802032007 1.0000745517930718 0.002509152858954081
-0.18376463423062517 0.9977899525631916 0.002528214366578824
-0.18294178708356412 1.0016385546306206 0.002561905632313182
-0.1827342463600221 0.9980113652604239 0.00251007122239195
-0.18237561976554995 0.9959623887998641 0.0025303879912890247
-0.18155276272318588 1.0030762032086358 0.002560648653100568
-0.18134524470017688 1.0004025427362235 0.002511118512481921
-0.18098660553284995 0.9992277769340681 0.002531535262785493
-0.18016373836326238 1.0018202683011557 0.002561808237450446
-0.17995624304033164 0.9997028576519038 0.0025084353498490888
-0.17959759130014996 0.9995972079526527 0.0025301948181456237
-0.17877471400197464 1.001236982583018 0.002560974745063161
-0.178567241380031 0.9987456519686166 0.0025096715563871297
-0.17820857706744997 0.9990848109754453 0.0025312061676941197
-0.17738568952472633 1.0001215402042234 0.0025590236325921927
-0.1771782397210939 1.0002233916545118 0.002507254042260676
-0.17681956260282883 0.9950000760456047 0.0025289764973603227
-0.1759966651643481 1.0022703584248822 0.0025609726917222536
-0.17578923806124866 0.99964040512768 0.002508561215668811
-0.17543054837103833 0.9990595059176456 0.002529987055383346
-0.1746076408044246 0.9996440719976507 0.002557670834780583
-0.17440023640140342 0.9999917831044431 0.0025090621323981236
-0.17404153413788293 0.9995149365314163 0.002530193242072257
-0.1732186164435916 0.996611222014729 0.0025576121780104756
-0.1730112347415582 1.0016376398740479 0.0025089907334187624
-0.17265251990472885 0.9998279390382944 0.002530692548203758
-0.1718295920836681 0.998923582466418 0.002559775442993409
-0.1716222330826238 1.0005948467337793 0.0025089332887128814
-0.1712635054401077 0.9951218488179263 0.0025288327367467608
-0.1704405677228351 0.99744481393976 0.002559432594240641
-0.1702332316551538 1.0010355549257333 0.002512005068068445
-0.1698744912078618 0.9943041593914512 0.002527918521155758
-0.16905154336200212 0.995144451407472 0.0025573335738232235
-0.16884422999530857 0.9975963476488233 0.0025080951539652226
-0.1684854769751618 1.0026841984040566 0.0025314336261750376
-0.16766251900071438 1.0033543597938746 0.0025614215783218704
-0.16745522833591875 0.996343929173191 0.002507472759349008
-0.16709646274200773 0.9981518832333707 0.002530303324698849
-0.16627349463942664 1.0033339832895831 0.0025646220125896267
-0.16606622667698434 1.0026610886254328 0.0025102042837578807
-0.16570744851021724 1.0014336510960717 0.0025317289224898567
-0.16488447027950315 1.0014868508806134 0.0025628311575307382
-0.1646772250166837 0.9956818055429362 0.0025056582432501306
-0.16431843404514068 1.0003948335728776 0.0025302051876867036
-0.16349544591867016 1.0017710520134846 0.002559856646046541
-0.16328822335638304 1.000498856405333 0.0025106765236853784
-0.1629294198124407 0.998591627340252 0.0025308359807422994
-0.16210642155783717 0.9972784735116108 0.0025598369713003256
-0.16189922193027928 1.001819235518528 0.0025110716559652345
-0.1615404055788312 1.000154897942118 0.002530441311364666
-0.16071739719700417 0.9974135206542307 0.002558255333737664
-0.1605102202713422 0.9948702951951736 0.002506829343796157
-0.16015139134567713 1.0005541990178057 0.0025300341017735323
-0.15932837283708068 0.9984958043557975 0.0025606282322015246
-0.15912121861104156 1.0003146759403565 0.0025088587005426075
-0.15876237711388663 0.9972190783345221 0.0025292819200043084
-0.1579393484762477 0.997874973375284 0.002558905907507809
-0.15773221695074358 1.0023824240214474 0.0025116615034922805
-0.15737336288164072 0.9988259316830015 0.002530468836016086
-0.1565503241154147 1.0013433097288347 0.0025614157781303974
-0.1563432152918065 1.003350344755288 0.002510749218820732
-0.15598434864939614 1.0036442996975021 0.002533935753539464
-0.15516129987099703 0.9967346740611613 0.00255985596804863
-0.1549542138647919 1.0016557693817527 0.002511164769738688
-0.15459533441669615 1.001512908935456 0.0025325471103463193
-0.15377227551107353 1.0014107306296487 0.0025626544542798335
-0.15356521220403851 1.003484008418039 0.002512340856202276
-0.15320632018399616 1.006071889670714 0.002537182402983215
-0.15238325115024054 1.0014724956421523 0.002560826484325108
-0.15217621054419328 0.9970177578800146 0.002507220867876774
-0.15181730595129617 0.9970603839714648 0.0025298865901772095
-0.15099422679031704 1.0004777882726985 0.0025623241749146426
-0.1507872091171787 0.9993421710250492 0.002511406373104654
-0.15042829171950567 1.0023036017998235 0.0025309949880842116
-0.14960520242948405 1.0034124339275197 0.0025609096941095776
-0.14939820745733345 1.0009880032433005 0.0025103264219078878
-0.14903927748680568 1.0040781170391206 0.002532872506247054
-0.14821617806865106 0.9969920534476714 0.002556282890934336
-0.14800920579748822 1.0022299979408804 0.0025119331727357073
-0.14765026325410568 0.9985759737673854 0.0025299270435521844
-0.14682715370781807 0.9999524560279404 0.0025617931450659646
-0.1466202043713818 1.0025452278735043 0.002511875632910789
-0.1462612490214057 1.0042864931369897 0.0025315346133649975
-0.1454381294643099 1.0017835199227534 0.0025614914812121924
-0.14523120271153656 0.9949124869578068 0.002505579150098885
-0.1448722347896152 1.0021393532236738 0.0025323477675479435
-0.14404910510393165 1.001502928446323 0.0025625788387125875
-0.14384220105169132 1.0000325341259744 0.0025101203811819755
-0.1434832205578247 0.9983596779359512 0.0025289713734972558
-0.1426600807435534 1.002315083565305 0.0025603399491461983
-0.14245319962467673 1.0024062743565114 0.002511201248617563
-0.1420942063246693 0.9985826850150258 0.002531844981180971
-0.14127105638272042 0.9971313459447275 0.00255829277607924
-0.14106419796573963 0.99805389321463 0.0025090592134868416
-0.14070519209151522 0.9968149947585389 0.0025279660335224543
-0.13988203213830275 0.9977065075439561 0.0025606227105571472
-0.13967519653872504 1.0008668986421012 0.0025109087917662746
-0.13931617785972472 1.0052101380197325 0.002532962378134009
-0.138493007777015 1.0022030897190777 0.002561974940152757
-0.1382861948788798 0.9996317320630275 0.002508906326163828
-0.1379271636274788 1.0024997810164877 0.002531074723748349
-0.13710398341618202 0.9998856282840478 0.0025589599395912104
-0.1368971934518652 1.004647081173928 0.0025121264858300437
-0.13653814939523423 1.001655976242477 0.002531802659785131
-0.1357149591722191 1.0024080479705206 0.0025632884459875233
-0.13550819179247542 0.9985564156965002 0.002508589429776453
-0.13514913516253424 1.0002379720086245 0.0025312816210300237
-0.1343259348113861 1.0012528729570116 0.0025629851489510826
-0.1341191901330856 0.9982255118429325 0.002508372805429662
-0.13376012092892475 0.9986025277569995 0.002529552556735602
-0.13293691045055311 0.9981160007550554 0.0025603576734891317
-0.132730188706071 0.9978482859531125 0.002511148775129106
-0.13237110669622476 0.9992496027098018 0.002530329712405543
-0.1315478862065902 0.9978235784234238 0.0025566410139490005
-0.13134118704622577 0.9986995836879878 0.0025111426554608367
-0.1309820926968095 1.0012695541570504 0.0025294372764700433
-0.13015886184621195 1.0020641708971232 0.002563640083421737
-0.12995218561921118 1.0015670930251546 0.002511095561265923
-0.1295930784641095 1.000943095005627 0.0025287920824917454
-0.12876983748628845 1.0035333113039533 0.002562127206485109
-0.1285631841921966 1.000540217281303 0.0025124537285482066
-0.12820406423095543 0.9962197209041307 0.0025285448866479727
-0.12738081324141604 0.9999242965439792 0.002561343139784433
-0.12717418253235135 0.9981503191971882 0.0025099753312069414
-0.12681504999916493 0.9991210767593759 0.002529626310275943
-0.1259917888801283 0.9988687661336392 0.0025599386953031157
-0.12578518110533676 0.9980240348692997 0.0025110411752879906
-0.12542603576646494 0.9993433623852598 0.0025290912937800144
-0.12460276463662012 1.0013433372257243 0.0025602924475682997
-0.12439617944549153 0.9992101194357588 0.002510998497888804
-0.12403702176750508 1.004725683603561 0.002534753260500484
-0.12321374027669663 0.995553888742708 0.002558878666942697
-0.12300717801802151 1.0001333983913752 0.0025112180585211232
-0.12264800753480509 1.0034283665989412 0.0025316668243687878
-0.12182471591586364 0.9929028855283836 0.0025552553899875676
-0.12161817635817627 1.0010571392244907 0.002511703152623425
-0.1212589933021051 0.9962669392431424 0.0025301116346861515
-0.12043569167235546 1.00095939579777 0.0025622448585177512
-0.12022917493161711 1.0025258102302437 0.0025111331551234224
-0.11986997906940511 1.000479953161341 0.002530532781173554
-0.11904666731106772 1.0026823445540471 0.0025595354057104296
-0.11884017350551336 0.9993299791357649 0.002515113545586485
-0.11848096507044525 0.9961707305541623 0.002528938562320888
-0.11765764306665005 1.0022061740904453 0.002561075620362698
-0.1174511718452127 0.999724414464193 0.0025120659859401897
-0.11709195083774526 1.001222870048758 0.0025294643338363092
-0.11626861870627181 0.9956123613981802 0.0025567871780411227
-0.11606217041819811 1.0054655245953972 0.0025138332156716165
-0.11570293660504527 1.000735824117646 0.002528633858193779
-0.11487959446276363 0.9953651089058055 0.002557929130754541
-0.11467316899163894 1.0015660789330012 0.002512392430437659
-0.11431392237234528 1.0006930091214403 0.0025304785082960776
-0.11349057021834597 0.9993653721495049 0.002559018431299075
-0.11328416733270186 1.0020193787147957 0.002511646476332289
-0.11292490837338542 1.0013991769007573 0.0025313798127968197
-0.11210154585751297 0.9993298505680674 0.0025579992804108708
-0.11189516590523184 0.9981243699907784 0.0025100460444035626
-0.11153589414113951 1.0013177220953136 0.0025295586690678943
-0.11071252161264056 1.0030369401049812 0.0025627524987591336
-0.11050616447776453 0.9999584455090953 0.0025120205829469076
-0.11014687990843952 0.9991970840343248 0.002529351985395729
-0.10932349725135282 0.9994618099441899 0.0025593953757487922
-0.10911716281882744 1.0005347960233115 0.0025111399535705237
-0.10875786590811609 0.9985376248905902 0.0025307329877277338
-0.10793447300784464 1.000315566479398 0.002559538640480334
-0.10772816139181285 0.9936197342028918 0.002509130107247396
-0.1073688516763256 1.0001347894408301 0.0025308761191443273
-0.10654544864701165 0.9969856069035344 0.0025579828619859586
-0.10633915996479826 0.9959530010075165 0.0025109160320300567
-0.10597983744317019 0.9988993442147015 0.0025302062496330006
-0.10515642440259398 1.0023048948487125 0.0025596446733233704
-0.10495015853778367 1.0046977239876682 0.0025153434718760835
-0.10459082344330084 0.9991057411466079 0.002529468661967948
-0.10376740015817632 0.9978176741326354 0.0025584793551030904
-0.10356115711167722 1.0020351654552786 0.002514339076485539
-0.10320180921060085 1.0034914985557106 0.0025312477328657255
-0.10237837579825282 1.0010308362532412 0.002559119981306032
-0.10217215545183199 0.9997770517632856 0.0025103084397773523
-0.10181279521027742 0.9961545807510621 0.002527150071274501
-0.10098935155383515 1.0018115977669897 0.0025592416003824107
-0.1007831540248174 0.9980136313593895 0.002513283191816295
-0.10042378097848692 1.0034366100697902 0.0025291035847543057
-0.09960032731032697 1.0024496826059777 0.0025597919123781223
-0.0993941525978028 0.999298087310282 0.0025100154193002555
-0.09903476697861757 0.9985207865111944 0.002528033422252056
-0.0982113030659093 0.9985013654920984 0.002558633218205536
-0.09800515117169906 0.9966321559604524 0.0025105216987322564
-0.09764575274591758 0.9979176299679597 0.002530595725687239
-0.09682227870507631 0.9985881146747019 0.00255912877060589
-0.09661614974377362 0.999213254065982 0.002512498659735097
-0.09625673874604823 1.00427744908101 0.00253185413529066
-0.09543325446065865 1.0040305643630543 0.002560241502456778
-0.09522714831585088 0.9976052354323061 0.0025111998997027966
-0.09486772451425773 0.9980419197269346 0.0025293441854940405
-0.09404423021715047 0.9945990537839285 0.0025556914559798772
-0.0938381466569138 0.9992412447950753 0.0025114440209457706
-0.09347871028155774 1.000215534146784 0.0025317508851741832
-0.09265520585631748 1.0016237018996788 0.002559988259763339
-0.09244914522989921 1.000904350016615 0.002514057515012067
-0.09208969628259789 0.9992464185659387 0.0025308725201043463
-0.0912661816128093 0.998239443754334 0.002559347948328014
-0.09106014380288462 0.9977864232408145 0.002509925975252145
-0.09070068228272854 1.0015744877669643 0.0025300767969580725
-0.08987715736839164 1.0010188945405416 0.0025573790016549737
-0.08967114237587002 1.002902423405753 0.0025131082452740715
-0.08931166805002855 1.0022360465533497 0.0025306038607147315
-0.08848813312397397 1.0007920406941595 0.002557563130565275
-0.08828214094976627 0.9992142717920591 0.0025134319492363753
-0.0879226540501592 1.004158506742524 0.0025326018745345878
-0.0870991088795563 0.998320147787431 0.0025588791667550495
-0.08689313952229626 1.002463706596384 0.0025173054073191654
-0.0865336398183687 0.9971294140533551 0.0025285839397260392
-0.08571008463604812 0.9909618736006802 0.002551451490097907
-0.08550413809482625 0.9994768513741374 0.0025135022902290916
-0.08514462581849935 1.0017611530754917 0.002531950652475925
-0.08432106027612463 0.9976936519124339 0.002556978557397443
-0.0841151366687225 0.9950056601762477 0.002509875363912143
-0.08375561158579936 1.000603488504456 0.002529813299096317
-0.08293203603125221 0.9984230173926824 0.0025583312189980233
-0.08272613524216332 1.0004188496165844 0.0025128111085754
-0.08236659758593001 0.9994051651758746 0.002529414536610501
-0.08154301178592505 1.0023209322713122 0.002559850236721986
-0.08133713381514873 1.0017115276844508 0.0025152788875099875
-0.08097758335413952 1.0010132427163867 0.0025291180826756475
-0.08015398754105263 1.0012251958597815 0.0025566848728996302
-0.07994813238767873 1.001426198762442 0.0025143748680591664
-0.07958856935427017 0.9985076999962694 0.0025268899755174837
-0.07876496329754445 1.0014495457303803 0.0025585300585667463
-0.07855913096157498 1.0031167882615153 0.002515517633723662
-0.07819955535440082 0.9989290540468062 0.0025284154175872794
-0.07737593905403628 1.0028727944212255 0.0025564988784344705
-0.07717012953456039 0.9984901557979061 0.0025101122576024473
-0.07681054112124541 0.9989502916776812 0.0025278236859636208
-0.07598691480916386 1.0036242871548393 0.002557845025663498
-0.0757811281075458 1.0038236806911642 0.0025148412139875988
-0.07542152712092198 0.9981398847211209 0.002528321162012793
-0.07459789056429145 0.9984297089140415 0.0025543427780366245
-0.0743921266805312 0.9994739445976204 0.0025121466027606992
-0.07403251312196213 0.997475030673494 0.002526935999881418
-0.07320886632078327 1.0004775594686586 0.002558410320197074
-0.07300312525442476 1.000654155092924 0.00251258555956361
-0.07264349888971622 0.9985809173274552 0.0025295907916610258
-0.07181984207682035 1.0014806754233005 0.0025583660762631202
-0.07161412406024081 0.9985348711756934 0.0025117093726691607
-0.07125448488984687 1.0018639816559702 0.0025295989466078478
-0.07043081783285743 0.9966889893311548 0.0025535300641679856
-0.07022512263322622 1.0000817361327343 0.0025135259130090095
-0.06986547088952344 0.9992245010708618 0.002530442783224245
-0.06904179358934925 1.0023525787496428 0.0025577247903049087
-0.06883612120621163 1.0001563013806427 0.002513899885560723
-0.06847645689056359 0.9993607560135563 0.0025307195370202706
-0.06765276934447684 0.9965100692267668 0.002556065326310941
-0.06744711977919704 1.0031058125160333 0.0025131160745441587
-0.0670874426578636 1.0030090453919607 0.002530179552129295
-0.06626374510005917 0.9924684200981905 0.0025528354268365607
-0.06605811835218245 1.0052986497569278 0.0025148486842635465
-0.06569842865799425 1.002917105570473 0.002528697826412564
-0.06487472085609625 0.9964670083507117 0.002555996320579633
-0.06466911692471243 0.998457259190042 0.0025135142076878614
-0.0643094146581249 1.000033793007542 0.0025283149388273273
-0.06348569661258807 1.000096708728539 0.0025574538656472127
-0.06328011573052848 1.0019944214423702 0.002512207963809657
-0.06292040065916504 0.999518059805174 0.002529287871243442
-0.0620966723681704 1.0025440743782965 0.0025567739451418598
-0.06189111430396931 0.9981523160075193 0.002512843626190905
-0.06153138642646506 1.0024993454317188 0.0025287199382311443
-0.06070764812375273 0.9977700052719598 0.0025562744931638404
-0.06050211287695472 1.0005311696325176 0.002512859176673984
-0.060142372427505204 0.9984647104569698 0.0025280055928376334
-0.059318623879335064 0.9984996995029904 0.002553462266870314
-0.05911311144994013 1.0027548571922542 0.0025148708427791574
-0.058753358427635856 1.0003755341900005 0.002528786275518637
-0.05792959963582689 0.9997998238927475 0.0025577572024990834
-0.05772411002292554 1.0051417599697083 0.002514197312028327
-0.05736434442776651 0.998875764448665 0.002527391322418369
-0.05654057550782454 0.9941748340429452 0.0025541523916794706
-0.05633510882964974 1.0024722464375644 0.0025149559500506455
-0.05597533042789716 0.9997139083136605 0.002527798189149718
-0.05515155126431637 1.0001998738228997 0.002556268139224515
-0.05494610740263515 0.998714259908111 0.0025104122305982714
-0.05458631619610666 1.002430872487663 0.0025310306058342804
-0.05376252701944395 0.994758802439064 0.0025558032888847652
-0.05355710597562056 1.0005297153436516 0.0025131247334263065
-0.05319730219578189 0.9996882566711606 0.002528925005776345
-0.052373502774571534 0.9999931226719893 0.0025560123321907405
-0.05216810478143661 0.997403798184422 0.0025107532997746735
-0.051808288195912544 1.0014171472684548 0.0025298816838250724
-0.050984478530153865 1.0021404838860353 0.0025570683842949765
-0.05077910335533286 1.000135751278974 0.0025150884036014313
-0.050419274196498616 1.0021000896455 0.0025291656910259924
-0.04959545440215152 0.9999589430806357 0.0025567061135450503
-0.04939010192831827 0.9985816888792398 0.002509891572585822
-0.04903026019753876 1.0039632622831123 0.0025316139715430342
-0.04820643015864334 1.000692546101242 0.0025573609205003112
-0.04800110073413432 1.000711876730756 0.002513082061713464
-0.04764124619721399 0.9970261577246093 0.0025260905516971514
-0.046817405913770926 0.995020826887024 0.0025542062369099785
-0.04661209930711973 1.000655311555273 0.0025128459668682414
-0.04625223219689057 1.0006966816758522 0.002528427342724049
-0.04542838166935326 1.0030175862385113 0.0025570092807158714
-0.04522309788101598 1.0018256916882529 0.0025124374604362527
-0.04486321819702122 0.9981553948232854 0.0025306193704994285
-0.04403935754180566 0.9964377775132863 0.0025558529416227207
-0.04383409668637661 1.0026958403250494 0.002512007762335568
-0.043474204197151874 1.0001703604919276 0.0025289717999521784
-0.04265033329829748 0.9953451435478446 0.0025552579558967927
-0.04244509525936202 1.0026756947220992 0.002513029608880313
-0.04208519019819202 1.0006838405680125 0.0025280216102518986
-0.04126130905387981 0.9975273721762712 0.0025556440757782814
-0.04105609406563349 0.9968612877589432 0.0025094191644792732
-0.04069617619832267 1.0000804730752306 0.0025279319878270816
-0.03987228492678696 0.9937148078806118 0.0025527247400238696
-0.03966709263770806 0.9974340223315511 0.002510092240034176
-0.03930716219845332 0.9980585918013447 0.002527179645616836
-0.03848326068236929 0.9937042638407902 0.002553573139754702
-0.03827809144261327 0.9997452250090442 0.002511871261879329
-0.037918148198583974 0.9983121313086984 0.0025276512487718266
-0.03709423643795162 0.9936876438047365 0.002552852186331215
-0.03688909001650952 0.9981863422775434 0.0025124051991045845
-0.03652913419962412 0.9960865978221405 0.002527451052761459
-0.035705212309949275 0.9937501859523564 0.0025535535688453576
-0.03550008859040577 0.9982010882591528 0.0025114236163881675
-0.03514012019975477 0.9950816664837099 0.0025284736548867293
-0.0343161880664411 0.996095035499764 0.002553672572925796
-0.034111087395766404 0.9966487082434331 0.0025075077714105283
-0.033751106199885424 0.9975510751147767 0.0025268316068972605
-0.03292716382247818 0.9954916564191648 0.002556052840398789
-0.032722086201127036 0.9963186346932502 0.002509992863702903
-0.032362092200016075 0.9976485440733388 0.002527708726055907
-0.03153813969447583 0.9969728781409625 0.0025539157142640285
-0.031333084775023286 0.9974412657934606 0.0025103213212426356
-0.03097307820105622 1.00111235414831 0.002528012039536171
-0.030149115449603414 1.00184258000942 0.002557353453595657
-0.029944083581292066 0.9983168442403765 0.002510882500403982
-0.029584064201186873 0.9980267931868251 0.002527091136171662
-0.02876009132251056 0.9976043419613055 0.002557115810125979
-0.028555082154277475 0.9975119255528181 0.0025103047224800034
-0.02819505020222702 0.9978077055884852 0.0025283751801158457
-0.027371067078092892 0.9937351698539089 0.002554133857221034
-0.027166080959640803 0.9977001633478388 0.0025137692313763034
-0.02680603620190225 0.9982134557096608 0.0025285330086045974
-0.02598204295100004 0.9911332804562648 0.0025512299784571173
-0.02577707953353436 0.9962185220803186 0.002509682677079343
-0.025417022202032902 0.9975424659030978 0.0025271150903688256
-0.02459301870658237 0.9969022956139596 0.0025559478662654507
-0.024388078339350413 0.9936156542767485 0.0025088288909658964
-0.024028008202618974 0.9977124637613517 0.0025283018462852586
-0.023203994577670528 0.9949474830075857 0.002554150723386843
-0.02299907691233582 0.9988608953400698 0.002510605341895669
-0.022638994436489764 0.9993610033399438 0.002530186753872958
-0.02181497033325286 0.9956241258106072 0.00255346383669508
-0.021610075718151874 0.992354010702431 0.002505333767829623
-0.021249980436164995 0.9965587205245082 0.002525311160885357
-0.02042594620570526 0.9966116162018455 0.00255609144380606
-0.020221074524876072 0.9953413618366442 0.0025088204762354943
-0.019860966435841572 0.9995660976536679 0.0025253262764049797
-0.019036921961742337 0.9965298685904938 0.0025560238710911464
-0.018832073097408756 0.9962453202031868 0.0025106846748683895
-0.018471952435972223 1.0006069752417333 0.0025293906176134862
-0.017647897834649484 0.9922138259810994 0.0025534003703890106
-0.017443071902769388 0.9990529907423745 0.002512522502614696
-0.017082938436102875 0.9983516276129946 0.002527058475615586
-0.01625887370619239 0.992890110761016 0.002552531876377229
-0.016054070709493586 0.9967607290717073 0.0025094889640767453
-0.01569392443714302 0.9982724635077992 0.002527006786935807
-0.014869849461319973 0.9978145834352586 0.002556409520976071
-0.014665069283389837 1.0012296088581343 0.002512043715957191
-0.014304910669648894 0.996195931941995 0.00252601203442853
-0.01348082533422712 0.9927958134479907 0.002554186904533693
-0.013276068088750469 1.0006104537053497 0.00251269632366422
-0.012915896669779546 1.0010418698414574 0.0025299991659997845
-0.012091801090718945 0.9952713336672819 0.002558062871023263
-0.0118870668941111 0.9977886430331965 0.0025099014163117014
-0.011526882670365618 0.9959164806387762 0.0025285402153005353
-0.010702776962716598 0.9982440226831544 0.0025532803006992656
-0.010498065699927152 0.9964574770272306 0.002508828794883657
-0.010137868671405764 0.9997059859742046 0.0025281479448261276
-0.00931375283471425 0.9968757348013888 0.002555597806625718
-0.00910906427291256 0.9993765439762039 0.002510118214684921
-0.008748854904367059 0.9957618208775781 0.0025261281516258767
-0.007924728590296581 0.9937228219972329 0.0025541659514268684
-0.007720063078728614 0.9987638259008759 0.0025098307720881024
-0.007359840904497711 1.0016683274671332 0.0025305025102295054
-0.006535704462748981 0.9968895018852916 0.0025572703416918987
-0.0063310618845446665 0.9943866856529145 0.002507409639219794
-0.005970826904628363 0.9971032438219197 0.002524781354777016
-0.005146680335201381 0.9968085780028656 0.0025545854157874455
-0.004942060690360719 1.001177496358099 0.0025129533233192993
-0.004581813138499153 0.9967396684568788 0.0025285860735240616
-0.0037576562081085285 0.9946229035683573 0.0025545482936947745
-0.00355305926425697 0.9991636230290912 0.002511339228522041
-0.0031927991386298043 0.9995061997874599 0.0025285285696723405
-0.002368631963236112 0.9940891395728496 0.0025554730490991912
-0.0021640580700730224 0.9959103031262431 0.002510291826392086
-0.0018037851387604556 0.9981574654401356 0.0025265918431217212
-0.0009796078352337645 0.9969508891426555 0.002555715293657673
-0.0007750568758890747 0.9966907409634489 0.002509170855883736
-0.00041477137172175085 1.0035386971546842 0.0025308203356066866
0.0004094162923138356 0.998322314449714 0.0025561256270081483
0.0006139443182948728 0.9917977155008069 0.002507674487126279
0.0009742426272381029 0.9919677389202484 0.002522565612301
0.0017984404194066883 0.9965278136189711 0.0025562042344166856
0.00200294551247882 1.0005893344734818 0.0025118334886751388
0.0023632566271074512 1.0001598861600827 0.0025319508844067603
0.0031874646638243576 0.9945792405587315 0.0025561114997274276
0.0033919467066627676 0.9980490403229713 0.0025083466175204973
0.0037522703932366614 0.9907110345005938 0.002524990057289307
0.0045764887927362 0.998799853420345 0.00255613982286623
0.004780947899935873 1.0007817499554499 0.0025124833763194862
0.005141284393561431 0.9973510272506805 0.002529956871595024
0.0059655129211932945 0.996250891213513 0.0025554366422299965
0.0061699490941198205 0.9966704032645103 0.0025121514597115204
0.006530298160600136 0.999726852561289 0.0025313076645437143
0.0073545370487408945 1.002736570873157 0.002558832455983104
0.007558950521134412 0.9987264615974869 0.00251153147890617
0.007919312160014064 0.9994498739390206 0.002527820571272674
0.008743561175833747 0.9937390200181188 0.0025533917946388815
0.00894795171531836 1.0020196288491785 0.0025107613086349143
0.009308326159883413 0.9948921134103902 0.0025260157754588976
0.010132585303836095 0.9967579692879963 0.0025560906120610212
0.01033695290904958 0.9985910888385862 0.002509374507870414
0.010697339927831612 0.9933297491596201 0.0025255375559015696
0.011521609430928947 0.9986625960624894 0.0025578570378267285
0.011725954102778107 0.998290757592983 0.002511490357883383
0.01208635392770096 0.9931287881361675 0.0025257594168859787
0.012910633558931295 0.996036847249378 0.0025564888372347373
0.013114955296962055 0.9936923089413942 0.0025084083048206
0.013475367694285591 0.9963726303981415 0.002526556344183899
0.014299657803348964 0.9965398606400886 0.002554879591294678
0.014503956491146002 0.9983214846917859 0.0025085035425296692
0.014864381693699519 0.9957440964621642 0.002526431076490712
0.01568868193135131 0.9979125862457763 0.0025574966867861265
0.015892957684874528 0.9986585472649324 0.002507961434736782
0.016253395459828728 1.0018205239618505 0.002530321283713131
0.017077706058444164 0.9986411605256594 0.002556948501758565
0.01728195887860575 1.001568031447044 0.0025130279787579962
0.017642409460153496 1.0020140492952445 0.0025305075494378017
0.018466730185991764 0.9990168653406868 0.0025578952309557893
0.018670960073697843 1.0030577416280666 0.0025099707506622744
0.019031423227646276 0.9963889607405516 0.002527559075919194
0.01985575431399411 1.000271985609231 0.002560927030777382
0.02005996126878994 0.9957494708151764 0.0025090295354742976
0.02042043722660613 0.9958305680400957 0.002528669412821271
0.021244778442451207 0.9986371533994254 0.002557268268269316
0.02144896246206574 0.9984926273838222 0.002509759506752284
0.02180945099273534 0.9969387429479485 0.002525299487764319
0.02263380256954406 0.9985168863813684 0.0025559177998336195
0.022837963423419042 0.9985408612648894 0.0025099415708804314
0.023198464759774044 0.9972628408259602 0.002528623079653762
0.024022826697546407 0.999099663845948 0.0025566468455201045
0.02422696461760299 1.0002204436584206 0.002510353912395216
0.024587478759643393 0.9931932300920193 0.002524847535880788
0.02541185082463926 0.9994844761451284 0.002557539633512794
0.025615965811786937 0.9934361847585192 0.0025083740407576024
0.025976492526682098 0.9964693960789026 0.0025275087573138635
0.026800874952641607 1.0015437981007491 0.0025586748879898105
0.02700496700506274 0.9999508790159622 0.002509955933982056
0.02736550652564195 0.995634306103131 0.00252626590259184
0.028189898964228632 1.0000469092016229 0.0025588565109134925
0.028393968199699412 0.9953130203344395 0.0025074520098645157
0.028754520292680656 0.9980101826450857 0.002527380921334045
0.02957892309223098 0.9976278715835545 0.0025563063124392276
0.02978296939388336 1.0012217546621158 0.0025116383232642015
0.03014353405971936 0.9957801525600263 0.0025285532273791453
0.030967947219323833 0.9962568876801572 0.0025556687973594602
0.031171970587614582 0.9978052874543853 0.002510103939290813
0.03153254805958871 0.9979610827154244 0.0025271317765745973
0.03235697134687143 0.9973480333324843 0.0025589980368124787
0.03256097178088769 0.995272885584268 0.0025062529864731263
0.03292156182617334 0.9925007592129801 0.0025242937452931305
0.03374599547532853 0.9962554938755659 0.002555667223055899
0.03394997274269641 0.9976960155792036 0.002509489236434333
0.034310575592756624 0.9933340028541683 0.002525095378561195
0.03513501960424037 0.9917955226545739 0.002554477426853181
0.03533897393733578 0.9962486106134668 0.002508036893723679
0.03569958959171648 0.9994838958139519 0.0025294936528067248
0.03652404373224272 0.9958999197428982 0.0025550265292314162
0.03672797513060889 0.9979736186267216 0.0025115621921331342
0.037088603359210603 1.0000413805339377 0.0025285248170084755
0.03791306774292025 1.001297320108498 0.0025595904914772405
0.038116976323881994 0.9980135679432256 0.0025088137916429013
0.0384776171271588 0.9924078181744399 0.0025238291477685153
0.03930209187046785 0.9966814954313583 0.0025575116299742565
0.03950597728569072 0.9943100254599704 0.0025079654236597314
0.03986663112702815 1.0012040513757758 0.002530146314943679
0.04069111599801545 0.9994949456640178 0.002556799281001831
0.04089497848033009 1.002821412453672 0.0025100753520361585
0.041255644893611436 0.9941991616026021 0.002528063555334719
0.042080140126017795 0.994781110364276 0.002555746588379859
0.04228397967360319 1.0012790365628887 0.0025120688230058606
0.04264465866065014 0.9988864306393175 0.0025298450300779434
0.04346916425402014 0.9973853843446248 0.002559172553758874
0.04367298086778714 0.998206967348617 0.0025074663047143027
0.044033672427688846 1.004123567490785 0.0025319851006667467
0.04485818826515242 0.9980615175228975 0.0025566590835149664
0.045061981829140445 0.9993779861725075 0.0025083039182550145
0.045422686427558194 1.0022398939898745 0.0025328783081289283
0.04624721239270002 1.0008269706224509 0.0025564169823732406
0.04645098302377981 1.0044146866399901 0.0025135916068589844
0.046811700193687404 0.9968918750384996 0.002525400485797906
0.047636236519792874 1.0038310744470116 0.0025606179592339746
0.04783998421841918 1.0039572306678686 0.0025114559070968344
0.048200713959816614 0.9971460789742738 0.002527107703350476
0.04902526053183465 1.0040726807863387 0.0025605557682824363
0.049228985179772485 0.9973510189553878 0.002508891234923918
0.04958972772731074 0.9977753456056133 0.00252759597789718
0.05041428466029174 0.9990041322162503 0.002556700740132183
0.05061798637395643 1.0008351492909922 0.002510784233456287
0.05097874149480352 0.9969125363516175 0.0025276134362553714
0.051803308787384594 1.0001254500416854 0.002559216697717612
0.05200698756722954 1.0000887363309607 0.002510370078736186
0.05236775549376337 1.0050301491204094 0.0025311958304419617
0.053192332798062125 1.001780473128829 0.0025601807081745385
0.05339598852858284 0.9995030015459699 0.002509294842497505
0.05375676925989258 0.9935168025135647 0.0025257468902826433
0.05458135692606447 1.001933431041208 0.0025585056215321326
0.05478498972276679 0.997366316456597 0.0025103225326220105
0.05514578302693129 0.9985390969289707 0.0025279622333296624
0.05597038105406682 1.0058616542504677 0.002560670895685331
0.056173990684120094 0.9938155607061034 0.0025043309290805893
0.05653479679396999 1.0029075115946762 0.0025309511362514993
0.057359405065653846 1.001063189108174 0.00255998733123667
0.05756299187739589 1.0038751029196566 0.002512509579336415
0.0579238105610087 1.0038348767940881 0.002531626424782201
0.058748429193201446 1.0058894443238242 0.0025612112140075026
0.05895199307157984 0.9969666740151188 0.0025062285430411156
0.05931282432759333 1.00006841812776 0.002528856155210715
0.060137453204333724 0.9935582011276852 0.002552933236118775
0.060340994032933144 1.0024652607228617 0.0025098622416826403
0.06070183809417661 0.9976813299328324 0.002528685937558826
0.06152647733142658 1.0025911838355186 0.0025614903846842728
0.06172999522711709 1.0002456730836253 0.002510256980481383
0.06209085186121532 1.0001496434050365 0.0025313020946954763
0.06291550134392276 1.000858210336994 0.0025588877797444675
0.06311899618801498 1.001255344064635 0.002511202180500832
0.06347986562825403 1.0014993036012168 0.002528684772860812
0.0643045254728346 1.0039402067909995 0.002561278399755297
0.06450799738219892 1.0002843780800441 0.002509690864733888
0.06486887939529273 1.0023133016432855 0.002530356707332993
0.06569354948396755 0.9987652809774189 0.0025590373217962
0.06589699834400764 1.0013818492932312 0.002510850411361344
0.06625789316233144 0.9962282409268451 0.002526331012681896
0.06708257361151448 1.0020340081047445 0.0025608739274284435
0.06728599953728344 1.001702440882112 0.002509739234480987
0.06764690692937014 0.9986714969903927 0.002526188955496437
0.06847159762219202 0.9973089253683675 0.002556822187960445
0.06867500049818133 0.9965565410513189 0.0025069758280973267
0.06903592069640885 0.998786113556181 0.0025278969956095123
0.06986062175019436 0.9983249668172938 0.002557525157338225
0.07006400145953463 0.9965326846044261 0.0025086643877293238
0.07042493446344755 0.9995579079483989 0.0025268425818909057
0.07124964576178139 0.9968130278448731 0.0025565333980626776
0.071453002654174 1.0009440138534809 0.002510729311549715
0.07181394823003218 0.9983270028617527 0.0025276154589490055
0.07263866988978374 1.002559956129356 0.002560806499308615
0.07284200361461646 0.9973541606712699 0.002506200115320153
0.07320296199661547 0.9974830377333903 0.0025283713596568045
0.07402769390046127 0.9968089800549023 0.0025593087805639526
0.0742310048088004 0.9991447689219727 0.0025076183820135025
0.07459197576365417 1.0066035394580426 0.0025327741541038896
0.07541671791204829 1.003195007504697 0.0025617872913357488
0.07562000577060914 1.0049401131780085 0.0025111399007741145
0.07598098953069288 0.9960522567909159 0.0025289114486788614
0.07680574203914114 1.004342409554017 0.0025638935756890696
0.07700900673241785 0.9948244386875978 0.002505199324813452
0.07737000329773158 0.9949202655347448 0.002524582039985926
0.07819476605072817 1.003010905537806 0.0025593976178153576
0.0783980079266018 0.999762034335931 0.002509608621479922
0.07875901706386079 1.0019814342407598 0.0025326397764532976
0.0795837900623152 0.9983169267453509 0.0025565852791922393
0.07978700888704426 0.9990747132415387 0.002509466557139645
0.08014803082999 0.9971184787809511 0.00252773206149459
0.08097281419031754 0.9998922948897894 0.0025603204837904704
0.081176009848853 0.9996619407081895 0.002510220527309936
0.08153704459748412 1.0026440854267564 0.0025306048867798233
0.08236183820099507 0.9987866267579412 0.0025575986238710034
0.08256501104303694 1.000557551957253 0.002507733786114418
0.0829260583649769 0.995956709089565 0.0025279722539430166
0.08375086221212802 0.9964312686838636 0.002557098110378728
0.08395401200393482 1.0000680404481994 0.002509882202963227
0.08431507213110612 1.0004724607262923 0.002530890231217212
0.08513988634013037 1.0008851051518886 0.002558128514021714
0.08534301296437728 1.00388115475406 0.002511473508833914
0.08570408589769074 1.0015693518297937 0.002531204590652186
0.08652891035217147 1.001325364081255 0.0025620590250705604
0.08673201415901666 1.0021488035431367 0.0025093304321069593
0.08709309943144339 0.9997415601658068 0.002528439839409601
0.087917934362849 1.0062371628151159 0.0025632347821564374
0.08812101512082537 1.0027793884130067 0.002511294402666235
0.08848211319848209 0.9997934260970386 0.002529284403109924
0.08930695837443603 0.9972766945641554 0.002556564233546955
0.08951001608126784 0.9950376268119008 0.0025069910165495058
0.0898711269655208 1.0018839736683665 0.002531894225201297
0.09069598250243838 1.0003299168320727 0.002560609759474635
0.09089901704262114 0.9988921225894506 0.0025085934508001146
0.09126014073210542 0.9997678484120479 0.0025293806793003472
0.0920850065140254 0.9975015794921108 0.0025609437802566887
0.09228801823680509 0.9974596628080408 0.0025075712015172912
0.09264915449868871 1.0022009175328714 0.0025297203252024523
0.09347403052561243 1.0012720341738102 0.0025581263735035636
0.09367701919815839 0.9999717595313369 0.002511138405390021
0.09403816803289677 1.0021257469714842 0.002531739078003157
0.09486305453719945 0.9992879029628573 0.0025603416125282523
0.09506602015860355 0.9976421046610973 0.002505625227517001
0.09542718180084497 1.0001836843576584 0.0025296338582318045
0.09625207854878648 0.997587445909124 0.002561963619888766
0.09645502111995685 1.003581639527726 0.0025105226691549557
0.09681619556788368 1.003060283428116 0.0025307138087546726
0.09764110255946401 1.0033366029678827 0.002562576264613828
0.09784402208131016 1.0034574702913863 0.0025125614118474363
0.0982052093344683 1.0045966700866005 0.0025322422359016264
0.09903012668655686 0.9980570502152125 0.0025601225247042377
0.09923302304266346 0.9960889641644378 0.0025059418368737307
0.09959422286822095 0.9987353618974293 0.0025314748884349763
0.1004191506985993 0.9968868308054589 0.0025573531435685096
0.10062202400310861 1.0036115278625282 0.002509987530374595
0.10098323663525965 0.9993780528367724 0.0025277614421256762
0.10180817471064041 1.001155225020572 0.002560228178205845
0.10201102519729256 1.001089688579039 0.0025090878720491127
0.10237225040229836 1.0020946059826927 0.0025296638500357984
0.10319719872131794 0.9995195557063191 0.002559877045148811
0.10340002615864587 1.0024543868679936 0.0025103753249250504
0.10376126393650642 0.9979742491522109 0.002527130219089682
0.10458622273245088 1.0044807936270026 0.002562081768544479
0.1047890271204519 1.0014540654492696 0.0025103619608500953
0.10515027770263563 0.9985411672653173 0.0025282177008864068
0.1059752467435825 0.9967178206176092 0.002558465993380964
0.10617802808226062 1.000509512063556 0.0025078738440504635
0.10653929146967434 1.0014067283647772 0.002530764721193235
0.10736427075516952 0.9981139212572123 0.002557840075794734
0.10756702904361393 1.0028972800718368 0.0025124873895631668
0.1079283050038824 1.0029715151054452 0.002529138291323666
0.10875329476675655 1.002535126151626 0.002560538224533025
0.10895603000496723 1.0014749121939897 0.0025120324410380676
0.1093173187709211 0.9975345336987802 0.0025271220092068798
0.11014231877788949 0.997522818820751 0.0025585393283477716
0.11034503096541239 0.9979969910778523 0.002506966955580745
0.11070633253705031 0.9977101103979816 0.0025299993915766667
0.1115313427890211 0.9977147776517993 0.0025591065514393206
0.11173403192721842 1.0005729005185893 0.002509781480618375
0.11209534607080429 0.9985059172770635 0.002528861748116731
0.11292036679969863 1.00010117985863 0.0025606103448884113
0.11312303288902714 1.000430270757198 0.002509214728313389
0.113484359837843 0.9994051681391195 0.002526617796070151
0.11430939081174107 1.0004009003663499 0.0025612756917829512
0.1145120338494723 1.002407178783368 0.0025099547971068337
0.11487337337250514 1.0003806165988902 0.0025315229421663094
0.11569841482378218 1.0045787860107447 0.0025641787402139304
0.11590103481037019 0.9991831302667424 0.002511199479681207
0.11626238713863435 1.0021869979211535 0.0025294345866310407
0.11708743883445971 0.9999536778392814 0.002561545114695401
0.11729003577172349 1.0016655529616767 0.002510160029085216
0.11765140067238833 1.0036903915435196 0.002531692866883574
0.11847646284513724 1.0025555383837257 0.0025628475728593477
0.11867903673353221 1.001987509432627 0.0025106784414238195
0.11904041443897162 1.0004404172463028 0.002529949365803935
0.11986548685717968 0.9998156667063031 0.0025592266122208916
0.12006803769397467 0.9992636805344635 0.0025080837577094893
0.12042942820601032 0.9974481178303958 0.0025276375339107235
0.12125451075280547 0.999411364515076 0.002558818657276555
0.12145703865532798 0.9999513847019096 0.0025085531981538104
0.12181844174021839 0.9984728762940367 0.002529019631922287
0.12264353476439249 0.9969268809333801 0.002557665369899204
0.12284603961668128 0.9975088243288023 0.0025069576710742537
0.12320745550725709 1.0016541165107586 0.0025300760778676065
0.12403255877597952 0.9999685418922308 0.0025621531922696865
0.12423504034520394 0.9971200215813691 0.0025087533094580302
0.12459646904146515 1.0021946979897982 0.0025309774308779837
0.12542158278665705 0.9972743227979719 0.0025586621235181494
0.12562404130564642 0.9951023691007069 0.0025098940599707475
0.12598548280895927 1.0024415877904393 0.0025301357408816665
0.12681060679824407 1.0024412857000278 0.0025619025925782
0.12701304226699972 1.0009303627974035 0.0025087171709160345
0.1273744963436214 0.9992952234501176 0.002529174123852629
0.12819963069250628 0.9988658001836113 0.0025594292223439933
0.12840204322835302 1.0005879111222322 0.0025087071637518357
0.12876350987691998 0.9948997462840646 0.002526977719591276
0.12958865470454872 0.9967658795487262 0.0025561526054812375
0.12979104418970633 0.9999307708870251 0.002511004057246042
0.13015252364395868 0.9996456742206085 0.002531143893797659
0.13097767871613575 1.0039028595362733 0.002565353889557521
0.13118004515015147 0.9964193288206109 0.002507144215670901
0.13154153717725725 1.0035174405657954 0.0025299772067949437
0.13236670272726736 0.9997522277713811 0.0025613644394623385
0.1325690458795823 0.9998222204852046 0.002511539191535741
0.13293055094429596 1.0024387222154454 0.002531581112479802
0.13375572662152957 0.9975855190113443 0.002557842149686719
0.13395804684184642 0.9976790351764063 0.0025090978729007084
0.13431956447850402 0.9994690786771145 0.002529168393800532
0.1351447506331166 1.0043968137708854 0.002561135730473161
0.1353470478027443 1.0030018790788344 0.0025089259875143133
0.13570857801271208 0.997235574902285 0.002529530458220735
0.13653377464470362 0.9944927669966164 0.0025561987050589275
0.1367360487636422 1.003560481173156 0.0025090594375211874
0.1370975917788413 0.9979256251384685 0.002528369569484791
0.13792279865629065 0.9996408668139329 0.0025583856285845423
0.13812504949216486 1.003744698029729 0.0025110077471590664
0.13848660531304935 1.0029626566466248 0.0025311822209270686
0.13931182255055286 0.9992407418371839 0.0025598645457414696
0.13951405045351817 1.0022871905888096 0.0025110014634385524
0.13987561908008805 0.9978899775094294 0.0025280482177938374
0.14070084656213988 1.003938129198236 0.0025617049001185103
0.14090305141487147 1.001518151744391 0.0025091388132295602
0.14126463261429612 1.000129441240146 0.0025287077201593673
0.1420898704564021 1.0001919560506594 0.0025596765419678537
0.1422920523753166 1.0027489994402372 0.002509602899361975
0.14265364614759468 0.9999562342989057 0.0025293064734361274
0.14347889446798912 0.9982461006237844 0.002557783135140794
0.14368105310383927 1.0027357397657937 0.0025133837731131934
0.14404265968134866 0.9977924621014881 0.0025268304224307985
0.14486791847957614 0.9999619208030294 0.0025579268313154243
0.14507005406519258 1.0006049315507317 0.0025099138673437306
0.14543167344838737 1.005420327423239 0.0025333167670068863
0.14625694237474784 0.9969266127181705 0.002559881346231717
0.14645905502654588 0.9967414437798799 0.002510238002430019
0.1468206869830495 1.0008629091731007 0.0025286350667495096
0.14764596638542538 0.9997984863261903 0.0025592380160528285
0.1478480557541604 0.9950477355270883 0.00250658877655857
0.14820970051634808 0.9974025939952695 0.0025279563448856682
0.1490349902810525 1.007054171880173 0.0025637114000391283
0.1492370567155137 0.9979816637750152 0.002507585212971387
0.14959871428338678 0.9986760181777385 0.0025296256696903867
0.15042401429263952 1.000236018287957 0.0025583284188958294
0.15062605744403637 0.998307446520173 0.002509183408872792
0.15098772781759484 1.003021225503043 0.0025313893232043415
0.15181303818781122 1.002329187775633 0.0025596883172120956
0.15201505840538967 1.0007815610242181 0.0025092872855832565
0.15237674135225832 0.9967232807166495 0.0025268444190531263
0.15320206219985233 0.9982972378096134 0.00255913120580334
0.15340405936674298 0.9995752053918879 0.002509573094082828
0.15376575488692046 0.9975210587168171 0.002528289847381512
0.15459108609411454 0.9972731231608646 0.0025595599768372082
0.15479306009526564 1.0017348471737306 0.002511298929722658
0.15515476842021902 0.9967859905491497 0.0025266568073218686
0.15598011010524748 1.000797728059033 0.0025570812709995753
0.1561820610557081 0.9971687070862055 0.0025101633945087743
0.15654378218725773 1.0008896788133657 0.0025308168376650137
0.15736913399996377 1.0031638248479264 0.0025599853296369743
0.15757106178423075 1.0008051441513117 0.002509969166977315
0.1579327957214658 1.0012945240505537 0.0025297181870431304
0.1587581580115508 0.9979963945719478 0.002555094740978631
0.15896006274558405 1.0009517600530327 0.0025111967559692944
0.15932180925567385 0.9989884389099282 0.0025280517345779873
0.1601471819067225 0.9981786631536667 0.002556362446002597
0.1603490634741067 0.9998555695457663 0.002509328088776943
0.16071082278897242 0.995772875158746 0.0025261795848196596
0.16153620591830953 0.999416983453901 0.0025582145842200353
0.16173806443546002 0.9920091085451839 0.002505291290316739
0.16209983632318048 1.0004350964180462 0.002531713182604468
0.16292522981257174 0.9950934586824965 0.0025555942566925396
0.16312706516398268 0.9986335432888648 0.0025084502923218765
0.16348884985647905 0.9982834790312944 0.002528035870613222
0.16431425370683395 0.9993078623909958 0.002557847642813694
0.1645160661257914 0.9981493447063119 0.0025079358673369915
0.1648778633906871 1.0005247259827252 0.002528816344743301
0.16570327771887639 1.001726700221846 0.002557733687322583
0.1659050668547695 0.9987705857760731 0.0025091861388968737
0.1662668771577258 0.9988465348760412 0.002529192092013888
0.16709230161450217 0.9999250998866956 0.002556349327628362
0.16729406781521194 0.9998001293140694 0.00250949929532771
0.16765589069193387 0.9990998048046741 0.0025276192882352513
0.16848132550876438 1.0020470593482635 0.002558295677821719
0.1686830685432792 0.9986340989164316 0.0025078577540761926
0.16904490422523244 1.0017635231161632 0.00252924140276519
0.16987034951989732 0.99959000174291 0.002556788863583336
0.17007206927180185 0.997836071754924 0.002507423718952334
0.1704339177594405 1.0040333845863085 0.002531880551701811
0.1712593734146136 1.000784835092206 0.002556818088648084
0.17146107023361057 1.0017269222289096 0.0025105958715951684
0.17182293129364856 0.9964467168795494 0.0025287881541093027
0.17264839730978532 1.0003148952739174 0.0025544898961906972
0.1728500709612224 0.9986937848087191 0.0025080996116004493
0.17321194482785662 1.0055967251977107 0.0025303693248900677
0.17403742120495702 1.0033089101834953 0.0025582930925404303
0.17423907192303112 0.9965606638665927 0.0025076432009028243
0.1746009583611552 0.9953299963616942 0.0025258563368639546
0.17542644521608997 0.9967917594128979 0.0025542013144736345
0.17562807265155378 1.0038247331552421 0.0025102920706943483
0.17598997189536325 1.0002862826607857 0.0025284266661805862
0.17681546911126167 1.0027177723448033 0.0025565075936029506
0.17701707337962103 0.998757042057998 0.002507559482362414
0.1773789854295713 1.001653329104423 0.002531804811612771
0.17820449300688745 1.0006690207500175 0.002557045872578407
0.17840607434006617 0.9987994203185913 0.002509027667266708
0.17876799896377937 0.9998176461751598 0.0025277580643430614
0.17959351690114966 0.9958874406098935 0.002553332733289501
0.17979507506904424 1.0027570650387354 0.0025100508905028167
0.18015701249707794 1.0040640477858715 0.0025291486414255066
0.18098254079677678 1.0029242209836908 0.0025583952993091055
0.1811840757975669 0.9973631751703106 0.0025055203512007376
0.18154602603174008 0.9997421644214801 0.00252935887476917
0.1823715648083638 0.9993342614806066 0.002556790620079277
0.1825730767584648 0.9997613390464214 0.002508637915364487
0.18293503956685897 0.9987742844374241 0.0025269348509854277
0.1837605887030801 0.9983977600474431 0.0025560350479333655
0.18396207748607932 1.000983318612745 0.0025099794853769334
0.18432405310106703 0.99880616670603 0.002526903191174754
0.1851496125973423 0.9975821079685755 0.002557597658554228
0.1853510782150547 0.9992804390715746 0.002509379745986294
0.18571306640198904 0.999178070253922 0.0025261065815596734
0.186538636492514 0.9976476070683015 0.002555563855218843
0.18674007894403277 1.0052486145716373 0.0025111249771686698
0.1871020799352876 1.002178622746357 0.002530011514048931
0.1879276603876857 1.0005051712548436 0.0025564522450883496
0.18812907990447794 0.9976751426124211 0.0025090638259613164
0.18849109346949566 0.9955685593115384 0.0025268420283683962
0.18931668428285742 0.9967121246728278 0.0025567883962158886
0.18951808063208975 1.0035117057453888 0.0025091976663062228
0.18988010700370372 1.0037165531374366 0.002529933093759621
0.19070570817711963 0.9993528921969778 0.002555949538465573
0.19090708136152326 0.9992402348373713 0.002507831401608267
0.19126912053791179 1.0003799576850136 0.002526784621945679
0.19209473207229133 1.0024096850887056 0.002557189815852924
0.19229608209095406 0.999030035537563 0.002508876004010322
0.19265813407121035 0.9984690856492021 0.0025279148538620115
0.19348375596655354 1.0007594433752738 0.0025585440497870836
0.19368508281947672 1.0015999881808901 0.0025090283512836068
0.1940471476054184 1.0042670079351355 0.002530134205372714
0.19487277986218066 0.9982803493134331 0.002555187787365896
0.19507408354799938 0.9960051913806306 0.0025083257044619636
0.19543616090588634 0.9982059152424096 0.002526616487585894
0.19626180375735236 1.0055889685333579 0.0025596836188608507
0.19646308450935268 1.0054658116608193 0.0025116214400289954
0.1968251744400944 1.0058573067971786 0.002531466753986441
0.19765082765206865 1.004218439462324 0.0025581111531974843
0.1978520852369672 1.0019668373538948 0.0025105095293335333
0.19821418797430246 0.9971269004247952 0.0025252389368894046
0.19903985154633086 0.9976143456869134 0.002555148118462699
0.19924108596548987 0.9998770272334631 0.0025085358438058786
0.19960320150851052 1.0016084925738598 0.0025267066925618717
0.20042887544150256 1.0023289444965995 0.002558156422008558
0.20063008669401253 0.998156495705739 0.0025062875842419676
0.20099221504180909 1.0000256205566953 0.0025286097643933605
0.20181789933667427 1.0030600510425813 0.002559971502790292
0.2020190874225352 0.999637373310056 0.0025089112615517993
0.20238122834364192 0.9966431744487543 0.002530305848127536
0.20320692323184597 0.9973589286911939 0.0025540721806976622
0.203408088150147 0.9981238406962282 0.0025082951223910155
0.20377024187784998 0.9997401093494976 0.002527145841344444
0.20459594712610818 0.9996292703739271 0.0025592039893709466
0.20479708887866965 0.9937644931927804 0.0025047447757466502
0.20515925541160263 1.0005034569919034 0.002529547414209141
0.2059849710217353 0.9982125622413491 0.0025576677938564368
0.2061860896071923 1.0072893038956148 0.0025165402044056455
0.2065482689449012 0.9964902264380419 0.0025263769828388427
0.20737399491736108 1.0069932905435541 0.002560053076901748
0.20757509033571497 0.9983071395384263 0.0025092508745303437
0.2079372822462786 1.0023546378464747 0.0025290509562833877
0.2087630188116233 0.9975817979084786 0.0025551560110953575
0.2089640910633268 1.0006995369992377 0.0025115302289913924
0.20932629578048667 0.9959056786767474 0.0025252744804135957
0.21015204259037967 1.0002256423846083 0.0025576359687676116
0.21035309179184947 1.0011012631750824 0.0025100603210497993
0.21071530931560423 1.0023054146499055 0.0025272403149287455
0.21154106648555138 1.002457325070774 0.0025590643699015423
0.21174209252037213 1.0013099285456684 0.0025110798408361137
0.21210432261698164 1.0022234059413964 0.002528096401935619
0.21293009038072308 1.0017885477723179 0.0025575288719602426
0.2131310932488948 1.0069411545270952 0.002513092365757964
0.2134933361502802 0.9970826505291316 0.0025255828331166947
0.2143191142749853 0.9999714927833803 0.0025555493848315606
0.2145200939769647 0.9967663273771451 0.0025072437490532753
0.21488234968494235 1.000796240960961 0.002528084321792646
0.2157081381697029 0.9996962429312217 0.0025578806917621417
0.21590909470548736 0.9997647701468292 0.0025082565890723937
0.21627136298631977 0.997064441916295 0.0025253405167544977
0.2170971619484593 0.9991639072783491 0.0025591110176436025
0.21729809543446277 1.0027854001468721 0.0025091753504628213
0.21766037652007375 1.0014125404519176 0.002528518760172555
0.21848618584408508 0.9984136075890092 0.0025574674848909754
0.21868709616298543 1.0004751129361442 0.002510486817299235
0.21904938982054167 1.001394120764296 0.0025276228851942324
